Net no:						1	1	1	1	1			1	1	1	1	1			1	1	1	1	1				1	1	1	1	1				1	1					
Object no:						131	141	150	151	152			134	144	159	160	161			133	143	156	157	158				132	142	153	154	155				130	140					
Table no:						0	0	0	0	0			0	0	0	0	0			0	0	0	0	0				0	0	0	0	0				0	0					
Code no:						48	48	48	48	48			48	48	136	136	136			48	48	48	48	48				48	48	48	48	48				48	48					
Calculation:						T	/10	/100	/100	/100			T	/10	/100	/100	/100			T	/10	/100	/100	/100				T	/10	/100	/100	/100				T	/10					
Date/time:	Afp. 1776	Bes. 97184			Stald 1	Temp_stald1	Fugt_stald1	DynamicAir_trinlřs_stald1	Spjćld_trinlřs_stald 1	On/off_stald1		Stald 2	Temp_stald2	Fugt_stald2	DynamicAir_trinlřs_stald2	Spjćld_trinlřs_stald2	On/off_stald2		Stald5	Temp_stald5	Fugt_stald5	DynamicAir_trinlřs_stald5	Spjćld_trinlřs_stald5	On/off_stald 5			Stald6	Temp_stald6	Fugt_stald 6	DynamicAir_trinlřs_stald6	Spjćld_trinlřs_stald6	On/off_stald6			UDE	Temp_ude	Fugt_ude					
06-10-2022 00:02:41						18,12	101,1	2,34	9,56	0,			18,08	80,2	2,23	9,85	0,			18,19	0,	2,38	9,24	0,				18,06	87,3	2,34	9,28	0,				12,15	94,					
06-10-2022 00:07:41						18,06	101,1	2,46	9,56	0,			17,90	79,8	2,43	9,84	0,			18,00	0,	2,29	9,23	0,				18,12	86,7	2,14	9,28	0,				12,02	94,					
06-10-2022 00:12:42						18,06	101,1	2,23	9,55	0,			17,58	79,3	2,32	9,86	0,			18,06	0,	2,46	9,23	0,				17,81	86,2	2,25	9,11	0,				12,08	94,					
06-10-2022 00:17:42						18,00	101,1	2,39	9,53	0,			17,83	79,8	2,27	9,85	0,			17,88	0,	2,22	9,23	0,				17,87	86,6	2,07	9,11	0,				12,02	94,					
06-10-2022 00:22:41						18,00	101,1	2,23	9,56	0,			17,58	79,5	2,31	9,85	0,			17,81	0,	2,41	9,24	0,				17,93	87,3	1,96	9,28	0,				11,96	94,					
06-10-2022 00:27:41						18,06	101,1	2,21	9,54	0,			17,90	80,	2,63	9,85	0,			17,88	0,	2,41	9,23	0,				18,56	87,8	2,1	9,28	0,				11,90	93,4					
06-10-2022 00:32:42						18,12	101,1	1,99	9,53	0,			18,15	81,4	2,63	9,84	0,			18,50	0,	2,13	9,24	0,				18,18	87,	1,94	9,28	0,				11,83	93,					
06-10-2022 00:37:41						18,18	101,1	2,22	9,54	0,			18,02	81,2	2,56	9,84	0,			18,88	0,	2,3	9,24	0,				18,93	90,3	2,24	9,28	0,				11,90	93,1					
06-10-2022 00:42:42						18,18	101,1	2,15	9,54	0,			17,83	79,8	2,28	9,85	0,			18,88	0,	2,31	9,22	0,				19,00	90,7	1,97	9,29	0,				11,83	92,8					
06-10-2022 00:47:40						18,00	101,1	2,18	9,54	0,			17,58	80,5	2,29	9,84	0,			18,50	0,	1,98	9,23	0,				18,56	89,9	1,97	9,28	0,				11,90	92,7					
06-10-2022 00:52:41						17,31	101,1	2,27	9,55	0,			17,33	80,1	2,25	9,84	0,			18,13	0,	2,31	9,23	0,				18,12	89,8	1,86	9,29	0,				11,83	92,5					
06-10-2022 00:57:42						18,25	101,1	1,91	9,54	0,			17,58	81,	2,42	9,84	0,			17,94	0,	2,02	9,24	0,				18,00	89,8	2,	9,28	0,				11,96	92,6					
06-10-2022 01:02:41						18,50	101,1	2,07	9,53	0,			17,83	81,8	2,13	9,84	0,			17,63	0,	2,27	9,24	0,				17,68	89,4	2,1	9,28	0,				11,90	92,4					
06-10-2022 01:07:42						18,31	101,1	1,92	9,53	0,			18,08	84,2	2,36	9,85	0,			17,56	0,	2,45	9,23	0,				17,75	89,4	2,1	9,27	0,				11,83	92,1					
06-10-2022 01:12:40						18,00	101,1	1,94	9,53	0,			18,21	86,3	2,17	9,84	0,			17,56	0,	2,12	9,23	0,				17,81	89,4	1,9	9,29	0,				11,90	92,					
06-10-2022 01:17:42						17,56	101,1	2,27	9,53	0,			18,15	84,7	2,19	9,83	0,			17,38	0,	2,17	9,24	0,				17,68	89,8	2,27	8,48	0,				11,83	92,1					
06-10-2022 01:22:42						17,37	101,1	1,92	9,55	0,			17,71	83,6	2,42	9,85	0,			17,19	0,	2,25	8,79	0,				17,68	89,	2,42	8,47	0,				11,77	92,2					
06-10-2022 01:27:42						17,25	101,1	2,11	9,53	0,			17,33	83,4	2,26	9,85	0,			17,06	0,	2,35	8,79	0,				17,25	88,3	2,2	8,29	0,				11,65	92,3					
06-10-2022 01:32:41						17,25	101,1	2,19	9,54	0,			17,15	82,2	2,42	9,84	0,			17,00	0,	2,27	8,79	0,				17,31	88,2	2,28	8,12	0,				11,65	92,4					
06-10-2022 01:37:42						17,12	101,1	2,12	9,54	0,			16,77	82,3	2,38	9,84	0,			16,94	0,	2,37	8,79	0,				17,31	87,8	1,92	7,91	0,				11,71	92,4					
06-10-2022 01:42:42						17,18	101,1	2,25	9,53	0,			16,71	81,8	2,41	9,84	0,			16,94	0,	2,46	8,79	0,				17,50	88,5	1,96	7,92	0,				11,77	92,4					
06-10-2022 01:47:41						17,06	101,1	2,21	9,55	0,			16,58	83,	2,38	9,83	0,			17,00	0,	2,32	8,78	0,				17,37	88,1	2,17	7,92	0,				11,83	92,4					
06-10-2022 01:52:41						17,18	101,1	2,36	9,54	0,			16,58	82,9	2,43	9,83	0,			17,00	0,	2,75	8,79	0,				17,50	88,1	2,15	8,	0,				11,71	92,					
06-10-2022 01:57:40						17,00	101,1	2,17	9,52	0,			16,65	82,2	2,39	9,84	0,			17,06	0,	2,26	9,17	0,				17,31	87,6	2,28	8,09	0,				11,71	91,4					
06-10-2022 02:02:41						17,06	101,1	2,37	9,55	0,			16,52	81,4	2,63	9,84	0,			17,06	0,	2,45	9,17	0,				17,37	87,4	2,48	8,25	0,				11,83	91,2					
06-10-2022 02:07:40						16,93	101,1	2,16	9,53	0,			16,52	81,2	2,58	9,84	0,			16,94	0,	2,22	9,18	0,				17,18	87,	2,26	8,36	0,				11,83	90,8					
06-10-2022 02:12:42						16,75	101,1	2,24	9,53	0,			16,40	81,2	2,3	9,83	0,			17,00	0,	2,2	9,17	0,				17,18	86,6	2,17	8,36	0,				11,90	90,8					
06-10-2022 02:17:41						16,75	101,1	2,11	9,54	0,			16,65	81,5	2,21	9,84	0,			17,06	0,	2,46	9,16	0,				17,56	87,2	2,09	8,49	0,				11,96	90,9					
06-10-2022 02:22:42						16,93	101,1	2,11	9,53	0,			16,77	81,8	2,15	9,84	0,			17,06	0,	2,1	9,18	0,				17,62	87,8	2,11	8,51	0,				11,90	90,8					
06-10-2022 02:27:42						16,87	101,1	2,3	9,54	0,			16,77	81,2	1,84	9,83	0,			17,19	0,	2,25	9,17	0,				17,12	87,	2,15	8,53	0,				11,83	90,8					
06-10-2022 02:32:41						16,93	101,1	2,05	9,55	0,			16,90	80,9	1,87	9,83	0,			17,25	0,	1,96	9,18	0,				17,18	86,9	2,42	8,76	0,				11,83	90,9					
06-10-2022 02:37:41						17,06	101,1	2,07	9,53	0,			16,96	80,8	1,98	9,84	0,			17,38	0,	2,23	9,18	0,				17,18	87,4	2,19	8,77	0,				11,83	91,					
06-10-2022 02:42:40						16,87	101,1	1,99	9,53	0,			16,96	81,4	1,79	9,84	0,			17,19	0,	2,23	9,18	0,				17,37	87,	2,36	8,68	0,				11,77	91,2					
06-10-2022 02:47:42						17,18	101,1	2,19	9,53	0,			16,90	80,6	2,08	9,84	0,			17,25	0,	2,21	9,18	0,				17,06	86,6	2,21	8,67	0,				11,77	90,9					
06-10-2022 02:52:41						17,00	101,1	2,19	9,52	0,			16,90	81,1	2,24	9,83	0,			17,19	0,	2,01	9,18	0,				16,93	86,8	2,12	8,66	0,				11,83	90,7					
06-10-2022 02:57:42						16,81	101,1	2,27	9,53	0,			16,90	80,6	2,	9,84	0,			17,31	0,	2,32	9,17	0,				17,12	86,6	2,46	8,67	0,				11,83	90,4					
06-10-2022 03:02:41						17,12	101,1	2,26	9,54	0,			16,83	80,8	2,41	9,83	0,			17,19	0,	2,32	9,17	0,				17,25	86,6	2,39	8,67	0,				11,83	90,1					
06-10-2022 03:07:41						16,93	101,1	2,15	9,52	0,			16,90	80,6	2,23	9,83	0,			17,19	0,	2,45	9,17	0,				17,31	86,3	2,4	8,33	0,				11,90	90,					
06-10-2022 03:12:42						16,81	101,1	2,21	9,53	0,			16,96	80,7	2,48	9,84	0,			17,19	0,	2,42	9,17	0,				17,25	87,4	2,3	8,32	0,				11,83	89,8					
06-10-2022 03:17:41						16,93	101,1	2,17	9,54	0,			16,90	80,6	2,32	9,84	0,			17,25	0,	2,14	9,17	0,				17,25	87,4	2,02	8,97	0,				11,83	89,4					
06-10-2022 03:22:42						17,31	101,1	2,06	9,53	0,			16,83	79,8	2,41	9,84	0,			17,31	0,	2,36	9,18	0,				17,18	86,7	2,13	8,97	0,				11,90	89,2					
06-10-2022 03:27:41						17,18	101,1	2,14	9,54	0,			16,77	80,5	2,42	9,84	0,			17,06	0,	2,33	9,17	0,				17,00	87,5	1,91	9,28	0,				11,90	89,2					
06-10-2022 03:32:42						17,00	101,1	2,28	9,53	0,			16,83	80,2	2,42	9,84	0,			17,13	0,	2,28	9,17	0,				17,25	87,6	2,07	9,28	0,				11,96	89,4					
06-10-2022 03:37:41						17,12	101,1	2,2	9,55	0,			16,71	79,9	2,28	9,84	0,			17,25	0,	2,4	9,18	0,				17,00	86,6	2,22	8,82	0,				11,90	90,					
06-10-2022 03:42:42						17,06	101,1	2,22	9,54	0,			16,77	79,4	2,5	9,84	0,			17,13	0,	2,58	8,47	0,				16,81	86,6	2,24	8,41	0,				11,40	89,1					
06-10-2022 03:47:40						16,81	101,1	2,19	9,55	0,			16,71	79,4	2,37	9,83	0,			16,88	0,	2,47	8,26	0,				17,12	86,6	2,3	8,21	0,				11,33	88,9					
06-10-2022 03:52:41						16,68	101,1	2,34	9,54	0,			16,58	79,4	2,17	9,84	0,			16,94	0,	2,62	8,79	0,				17,06	86,2	2,17	8,02	0,				11,40	89,4					
06-10-2022 03:57:41						16,87	101,1	2,28	9,52	0,			16,58	79,4	2,1	9,84	0,			16,81	0,	2,54	8,79	0,				17,12	86,2	1,89	8,07	0,				11,33	89,6					
06-10-2022 04:02:40						16,56	101,1	2,27	9,37	0,			16,58	79,3	2,15	9,83	0,			16,75	0,	2,71	8,25	0,				17,12	85,5	2,51	7,86	0,				11,27	89,9					
06-10-2022 04:07:42						16,62	101,1	2,47	9,53	0,			16,58	79,	1,89	9,83	0,			16,75	0,	2,39	8,25	0,				17,06	85,8	1,92	7,76	0,				11,33	90,					
06-10-2022 04:12:41						16,68	101,1	2,39	9,54	0,			16,65	79,3	1,91	9,83	0,			16,88	0,	2,58	8,06	0,				17,18	85,8	2,13	7,77	0,				11,52	90,4					
06-10-2022 04:17:42						16,75	101,1	2,33	9,53	0,			16,65	79,6	1,87	9,84	0,			16,88	0,	2,58	8,06	0,				17,06	85,6	2,03	7,75	0,				11,58	90,4					
06-10-2022 04:22:42						16,81	101,1	2,14	9,53	0,			16,58	79,2	2,07	9,83	0,			16,94	0,	2,01	8,05	0,				17,12	86,	2,09	7,75	0,				11,58	90,4					
06-10-2022 04:27:42						17,06	101,1	2,24	9,53	0,			16,77	80,2	1,95	9,83	0,			17,00	0,	2,65	8,42	0,				17,37	85,8	2,14	8,05	0,				11,65	90,4					
06-10-2022 04:32:41						16,93	101,1	2,21	9,54	0,			16,77	80,1	1,91	9,83	0,			16,88	0,	2,43	8,4	0,				17,18	85,8	2,37	8,08	0,				11,77	90,4					
06-10-2022 04:37:42						17,00	101,1	2,57	9,13	0,			16,65	80,2	2,17	9,84	0,			17,00	0,	2,39	9,23	0,				16,93	85,5	2,08	8,18	0,				11,83	90,4					
06-10-2022 04:42:43						17,06	101,1	2,43	9,26	0,			16,77	79,4	2,25	9,83	0,			16,88	0,	2,53	8,9	0,				16,93	85,8	2,2	8,18	0,				11,96	89,6					
06-10-2022 04:47:40						17,18	101,1	2,22	9,42	0,			16,71	80,3	2,39	9,83	0,			17,06	0,	2,23	9,23	0,				16,68	85,6	2,33	8,42	0,				12,08	89,1					
06-10-2022 04:52:41						17,12	101,1	2,14	9,55	0,			16,77	80,7	2,37	9,84	0,			16,88	0,	2,36	8,9	0,				16,68	86,2	2,05	8,78	0,				11,71	89,2					
06-10-2022 04:57:41						17,00	101,1	2,29	9,53	0,			16,71	79,7	2,13	9,83	0,			16,75	0,	2,6	8,75	0,				16,68	85,5	2,22	8,62	0,				11,15	88,8					
06-10-2022 05:02:42						16,87	101,1	2,52	8,99	0,			16,33	78,6	2,1	9,84	0,			16,81	0,	2,46	8,2	0,				16,68	86,2	2,31	8,64	0,				11,02	89,2					
06-10-2022 05:07:40						16,87	101,1	2,4	9,21	0,			16,46	78,7	2,12	9,83	0,			16,69	0,	2,12	8,19	0,				16,43	85,4	2,38	8,47	0,				11,02	89,6					
06-10-2022 05:12:42						16,56	101,1	2,28	9,53	0,			16,33	79,	1,92	9,84	0,			16,69	0,	2,22	7,91	0,				16,75	85,6	2,36	8,15	0,				11,08	90,4					
06-10-2022 05:17:41						16,62	101,1	2,38	9,54	0,			16,52	79,4	1,62	9,84	0,			16,69	0,	2,14	7,9	0,				16,87	86,5	2,14	8,02	0,				11,15	90,8					
06-10-2022 05:22:42						16,68	101,1	2,36	9,53	0,			16,58	79,	1,93	9,84	0,			16,81	0,	2,34	7,91	0,				16,87	86,3	2,18	7,92	0,				11,21	91,2					
06-10-2022 05:27:42						16,75	101,1	2,69	9,53	0,			16,65	79,4	2,29	9,84	0,			16,94	0,	2,2	7,91	0,				16,56	85,6	2,28	7,69	0,				11,27	90,9					
06-10-2022 05:32:41						16,81	101,1	2,35	9,53	0,			16,65	79,	1,69	9,83	0,			16,94	0,	2,23	8,43	0,				16,93	85,8	1,75	7,63	0,				11,52	90,					
06-10-2022 05:37:41						16,62	101,1	2,31	9,53	0,			16,71	79,8	1,54	9,84	0,			16,88	0,	2,43	8,42	0,				17,06	86,3	1,89	7,62	0,				11,71	89,5					
06-10-2022 05:42:41						16,68	101,1	2,13	9,54	0,			16,77	79,	1,88	9,83	0,			16,81	0,	2,18	8,75	0,				17,06	85,4	2,07	7,78	0,				11,83	89,2					
06-10-2022 05:47:42						17,06	101,1	2,18	9,55	0,			16,77	79,3	2,01	9,83	0,			16,63	0,	2,48	8,76	0,				16,93	85,5	2,	7,9	0,				11,83	89,3					
06-10-2022 05:52:40						16,81	101,1	2,27	9,52	0,			16,77	79,3	2,15	9,84	0,			16,56	0,	2,5	8,75	0,				16,81	85,4	2,06	7,96	0,				11,90	89,2					
06-10-2022 05:57:41						16,75	101,1	2,4	9,52	0,			16,65	79,4	2,36	9,84	0,			16,69	0,	2,51	8,74	0,				17,37	85,8	2,47	8,03	0,				11,77	89,2					
06-10-2022 06:02:41						17,00	101,1	2,23	9,54	0,			16,40	79,1	2,27	9,83	0,			16,69	0,	2,39	8,74	0,				17,00	85,3	2,11	8,15	0,				12,02	88,					
06-10-2022 06:07:42						16,81	101,1	2,26	9,53	0,			16,46	79,4	2,5	9,84	0,			16,69	0,	2,34	8,74	0,				17,00	85,7	2,42	8,03	0,				12,15	86,8					
06-10-2022 06:12:42						16,68	101,1	2,19	9,42	0,			16,58	79,4	2,35	9,83	0,			16,75	0,	2,5	9,22	0,				17,00	85,8	2,3	8,21	0,				12,21	86,					
06-10-2022 06:17:41						16,68	101,1	2,23	9,43	0,			16,71	79,8	2,37	9,84	0,			16,56	0,	2,18	8,89	0,				16,93	85,8	2,41	8,31	0,				12,15	86,3					
06-10-2022 06:22:41						16,81	101,1	2,36	9,23	0,			16,65	80,	2,2	9,84	0,			16,88	0,	2,41	8,53	0,				17,12	85,8	2,42	8,32	0,				12,08	86,8					
06-10-2022 06:27:41						16,68	101,1	2,23	9,54	0,			16,83	79,9	2,37	9,84	0,			16,81	0,	2,45	8,54	0,				16,93	86,3	2,25	8,24	0,				12,02	86,4					
06-10-2022 06:32:42						16,68	101,1	2,28	9,55	0,			16,52	79,3	2,03	9,84	0,			16,75	0,	2,42	8,14	0,				16,81	85,8	2,24	8,14	0,				12,02	86,2					
06-10-2022 06:37:40						16,56	101,1	2,06	9,54	0,			16,52	80,4	2,48	9,84	0,			16,63	0,	2,54	8,14	0,				16,75	85,8	2,21	7,97	0,				12,15	85,2					
06-10-2022 06:42:42						16,68	101,1	2,26	9,53	0,			16,40	78,6	2,04	9,83	0,			16,69	0,	2,23	8,13	0,				16,87	85,	2,13	7,85	0,				12,02	85,6					
06-10-2022 06:47:41						16,75	101,1	2,4	9,54	0,			16,33	79,	1,83	9,84	0,			16,56	0,	2,56	8,14	0,				16,81	85,4	1,99	7,77	0,				12,15	86,					
06-10-2022 06:52:42						16,68	101,1	2,31	9,51	0,			16,46	79,4	1,9	9,83	0,			16,56	0,	2,75	8,83	0,				16,93	85,8	1,97	7,74	0,				12,02	86,4					
06-10-2022 06:57:42						16,75	101,1	2,27	9,54	0,			16,46	79,4	1,89	9,83	0,			16,56	0,	2,44	8,53	0,				17,12	85,6	2,15	7,97	0,				12,08	87,1					
06-10-2022 07:02:41						16,87	101,1	2,36	9,54	0,			16,65	79,8	1,76	9,84	0,			16,50	0,	2,56	8,3	0,				17,25	85,6	2,05	8,29	0,				12,08	87,2					
06-10-2022 07:07:42						17,06	101,1	2,56	9,52	0,			16,83	81,	1,93	9,84	0,			16,75	0,	2,52	8,4	0,				16,87	85,	2,28	8,69	0,				12,08	86,8					
06-10-2022 07:12:41						17,12	101,1	2,34	9,54	0,			17,02	81,3	2,13	9,84	0,			16,75	0,	2,49	8,69	0,				16,62	86,2	1,92	9,07	0,				12,15	86,					
06-10-2022 07:17:43						17,68	101,1	2,31	9,52	0,			17,27	81,1	2,39	9,85	0,			16,81	0,	2,44	8,82	0,				16,68	86,1	2,02	9,27	0,				12,02	85,9					
06-10-2022 07:22:41						17,50	101,1	2,07	9,54	0,			17,52	82,1	2,21	9,84	0,			17,13	0,	2,43	8,87	0,				17,06	86,9	1,96	9,14	0,				12,08	86,					
06-10-2022 07:27:42						17,18	101,1	2,16	9,54	0,			17,65	83,8	2,23	9,84	0,			17,13	0,	2,43	9,22	0,				17,25	86,6	2,22	8,96	0,				12,08	86,					
06-10-2022 07:32:41						16,81	101,1	2,3	9,28	0,			17,40	83,8	1,98	9,84	0,			17,06	0,	2,46	9,22	0,				17,25	86,7	2,25	8,95	0,				12,02	86,					
06-10-2022 07:37:42						16,75	101,1	2,23	9,54	0,			16,77	81,8	2,66	9,84	0,			16,81	0,	2,44	9,22	0,				17,37	88,7	2,	8,94	0,				12,15	86,					
06-10-2022 07:42:41						16,68	101,1	2,23	9,54	0,			16,40	81,4	2,26	9,84	0,			16,81	0,	2,27	8,58	0,				17,31	87,5	2,05	9,29	0,				12,21	86,					
06-10-2022 07:47:40						16,87	101,1	2,36	9,54	0,			16,40	83,4	2,8	9,85	0,			17,00	0,	2,4	8,57	0,				17,06	87,8	2,13	8,97	0,				12,08	86,					
06-10-2022 07:52:42						16,68	101,1	2,17	9,54	0,			16,40	82,6	2,22	9,84	0,			17,00	0,	2,4	9,22	0,				16,75	87,4	2,34	8,87	0,				12,08	86,					
06-10-2022 07:57:42						16,68	101,1	2,43	9,55	0,			16,46	82,7	2,64	9,83	0,			17,44	0,	2,45	9,22	0,				17,43	91,4	2,19	8,76	0,				12,08	86,					
06-10-2022 08:02:42						16,56	101,1	1,84	9,54	0,			16,40	81,6	2,27	9,83	0,			17,56	0,	2,13	9,23	0,				18,00	90,	2,28	9,28	0,				12,08	84,4					
06-10-2022 08:07:40						16,50	101,1	2,43	9,51	0,			16,65	82,5	2,57	9,84	0,			17,50	0,	2,35	8,92	0,				18,00	91,2	1,9	9,28	0,				12,21	84,4					
06-10-2022 08:12:42						16,37	101,1	2,09	9,54	0,			16,33	81,9	2,33	9,84	0,			17,06	0,	2,01	8,91	0,				16,87	89,2	2,14	9,04	0,				12,08	84,8					
06-10-2022 08:17:41						16,43	101,1	2,26	9,54	0,			16,83	81,8	2,58	9,84	0,			16,94	0,	2,67	8,46	0,				16,50	89,	2,03	8,72	0,				12,08	85,2					
06-10-2022 08:22:44						16,87	101,1	2,39	9,54	0,			16,65	81,4	2,65	9,84	0,			16,88	0,	2,33	9,03	0,				17,00	89,	2,13	8,26	0,				12,15	85,3					
06-10-2022 08:27:43						16,56	101,1	2,3	9,53	0,			16,71	81,3	2,62	9,84	0,			16,75	0,	2,19	9,23	0,				16,43	88,6	1,72	7,82	0,				12,21	84,7					
06-10-2022 08:32:40						16,75	101,1	2,66	9,53	0,			16,58	80,7	2,46	9,85	0,			16,63	0,	2,71	9,23	0,				16,87	88,6	1,94	7,69	0,				12,46	83,2					
06-10-2022 08:37:42						16,50	101,1	2,16	9,38	0,			16,71	81,8	2,29	9,84	0,			16,50	0,	2,36	8,9	0,				17,06	89,	1,65	7,34	0,				12,65	82,8					
06-10-2022 08:42:41						16,75	101,1	2,15	9,53	0,			16,83	81,8	2,08	9,84	0,			16,50	0,	2,25	8,69	0,				17,06	88,1	1,83	7,44	0,				12,58	83,3					
06-10-2022 08:47:43						16,68	101,1	2,26	9,53	0,			16,65	80,2	2,15	9,84	0,			16,50	0,	2,6	8,34	0,				17,43	88,2	1,85	7,5	0,				12,52	83,4					
06-10-2022 08:52:41						16,81	101,1	2,67	9,55	0,			16,65	79,8	2,32	9,84	0,			16,50	0,	2,39	8,34	0,				17,12	86,9	1,66	7,58	0,				12,52	83,1					
06-10-2022 08:57:42						16,81	101,1	2,18	9,53	0,			17,02	81,7	2,04	9,84	0,			16,50	0,	2,59	8,34	0,				17,12	87,3	1,77	7,71	0,				12,77	83,2					
06-10-2022 09:02:41						16,81	101,1	2,14	9,54	0,			16,96	80,7	2,4	9,84	0,			16,44	0,	2,63	8,34	0,				17,00	86,6	1,83	7,8	0,				12,77	83,2					
06-10-2022 09:07:42						16,68	101,1	2,46	9,55	0,			17,08	79,6	2,2	9,85	0,			16,50	0,	2,57	8,33	0,				16,93	86,6	2,08	7,96	0,				12,52	84,4					
06-10-2022 09:12:42						16,81	101,1	2,2	9,54	0,			16,96	79,1	2,32	9,84	0,			16,69	0,	2,66	8,81	0,				17,12	86,7	1,79	8,07	0,				12,46	85,2					
06-10-2022 09:17:41						17,00	101,1	2,43	9,4	0,			16,90	79,8	2,23	9,84	0,			16,75	0,	2,67	8,85	0,				16,87	87,3	2,41	8,75	0,				12,52	85,1					
06-10-2022 09:22:41						16,93	101,1	2,11	9,55	0,			16,83	79,6	2,39	9,84	0,			16,69	0,	2,23	9,18	0,				16,75	87,4	2,14	9,28	0,				12,58	84,9					
06-10-2022 09:27:41						17,00	101,1	2,33	9,53	0,			16,83	80,2	2,53	9,84	0,			16,56	0,	2,48	9,19	0,				16,68	86,8	2,24	9,28	0,				12,77	85,2					
06-10-2022 09:32:43						17,00	101,1	2,64	9,52	0,			16,77	79,3	2,66	9,84	0,			16,88	0,	2,59	9,19	0,				16,75	87,2	2,53	8,92	0,				12,65	85,5					
06-10-2022 09:37:41						17,00	101,1	2,36	9,55	0,			16,58	79,	2,38	9,84	0,			17,00	0,	2,14	9,19	0,				17,00	86,8	2,39	8,58	0,				12,52	85,2					
06-10-2022 09:42:42						17,31	101,1	2,29	9,52	0,			16,65	79,	2,46	9,84	0,			17,00	0,	2,38	9,19	0,				16,87	86,6	2,56	8,45	0,				12,65	84,8					
06-10-2022 09:47:42						17,18	101,1	2,11	9,52	0,			16,77	78,7	2,32	9,85	0,			17,06	0,	2,4	9,18	0,				17,18	86,4	2,04	8,09	0,				12,83	84,7					
06-10-2022 09:52:43						17,31	101,1	2,3	9,53	0,			16,90	79,	2,53	9,84	0,			17,25	0,	2,52	9,18	0,				17,18	86,3	2,02	8,14	0,				13,02	84,2					
06-10-2022 09:57:41						17,50	101,1	2,03	9,53	0,			16,96	79,4	2,45	9,83	0,			17,25	0,	2,05	9,17	0,				17,31	85,6	2,18	8,13	0,				12,83	84,4					
06-10-2022 10:02:41						17,62	101,1	2,07	9,54	0,			16,90	78,6	2,42	9,84	0,			17,38	0,	2,44	9,18	0,				17,12	85,9	2,26	8,13	0,				12,90	85,2					
06-10-2022 10:07:42						17,37	101,1	2,26	9,53	0,			16,90	79,3	2,45	9,83	0,			17,44	0,	2,43	9,18	0,				17,31	85,8	2,	8,13	0,				12,83	85,6					
06-10-2022 10:12:41						17,25	101,1	2,39	9,52	0,			17,02	79,	2,22	9,85	0,			17,38	0,	2,48	9,18	0,				17,31	85,9	2,03	8,14	0,				13,08	85,3					
06-10-2022 10:17:42						17,43	101,1	2,33	9,54	0,			17,08	78,7	2,52	9,84	0,			17,38	0,	2,27	9,19	0,				17,62	86,2	2,49	8,57	0,				13,65	84,8					
06-10-2022 10:22:41						17,62	101,1	2,36	9,54	0,			17,21	79,	2,58	9,84	0,			17,38	0,	2,61	9,19	0,				17,68	86,6	2,22	8,84	0,				13,71	83,2					
06-10-2022 10:27:42						17,87	101,1	2,32	9,53	0,			17,21	79,8	2,33	9,84	0,			17,69	0,	2,07	9,19	0,				17,62	86,8	2,2	9,28	0,				14,02	82,9					
06-10-2022 10:32:41						18,06	101,1	2,01	9,54	0,			17,52	80,1	2,39	9,84	0,			17,69	0,	2,3	9,19	0,				17,87	86,6	2,09	9,28	0,				13,83	83,					
06-10-2022 10:37:42						17,93	101,1	2,14	9,54	0,			17,58	79,4	2,8	9,84	0,			17,81	0,	2,37	9,19	0,				17,93	86,2	2,07	9,27	0,				13,40	84,1					
06-10-2022 10:42:42						18,00	101,1	2,32	9,53	0,			17,83	79,4	2,59	9,85	0,			17,75	0,	2,47	9,18	0,				17,75	85,8	1,94	9,27	0,				13,27	84,4					
06-10-2022 10:47:41						17,87	101,1	2,3	9,52	0,			17,77	78,3	2,54	9,84	0,			17,81	0,	2,2	9,18	0,				17,68	85,5	1,87	9,05	0,				13,52	84,8					
06-10-2022 10:52:41						17,87	101,1	2,19	9,54	0,			17,71	80,1	2,36	9,85	0,			17,69	0,	2,25	9,18	0,				18,00	86,2	2,06	9,27	0,				13,71	84,4					
06-10-2022 10:57:42						18,06	101,1	2,36	9,55	0,			17,90	79,6	2,4	9,84	0,			17,75	0,	2,11	9,19	0,				17,93	85,8	2,01	9,29	0,				14,02	83,3					
06-10-2022 11:02:42						18,12	101,1	2,4	9,55	0,			18,33	79,4	2,43	9,84	0,			17,94	0,	2,24	9,18	0,				18,18	85,8	2,23	9,28	0,				14,02	82,8					
06-10-2022 11:07:40						18,25	101,1	2,3	9,55	0,			18,40	79,3	2,95	9,85	0,			18,13	0,	2,72	9,19	0,				18,25	86,2	2,17	9,27	0,				13,90	83,3					
06-10-2022 11:12:42						17,93	101,1	2,22	9,53	0,			17,96	77,9	2,58	9,84	0,			18,19	0,	2,25	9,18	0,				18,12	85,5	2,06	9,28	0,				14,08	82,					
06-10-2022 11:17:41						18,06	101,1	2,22	9,55	0,			17,90	77,5	2,5	9,83	0,			18,13	0,	2,67	9,18	0,				18,06	86,2	2,28	9,28	0,				14,27	80,6					
06-10-2022 11:22:42						18,06	101,1	2,13	9,55	0,			18,21	79,	2,46	9,84	0,			18,38	0,	2,14	9,18	0,				18,25	86,1	1,96	9,27	0,				14,58	80,					
06-10-2022 11:27:42						18,37	101,1	2,29	9,54	0,			18,08	78,6	2,58	9,85	0,			18,31	0,	2,27	9,18	0,				18,75	86,8	2,32	9,27	0,				14,58	80,					
06-10-2022 11:32:41						18,12	101,1	2,48	9,55	0,			17,77	78,	2,79	9,84	0,			18,44	0,	2,61	9,2	0,				18,93	86,5	2,19	9,29	0,				14,46	79,					
06-10-2022 11:37:42						18,12	101,1	2,14	9,54	0,			17,65	78,2	2,5	9,85	0,			18,56	0,	2,35	9,19	0,				18,75	85,7	2,03	9,28	0,				14,58	79,3					
06-10-2022 11:42:40						18,56	101,1	2,29	9,54	0,			17,77	78,1	2,59	9,85	0,			18,44	0,	2,27	9,2	0,				18,75	85,8	2,25	9,28	0,				14,58	79,2					
06-10-2022 11:47:42						18,25	101,1	2,25	9,54	0,			17,96	79,1	2,48	9,84	0,			18,63	0,	2,44	9,19	0,				19,00	85,2	1,97	9,28	0,				14,15	79,6					
06-10-2022 11:52:40						18,25	101,1	2,13	9,58	0,			17,77	77,8	2,79	9,84	0,			18,69	0,	2,57	9,19	0,				18,75	85,4	2,22	9,28	0,				14,15	81,2					
06-10-2022 11:57:42						18,25	101,1	2,24	9,55	0,			18,02	78,2	2,47	9,84	0,			18,56	0,	2,3	9,19	0,				18,81	86,	2,2	9,28	0,				14,27	80,8					
06-10-2022 12:02:42						18,37	101,1	2,33	9,54	0,			18,08	79,	2,7	9,85	0,			18,75	0,	2,56	9,19	0,				18,87	86,4	2,11	9,28	0,				14,65	80,5					
06-10-2022 12:07:42						18,75	101,1	2,38	9,54	0,			18,65	79,9	2,23	9,84	0,			18,88	0,	2,15	9,2	0,				19,25	86,4	2,23	9,28	0,				15,21	79,2					
06-10-2022 12:12:42						18,62	101,1	2,93	9,52	0,			18,77	78,6	2,79	9,84	0,			18,94	0,	2,89	9,18	0,				19,06	86,1	2,21	9,28	0,				15,33	76,4					
06-10-2022 12:17:41						18,50	101,1	2,28	9,54	0,			18,27	77,	2,5	9,85	0,			18,81	0,	1,94	9,19	0,				19,00	85,1	2,27	9,28	0,				15,21	74,5					
06-10-2022 12:22:42						18,68	101,1	2,18	9,54	0,			18,52	77,	2,3	9,84	0,			18,81	0,	2,5	9,19	0,				19,31	86,2	2,18	9,29	0,				15,33	74,					
06-10-2022 12:27:41						18,81	101,1	2,35	9,55	0,			18,83	78,2	2,53	9,84	0,			18,94	0,	2,08	9,19	0,				19,37	85,9	2,03	9,28	0,				15,33	75,6					
06-10-2022 12:32:42						19,18	101,1	2,4	9,54	0,			19,02	78,1	2,25	9,85	0,			18,94	0,	2,45	9,18	0,				19,43	86,	2,11	9,28	0,				15,15	74,8					
06-10-2022 12:37:40						19,00	101,1	2,01	9,55	0,			18,83	77,6	2,43	9,85	0,			19,31	0,	2,32	9,18	0,				19,12	85,	1,85	9,27	0,				14,77	74,8					
06-10-2022 12:42:42						18,68	101,1	2,39	9,52	0,			18,90	77,3	2,76	9,85	0,			19,56	0,	2,04	9,19	0,				19,81	87,8	2,15	9,28	0,				14,77	74,6					
06-10-2022 12:47:41						18,87	101,1	2,64	9,53	0,			18,83	76,3	2,59	9,85	0,			19,56	0,	2,26	9,2	0,				19,81	87,4	2,21	9,29	0,				15,15	75,					
06-10-2022 12:52:42						19,31	101,1	2,13	9,56	0,			18,83	76,6	2,55	9,85	0,			19,38	0,	2,23	9,2	0,				19,75	86,9	2,21	9,29	0,				15,40	76,					
06-10-2022 12:57:42						19,00	101,1	2,02	9,56	0,			18,96	76,9	2,35	9,84	0,			19,31	0,	2,29	9,2	0,				19,25	86,1	2,07	9,27	0,				15,58	75,4					
06-10-2022 13:02:41						19,43	101,1	2,19	9,53	0,			19,33	77,8	2,44	9,85	0,			19,19	0,	2,66	9,19	0,				19,62	86,8	2,12	9,28	0,				15,83	74,5					
06-10-2022 13:07:43						19,62	101,1	2,19	9,54	0,			19,65	77,4	2,49	9,84	0,			19,25	0,	2,41	9,2	0,				19,37	85,1	1,99	9,29	0,				15,27	73,7					
06-10-2022 13:12:41						19,25	101,1	1,76	9,54	0,			19,58	78,6	2,28	9,85	0,			19,31	0,	2,53	9,2	0,				19,25	84,2	2,07	9,29	0,				14,96	73,9					
06-10-2022 13:17:42						18,81	101,1	2,34	9,55	0,			19,52	79,	2,24	9,85	0,			19,19	0,	2,58	9,2	0,				19,31	84,7	2,5	9,29	0,				15,27	73,5					
06-10-2022 13:22:41						18,87	101,1	2,17	9,54	0,			19,27	78,	2,19	9,84	0,			19,00	0,	2,21	9,2	0,				18,93	83,4	2,31	9,29	0,				15,58	73,9					
06-10-2022 13:27:42						18,68	101,1	2,12	9,56	0,			19,15	77,4	2,48	9,84	0,			19,00	0,	2,33	9,19	0,				18,81	83,1	2,08	9,27	0,				15,40	74,1					
06-10-2022 13:32:41						18,81	101,1	2,39	9,57	0,			19,21	77,	2,61	9,85	0,			19,13	0,	2,25	9,2	0,				18,87	83,2	1,97	9,3	0,				15,15	74,1					
06-10-2022 13:37:42						18,81	101,1	2,17	9,55	0,			19,15	75,8	2,4	9,84	0,			19,31	0,	2,09	9,2	0,				19,18	83,4	2,4	9,28	0,				14,83	74,5					
06-10-2022 13:42:42						18,75	101,1	2,36	9,56	0,			18,90	75,	2,77	9,84	0,			19,38	0,	2,16	9,19	0,				19,12	82,7	2,	9,28	0,				14,90	74,5					
06-10-2022 13:47:41						18,87	101,1	2,43	9,53	0,			18,71	74,6	2,61	9,85	0,			19,31	0,	2,52	9,19	0,				19,06	82,3	2,21	9,28	0,				15,15	74,7					
06-10-2022 13:52:42						18,93	101,1	2,28	9,54	0,			18,77	74,2	2,48	9,85	0,			19,38	0,	2,15	9,19	0,				19,06	81,7	2,14	9,28	0,				14,90	74,8					
06-10-2022 13:57:41						18,75	101,1	2,96	9,54	0,			18,58	74,2	2,49	9,85	0,			19,13	0,	2,72	9,19	0,				18,87	81,9	2,32	9,29	0,				14,90	74,5					
06-10-2022 14:02:42						18,93	101,1	2,17	9,55	0,			18,71	74,2	2,32	9,85	0,			19,06	0,	2,44	9,2	0,				18,87	81,6	1,87	9,28	0,				14,90	75,4					
06-10-2022 14:07:40						18,93	101,1	2,65	9,51	0,			18,90	75,	2,95	9,84	0,			19,00	0,	2,59	9,21	0,				19,12	82,3	2,21	9,3	0,				14,83	76,2					
06-10-2022 14:12:42						19,00	101,1	2,29	9,57	0,			19,21	75,	2,45	9,85	0,			19,25	0,	2,46	9,21	0,				19,56	82,5	2,04	9,29	0,				14,77	76,8					
06-10-2022 14:17:41						18,75	101,1	2,27	9,53	0,			19,08	73,8	2,68	9,85	0,			19,44	0,	2,23	9,2	0,				19,12	81,6	2,	9,29	0,				14,71	76,8					
06-10-2022 14:22:42						18,93	101,1	2,51	9,53	0,			19,02	74,2	2,33	9,85	0,			19,19	0,	2,59	9,2	0,				19,18	81,5	2,06	9,29	0,				14,58	78,					
06-10-2022 14:27:42						19,00	101,1	2,21	9,54	0,			18,77	72,7	2,45	9,86	0,			19,13	0,	2,48	9,19	0,				19,25	81,8	2,01	9,29	0,				14,33	78,8					
06-10-2022 14:32:41						19,00	101,1	2,39	9,56	0,			18,77	72,6	2,63	9,85	0,			19,25	0,	2,31	9,21	0,				19,06	81,5	2,13	9,29	0,				14,40	79,6					
06-10-2022 14:37:42						19,06	101,1	2,39	9,55	0,			18,71	73,	2,31	9,84	0,			19,19	0,	2,33	9,2	0,				19,43	82,3	2,18	9,29	0,				14,40	80,					
06-10-2022 14:42:41						19,25	101,1	2,55	9,52	0,			18,71	73,4	2,38	9,85	0,			19,25	0,	2,41	9,21	0,				19,31	80,4	2,16	9,29	0,				14,33	80,1					
06-10-2022 14:47:41						19,18	101,1	2,22	9,54	0,			18,65	74,3	2,63	9,85	0,			19,44	0,	2,26	9,19	0,				19,06	81,1	2,3	9,28	0,				14,27	80,4					
06-10-2022 14:52:40						19,18	101,1	2,17	9,54	0,			19,02	74,1	2,53	9,85	0,			19,44	0,	2,36	9,2	0,				18,93	81,4	2,14	9,28	0,				14,21	81,2					
06-10-2022 14:57:42						19,18	101,1	2,34	9,55	0,			18,77	73,4	2,67	9,86	0,			19,31	0,	2,49	9,2	0,				19,25	82,1	1,99	9,28	0,				13,96	82,8					
06-10-2022 15:02:41						19,62	101,1	2,44	9,56	0,			18,83	74,3	2,53	9,84	0,			19,13	0,	2,78	9,19	0,				19,43	81,9	2,11	9,28	0,				13,77	84,3					
06-10-2022 15:07:42						19,75	101,1	2,1	9,55	0,			19,21	75,7	2,47	9,85	0,			19,19	0,	2,31	9,19	0,				19,37	82,8	2,19	9,31	0,				13,65	85,9					
06-10-2022 15:12:41						19,50	101,1	2,38	9,55	0,			18,90	74,2	2,43	9,86	0,			19,50	0,	2,58	9,19	0,				19,62	83,	2,2	9,28	0,				13,65	85,2					
06-10-2022 15:17:40						19,25	101,1	2,16	9,55	0,			19,02	74,7	2,63	9,85	0,			19,38	0,	2,51	9,19	0,				19,62	83,	2,18	9,28	0,				13,71	85,2					
06-10-2022 15:22:41						19,56	101,1	2,26	9,55	0,			19,02	74,2	2,53	9,85	0,			19,19	0,	2,5	9,2	0,				19,75	82,7	2,03	9,29	0,				13,96	84,4					
06-10-2022 15:27:41						19,68	101,1	2,43	9,55	0,			19,15	75,9	2,49	9,85	0,			19,25	0,	2,35	9,21	0,				19,43	82,7	2,26	9,29	0,				14,27	83,6					
06-10-2022 15:32:41						19,81	101,1	2,37	9,54	0,			19,21	75,7	2,54	9,85	0,			19,31	0,	2,22	9,2	0,				19,56	83,9	2,03	9,29	0,				14,27	83,					
06-10-2022 15:37:41						19,56	101,1	2,27	9,55	0,			19,21	76,5	2,61	9,86	0,			19,25	0,	2,51	9,2	0,				19,25	83,9	2,02	9,29	0,				14,15	83,2					
06-10-2022 15:42:44						19,75	101,1	2,44	9,52	0,			19,15	76,3	2,15	9,85	0,			19,25	0,	2,12	9,2	0,				19,31	83,7	2,17	9,28	0,				14,15	83,2					
06-10-2022 15:47:40						19,62	101,1	2,39	9,56	0,			19,02	76,1	2,73	9,85	0,			19,31	0,	2,03	9,2	0,				19,25	83,3	2,24	9,29	0,				14,21	81,6					
06-10-2022 15:52:42						19,43	101,1	2,34	9,54	0,			19,15	76,2	2,6	9,85	0,			19,19	0,	2,42	9,21	0,				19,37	83,1	2,24	9,28	0,				14,27	81,6					
06-10-2022 15:57:42						19,12	101,1	2,4	9,55	0,			19,08	76,2	2,44	9,86	0,			19,00	0,	2,7	9,19	0,				19,25	82,9	2,38	9,3	0,				14,27	81,9					
06-10-2022 16:02:41						19,50	101,1	2,41	9,55	0,			19,27	77,	2,77	9,85	0,			19,06	0,	2,61	9,2	0,				19,18	83,6	2,21	9,28	0,				14,40	82,1					
06-10-2022 16:07:43						19,25	101,1	2,1	9,55	0,			19,40	77,8	2,57	9,85	0,			19,06	0,	2,23	9,2	0,				18,93	83,3	2,	9,29	0,				14,33	81,6					
06-10-2022 16:12:41						19,31	101,1	2,34	9,55	0,			18,96	75,8	2,52	9,84	0,			18,88	0,	2,58	9,2	0,				19,31	84,7	2,24	9,29	0,				14,27	82,1					
06-10-2022 16:17:42						19,31	101,1	2,45	9,54	0,			19,02	77,4	2,66	9,84	0,			18,94	0,	2,65	9,19	0,				19,00	83,	2,33	9,29	0,				14,15	83,6					
06-10-2022 16:22:41						19,12	101,1	2,3	9,56	0,			19,46	78,6	2,39	9,85	0,			18,94	0,	2,42	9,19	0,				19,06	84,2	2,12	9,3	0,				14,27	83,6					
06-10-2022 16:27:44						19,62	101,1	1,92	9,54	0,			19,71	78,6	2,82	9,85	0,			19,19	0,	2,17	9,2	0,				19,12	83,8	2,28	9,28	0,				14,40	83,					
06-10-2022 16:32:40						19,68	101,1	2,23	9,56	0,			19,52	79,3	2,38	9,85	0,			19,25	0,	2,11	9,19	0,				18,93	84,6	2,09	9,29	0,				14,65	82,4					
06-10-2022 16:37:42						19,43	101,1	2,27	9,54	0,			19,33	77,4	2,26	9,86	0,			19,31	0,	2,16	9,2	0,				19,25	84,2	2,16	9,28	0,				14,65	81,6					
06-10-2022 16:42:41						19,81	101,1	2,27	9,55	0,			18,96	77,	2,44	9,84	0,			19,31	0,	2,1	9,2	0,				19,25	83,8	2,07	9,27	0,				14,65	81,8					
06-10-2022 16:47:41						19,25	101,1	2,08	9,54	0,			19,08	77,	2,55	9,85	0,			19,25	0,	2,22	9,19	0,				19,06	84,2	1,78	9,29	0,				14,71	81,8					
06-10-2022 16:52:42						19,31	101,1	2,14	9,54	0,			19,08	77,8	2,29	9,84	0,			19,25	0,	2,3	9,2	0,				19,06	83,7	1,78	9,29	0,				14,46	81,3					
06-10-2022 16:57:41						19,25	101,1	2,32	9,56	0,			19,02	76,6	2,63	9,86	0,			19,25	0,	2,07	9,2	0,				19,00	83,6	1,67	9,28	0,				14,21	82,					
06-10-2022 17:02:42						19,00	101,1	2,41	9,54	0,			18,96	76,7	2,59	9,85	0,			19,00	0,	2,44	9,19	0,				18,87	83,9	2,23	9,29	0,				14,27	82,5					
06-10-2022 17:07:41						18,87	101,1	2,13	9,55	0,			19,02	77,	2,66	9,85	0,			19,00	0,	2,35	9,2	0,				19,25	84,8	2,02	9,29	0,				14,27	83,2					
06-10-2022 17:12:42						18,87	101,1	1,97	9,54	0,			19,08	77,4	2,07	9,84	0,			19,06	0,	2,16	9,19	0,				19,12	84,6	2,26	9,28	0,				14,46	83,6					
06-10-2022 17:17:41						19,00	101,1	2,16	9,54	0,			18,83	76,7	2,64	9,85	0,			19,25	0,	2,44	9,21	0,				19,31	85,2	2,22	9,28	0,				14,77	82,4					
06-10-2022 17:22:42						19,56	101,1	2,63	9,55	0,			19,58	79,8	2,66	9,85	0,			19,38	0,	2,37	9,2	0,				19,12	84,6	2,18	9,29	0,				14,58	80,8					
06-10-2022 17:27:43						19,06	101,1	2,22	9,55	0,			19,15	77,4	2,74	9,85	0,			19,25	0,	2,22	9,2	0,				19,31	85,	2,11	9,29	0,				14,40	81,8					
06-10-2022 17:32:41						18,93	101,1	2,09	9,55	0,			19,40	77,4	2,34	9,85	0,			19,00	0,	2,49	9,2	0,				19,18	84,1	2,07	9,28	0,				14,40	82,4					
06-10-2022 17:37:42						18,93	101,1	2,42	9,56	0,			19,27	77,8	2,27	9,86	0,			19,06	0,	2,11	9,2	0,				19,25	85,8	2,	9,29	0,				14,27	82,8					
06-10-2022 17:42:41						19,12	101,1	1,87	9,54	0,			19,08	77,4	2,6	9,85	0,			19,00	0,	2,47	9,2	0,				18,93	84,1	1,95	9,29	0,				14,08	83,4					
06-10-2022 17:47:41						19,12	101,1	2,25	9,54	0,			19,08	77,	2,44	9,85	0,			18,88	0,	2,56	9,2	0,				19,25	85,5	2,06	9,29	0,				14,08	83,9					
06-10-2022 17:52:41						19,00	101,1	2,51	9,53	0,			18,90	77,2	2,44	9,85	0,			18,81	0,	2,48	9,2	0,				19,37	84,6	2,19	9,28	0,				14,21	84,					
06-10-2022 17:57:42						19,06	101,1	2,35	9,54	0,			18,83	76,6	2,54	9,85	0,			19,00	0,	2,5	9,19	0,				19,06	85,	2,16	9,28	0,				14,21	83,6					
06-10-2022 18:02:41						18,93	101,1	2,18	9,51	0,			19,15	77,8	2,27	9,85	0,			18,94	0,	2,4	9,19	0,				19,25	85,	2,08	9,31	0,				14,08	83,6					
06-10-2022 18:07:42						19,12	101,1	2,34	9,55	0,			19,40	78,9	2,48	9,84	0,			18,94	0,	2,57	9,2	0,				19,25	84,3	2,03	9,29	0,				14,02	84,					
06-10-2022 18:12:42						19,37	101,1	2,62	9,55	0,			19,02	77,4	2,76	9,85	0,			18,81	0,	2,51	9,21	0,				19,68	88,	2,08	9,27	0,				14,08	84,3					
06-10-2022 18:17:41						19,68	101,1	2,42	8,3	0,			19,21	79,1	2,51	9,85	0,			18,94	0,	2,37	9,2	0,				19,50	86,2	2,23	9,3	0,				14,02	84,4					
06-10-2022 18:22:42						19,37	101,1	2,49	9,56	0,			19,40	79,4	2,42	9,85	0,			18,88	0,	2,55	9,19	0,				19,50	86,6	2,24	9,29	0,				13,96	84,4					
06-10-2022 18:27:41						18,93	101,1	2,18	9,56	0,			19,27	80,4	2,38	9,85	0,			19,00	0,	2,67	9,2	0,				19,93	88,9	2,16	9,28	0,				13,96	84,5					
06-10-2022 18:32:41						18,81	101,1	2,57	9,53	0,			19,27	81,7	2,37	9,85	0,			19,13	0,	2,63	9,19	0,				19,75	87,4	2,05	9,28	0,				13,90	84,6					
06-10-2022 18:37:40						18,87	101,1	2,47	9,53	0,			19,21	81,2	2,36	9,85	0,			19,31	0,	2,57	9,19	0,				19,12	85,5	2,18	9,29	0,				13,77	84,4					
06-10-2022 18:42:42						19,00	101,1	2,2	9,54	0,			18,58	77,4	2,28	9,85	0,			19,25	0,	2,35	9,19	0,				18,75	85,	1,91	9,3	0,				13,90	84,2					
06-10-2022 18:47:40						18,81	101,1	2,27	9,53	0,			18,27	77,4	2,39	9,85	0,			18,81	0,	2,58	9,19	0,				18,68	85,	2,1	9,3	0,				13,77	84,1					
06-10-2022 18:52:42						18,62	101,1	2,36	9,55	0,			18,21	78,1	2,51	9,84	0,			19,19	0,	2,6	9,2	0,				19,25	87,	2,15	9,3	0,				13,83	84,4					
06-10-2022 18:57:42						18,43	101,1	2,54	9,54	0,			18,21	77,8	2,68	9,85	0,			19,25	0,	2,09	9,2	0,				19,68	87,8	2,21	9,27	0,				13,58	84,8					
06-10-2022 19:02:41						18,56	101,1	2,12	9,52	0,			18,21	77,8	2,48	9,85	0,			19,31	0,	2,25	9,2	0,				19,37	88,2	2,17	9,28	0,				13,71	84,7					
06-10-2022 19:07:41						18,25	101,1	2,16	9,53	0,			18,27	78,6	2,28	9,84	0,			18,88	0,	2,2	9,2	0,				19,25	88,6	2,29	9,29	0,				13,65	84,8					
06-10-2022 19:12:40						18,25	101,1	2,41	9,54	0,			18,08	77,	2,42	9,84	0,			18,69	0,	2,15	9,19	0,				18,87	87,	2,08	9,28	0,				13,58	85,1					
06-10-2022 19:17:42						17,93	101,1	2,2	9,54	0,			17,96	77,	2,59	9,85	0,			18,44	0,	2,52	9,19	0,				18,68	86,3	2,04	9,29	0,				13,58	85,2					
06-10-2022 19:22:41						18,25	101,1	1,72	9,52	0,			17,90	77,2	2,44	9,84	0,			18,38	0,	2,02	9,2	0,				18,56	87,	1,94	9,28	0,				13,58	85,4					
06-10-2022 19:27:41						18,06	101,1	2,12	9,53	0,			17,83	77,3	2,38	9,85	0,			18,13	0,	2,47	9,19	0,				18,18	85,8	2,15	9,28	0,				13,52	85,5					
06-10-2022 19:32:41						18,12	101,1	2,16	9,53	0,			17,77	77,4	2,41	9,85	0,			18,13	0,	2,33	9,19	0,				18,31	85,8	2,22	9,29	0,				13,65	85,9					
06-10-2022 19:37:42						18,06	101,1	2,29	9,54	0,			17,83	77,	2,6	9,84	0,			18,06	0,	2,13	9,2	0,				18,12	84,8	2,02	9,27	0,				13,58	86,					
06-10-2022 19:42:42						18,12	101,1	2,18	9,53	0,			17,83	76,9	2,41	9,85	0,			18,06	0,	2,27	9,19	0,				17,81	84,8	2,08	9,28	0,				13,52	86,1					
06-10-2022 19:47:41						18,12	101,1	2,15	9,53	0,			18,02	77,4	2,54	9,85	0,			18,06	0,	2,28	9,19	0,				17,87	85,	2,	9,27	0,				13,52	86,4					
06-10-2022 19:52:42						17,93	101,1	2,19	9,55	0,			17,96	77,1	2,44	9,84	0,			18,00	0,	2,25	9,18	0,				18,18	85,	2,03	9,28	0,				13,46	86,8					
06-10-2022 19:57:40						18,31	101,1	2,32	9,52	0,			18,15	77,4	2,36	9,85	0,			17,94	0,	2,3	9,19	0,				18,00	84,5	1,92	9,27	0,				13,52	87,					
06-10-2022 20:02:42						18,37	101,1	2,4	9,54	0,			18,27	76,8	2,44	9,85	0,			18,00	0,	2,46	9,21	0,				18,12	84,6	2,12	9,28	0,				13,40	87,2					
06-10-2022 20:07:42						18,31	101,1	2,06	9,54	0,			18,15	76,2	2,51	9,84	0,			17,88	0,	2,23	9,2	0,				17,93	84,6	2,09	9,29	0,				13,46	87,4					
06-10-2022 20:12:41						18,25	101,1	2,13	9,55	0,			17,96	76,6	2,43	9,85	0,			17,88	0,	2,24	9,2	0,				17,81	84,2	2,18	9,07	0,				13,33	87,6					
06-10-2022 20:17:41						18,25	101,1	2,3	9,54	0,			18,08	76,5	2,51	9,85	0,			17,94	0,	2,19	9,19	0,				18,12	84,5	1,96	9,28	0,				13,40	87,6					
06-10-2022 20:22:41						18,43	101,1	2,3	9,55	0,			18,08	77,8	2,53	9,85	0,			17,88	0,	2,19	9,19	0,				18,06	84,2	2,2	9,28	0,				13,40	87,9					
06-10-2022 20:27:43						18,25	101,1	2,23	9,52	0,			18,27	77,4	2,75	9,85	0,			18,00	0,	2,53	9,2	0,				18,18	84,6	2,25	9,28	0,				13,33	88,1					
06-10-2022 20:32:41						18,56	101,1	2,	9,54	0,			18,21	76,8	2,36	9,84	0,			17,94	0,	2,28	9,19	0,				17,87	83,4	2,19	9,29	0,				13,27	88,4					
06-10-2022 20:37:42						18,93	101,1	2,36	9,54	0,			18,08	76,5	2,73	9,85	0,			18,00	0,	2,48	9,2	0,				18,18	84,6	2,27	9,28	0,				13,40	88,4					
06-10-2022 20:42:40						18,75	101,1	2,12	9,56	0,			18,21	77,6	2,15	9,84	0,			18,19	0,	2,43	9,21	0,				18,12	84,6	2,14	9,29	0,				13,33	88,4					
06-10-2022 20:47:42						18,50	101,1	2,16	9,55	0,			18,15	77,	2,67	9,85	0,			18,31	0,	2,48	9,19	0,				17,93	83,8	2,03	9,3	0,				13,27	88,4					
06-10-2022 20:52:41						18,62	101,1	2,24	9,53	0,			18,15	77,	2,44	9,84	0,			18,06	0,	2,39	9,19	0,				18,00	84,2	2,12	9,27	0,				13,33	88,4					
06-10-2022 20:57:41						18,56	101,1	2,2	9,55	0,			18,02	77,1	2,4	9,86	0,			18,13	0,	2,4	9,19	0,				18,06	83,4	2,08	9,28	0,				13,27	88,6					
06-10-2022 21:02:41						18,37	101,1	2,06	9,54	0,			18,02	76,2	2,48	9,85	0,			18,06	0,	2,4	9,19	0,				18,25	84,6	2,24	9,28	0,				13,27	88,4					
06-10-2022 21:07:42						18,56	101,1	2,01	9,54	0,			18,02	77,4	2,49	9,84	0,			18,00	0,	2,4	9,19	0,				18,56	84,2	1,93	9,28	0,				13,27	88,4					
06-10-2022 21:12:42						18,50	101,1	2,07	9,54	0,			18,08	77,	2,34	9,84	0,			18,00	0,	2,24	9,2	0,				18,31	84,1	2,17	9,3	0,				13,15	88,2					
06-10-2022 21:17:41						18,68	101,1	2,2	9,54	0,			17,90	76,2	2,38	9,85	0,			17,94	0,	2,51	9,21	0,				18,06	83,9	2,07	9,28	0,				13,27	88,					
06-10-2022 21:22:42						18,37	101,1	2,39	9,55	0,			17,83	77,	2,58	9,84	0,			18,00	0,	2,36	9,2	0,				18,00	83,9	2,08	9,26	0,				13,27	88,					
06-10-2022 21:27:40						18,25	101,1	2,15	9,53	0,			18,02	77,8	2,49	9,84	0,			18,00	0,	2,38	9,18	0,				18,12	84,2	2,25	9,28	0,				13,27	87,8					
06-10-2022 21:32:42						18,31	101,1	2,38	9,53	0,			18,08	77,4	2,76	9,85	0,			18,13	0,	2,54	9,18	0,				18,06	83,8	2,03	9,29	0,				13,33	88,					
06-10-2022 21:37:41						18,43	101,1	2,18	9,57	0,			18,02	77,7	2,61	9,85	0,			18,06	0,	2,39	9,19	0,				18,18	84,2	2,27	9,28	0,				13,33	88,					
06-10-2022 21:42:43						18,43	101,1	2,27	9,54	0,			18,15	77,4	2,5	9,85	0,			18,13	0,	2,38	9,2	0,				18,25	84,2	2,08	9,29	0,				13,33	88,1					
06-10-2022 21:47:41						18,75	101,1	2,12	9,55	0,			18,02	76,8	2,53	9,85	0,			18,13	0,	2,47	9,2	0,				18,06	83,5	2,17	9,08	0,				13,33	88,3					
06-10-2022 21:52:42						18,56	101,1	2,19	9,53	0,			18,02	77,6	2,31	9,85	0,			18,13	0,	2,33	9,2	0,				18,18	83,8	2,21	9,28	0,				13,33	88,4					
06-10-2022 21:57:42						18,37	101,1	2,09	9,55	0,			17,96	77,6	2,46	9,85	0,			18,19	0,	2,19	9,2	0,				18,18	83,8	2,21	9,29	0,				13,40	88,6					
06-10-2022 22:02:42						18,50	101,1	2,19	9,55	0,			18,08	77,8	2,45	9,85	0,			18,38	0,	2,22	9,19	0,				18,31	83,9	2,01	9,27	0,				13,33	88,6					
06-10-2022 22:07:42						18,43	101,1	2,32	9,54	0,			17,96	77,4	2,48	9,85	0,			18,25	0,	2,4	9,2	0,				18,00	83,4	2,17	9,28	0,				13,33	88,6					
06-10-2022 22:12:41						18,56	101,1	2,26	9,55	0,			18,15	77,4	2,32	9,86	0,			18,25	0,	2,43	9,19	0,				18,25	83,9	2,28	9,29	0,				13,40	88,6					
06-10-2022 22:17:43						18,37	101,1	2,25	9,53	0,			18,15	77,8	2,39	9,85	0,			18,19	0,	2,47	9,19	0,				18,31	83,8	2,15	9,27	0,				13,46	88,7					
06-10-2022 22:22:41						18,31	101,1	2,12	9,55	0,			18,21	78,4	2,3	9,84	0,			18,25	0,	2,22	9,2	0,				18,37	83,5	2,11	9,28	0,				13,52	88,6					
06-10-2022 22:27:41						18,43	101,1	2,22	9,52	0,			18,33	77,8	2,44	9,85	0,			18,31	0,	2,22	9,2	0,				18,31	83,7	2,39	9,29	0,				13,58	88,6					
06-10-2022 22:32:41						18,68	101,1	2,26	9,55	0,			18,08	77,8	2,54	9,85	0,			18,50	0,	2,35	9,2	0,				18,68	84,6	2,04	9,3	0,				13,58	88,5					
06-10-2022 22:37:41						18,68	101,1	2,07	9,53	0,			18,27	77,1	2,49	9,85	0,			18,44	0,	2,2	9,2	0,				18,56	84,5	2,09	9,28	0,				13,65	88,4					
06-10-2022 22:42:42						18,62	101,1	2,13	9,56	0,			18,15	78,2	2,48	9,85	0,			18,63	0,	1,99	9,19	0,				18,75	84,9	2,16	9,28	0,				13,65	88,4					
06-10-2022 22:47:40						18,87	101,1	1,98	9,55	0,			18,21	77,8	2,32	9,85	0,			18,44	0,	2,25	9,19	0,				18,81	85,	2,16	9,27	0,				13,77	88,4					
06-10-2022 22:52:42						18,81	101,1	2,02	9,56	0,			18,46	78,3	2,35	9,85	0,			18,44	0,	2,13	9,19	0,				18,62	84,6	2,08	9,28	0,				13,65	88,4					
06-10-2022 22:57:41						18,87	101,1	2,12	9,55	0,			18,40	77,4	2,58	9,85	0,			18,38	0,	2,17	9,18	0,				18,68	84,2	2,08	9,3	0,				13,71	88,4					
06-10-2022 23:02:41						19,00	101,1	2,28	9,54	0,			18,46	77,5	2,63	9,86	0,			18,44	0,	2,24	9,2	0,				18,87	85,2	1,83	9,29	0,				13,83	88,2					
06-10-2022 23:07:40						19,00	101,1	1,99	9,54	0,			18,40	77,7	2,41	9,84	0,			18,44	0,	2,14	9,2	0,				18,81	84,6	2,15	9,28	0,				13,77	88,2					
06-10-2022 23:12:42						18,87	101,1	2,1	9,52	0,			18,21	77,8	2,56	9,84	0,			18,50	0,	2,47	9,2	0,				18,56	84,3	2,07	9,3	0,				13,83	88,1					
06-10-2022 23:17:41						19,00	101,1	2,28	9,56	0,			18,33	78,3	2,41	9,85	0,			18,56	0,	2,32	9,19	0,				18,75	84,7	2,35	9,28	0,				13,83	88,1					
06-10-2022 23:22:42						18,87	101,1	2,22	9,52	0,			18,21	77,3	2,51	9,85	0,			18,50	0,	2,49	9,19	0,				18,56	84,3	2,1	9,28	0,				13,83	88,					
06-10-2022 23:27:42						19,12	101,1	2,06	9,54	0,			18,27	77,7	2,61	9,85	0,			18,44	0,	2,24	9,21	0,				18,43	84,5	2,18	9,29	0,				13,77	88,1					
06-10-2022 23:32:41						19,25	101,1	2,14	9,51	0,			18,52	77,8	2,6	9,85	0,			18,44	0,	2,2	9,19	0,				18,37	84,6	2,13	9,28	0,				13,83	88,4					
06-10-2022 23:37:41						19,18	101,1	2,14	9,55	0,			18,52	77,8	2,4	9,85	0,			18,50	0,	2,38	9,19	0,				18,56	84,3	2,16	9,28	0,				13,77	88,5					
06-10-2022 23:42:40						19,06	101,1	1,96	9,54	0,			18,40	77,8	2,56	9,85	0,			18,56	0,	2,17	9,2	0,				18,50	84,2	2,19	9,29	0,				13,83	88,8					
06-10-2022 23:47:42						18,93	101,1	2,1	9,56	0,			18,52	77,9	2,31	9,85	0,			18,50	0,	2,12	9,19	0,				18,56	84,2	2,08	9,29	0,				13,65	88,8					
06-10-2022 23:52:42						19,06	101,1	1,93	9,55	0,			18,58	79,	2,51	9,85	0,			18,56	0,	2,3	9,2	0,				18,50	84,6	2,01	9,27	0,				13,71	89,					
06-10-2022 23:57:41						19,00	101,1	2,1	9,54	0,			18,58	78,1	2,58	9,85	0,			18,44	0,	2,23	9,18	0,				18,50	84,1	2,14	9,29	0,				13,77	89,2					
