Net no:						1	1	1	1	1			1	1	1	1	1			1	1	1	1	1				1	1	1	1	1				1	1					
Object no:						131	141	150	151	152			134	144	159	160	161			133	143	156	157	158				132	142	153	154	155				130	140					
Table no:						0	0	0	0	0			0	0	0	0	0			0	0	0	0	0				0	0	0	0	0				0	0					
Code no:						48	48	48	48	48			48	48	136	136	136			48	48	48	48	48				48	48	48	48	48				48	48					
Calculation:						T	/10	/100	/100	/100			T	/10	/100	/100	/100			T	/10	/100	/100	/100				T	/10	/100	/100	/100				T	/10					
Date/time:	Afp. 1776	Bes. 97184			Stald 1	Temp_stald1	Fugt_stald1	DynamicAir_trinlřs_stald1	Spjćld_trinlřs_stald 1	On/off_stald1		Stald 2	Temp_stald2	Fugt_stald2	DynamicAir_trinlřs_stald2	Spjćld_trinlřs_stald2	On/off_stald2		Stald5	Temp_stald5	Fugt_stald5	DynamicAir_trinlřs_stald5	Spjćld_trinlřs_stald5	On/off_stald 5			Stald6	Temp_stald6	Fugt_stald 6	DynamicAir_trinlřs_stald6	Spjćld_trinlřs_stald6	On/off_stald6			UDE	Temp_ude	Fugt_ude					
01-06-2022 00:02:41						17,18	82,5	2,34	9,	25,55			19,40	73,8	1,59	9,87	25,5			16,25	77,5	0,55	1,67	0,				16,56	77,4	0,78	5,35	0,				9,83	77,8					
01-06-2022 00:07:42						17,68	84,7	2,45	8,68	25,55			18,96	74,5	1,5	9,87	25,5			15,94	77,6	0,48	0,	0,				16,81	79,1	0,76	5,26	0,				9,71	77,6					
01-06-2022 00:12:42						16,93	83,7	2,42	8,41	25,55			18,77	74,9	1,56	9,86	25,5			16,38	79,6	2,6	8,59	25,67				16,62	77,6	0,79	5,08	0,				9,71	77,6					
01-06-2022 00:17:41						17,00	83,7	2,17	8,14	25,55			18,46	75,	1,53	9,87	25,5			16,75	80,6	2,4	8,17	25,67				16,62	78,7	0,71	4,88	0,				9,65	78,					
01-06-2022 00:22:42						16,87	82,8	1,96	7,81	25,55			18,27	74,9	1,36	8,13	25,5			17,00	80,	1,94	7,84	25,67				16,37	77,5	0,72	4,57	0,				9,65	78,1					
01-06-2022 00:27:41						16,87	84,1	1,76	7,52	25,55			18,83	75,9	1,06	6,8	25,5			17,06	79,2	1,98	7,66	25,67				16,56	76,8	0,71	4,08	0,				9,58	78,1					
01-06-2022 00:32:42						16,87	83,7	1,89	7,63	25,55			19,46	76,6	0,98	6,79	25,5			17,31	79,7	1,98	7,4	25,67				16,62	77,5	0,74	3,74	0,				9,40	78,4					
01-06-2022 00:37:41						16,81	83,2	1,87	7,66	25,55			19,77	75,8	1,14	7,16	25,5			17,50	79,2	1,89	7,4	25,67				16,68	77,9	0,72	3,21	0,				9,52	78,1					
01-06-2022 00:42:44						16,56	81,6	1,76	7,58	25,55			19,83	74,6	1,21	7,16	25,5			17,63	79,7	1,95	7,41	25,67				16,75	78,	0,67	2,85	0,				9,58	78,4					
01-06-2022 00:47:41						16,50	82,5	1,83	7,65	25,55			19,90	74,6	1,14	7,15	25,5			17,81	79,2	1,91	7,42	25,67				16,93	77,9	0,71	2,66	0,				9,52	78,8					
01-06-2022 00:52:42						16,93	82,1	1,85	7,64	25,55			19,90	74,4	1,32	7,62	25,5			17,88	78,8	1,89	7,4	25,67				17,18	78,3	0,62	2,18	0,				9,52	79,4					
01-06-2022 00:57:42						16,68	82,5	1,89	7,63	25,55			19,71	73,8	1,34	7,62	25,5			17,88	79,2	1,92	7,41	25,67				17,12	77,7	0,62	1,63	0,				9,33	79,6					
01-06-2022 01:02:41						16,43	81,3	1,81	7,52	25,55			19,58	72,6	1,31	7,61	25,5			18,00	79,2	1,97	7,41	25,67				17,37	77,4	0,58	1,79	0,				9,58	80,					
01-06-2022 01:07:42						16,75	81,8	1,84	7,53	25,55			19,46	72,6	1,35	7,62	25,5			18,06	78,8	2,	7,41	25,67				17,37	77,5	0,54	1,93	0,				9,33	79,7					
01-06-2022 01:12:41						16,87	82,5	1,9	7,66	25,55			19,33	71,5	1,45	8,15	25,5			18,13	79,3	1,99	7,41	25,67				17,62	77,1	0,56	1,8	0,				9,27	80,4					
01-06-2022 01:17:42						16,87	81,8	1,92	7,53	25,55			19,40	72,2	1,47	8,16	25,5			18,25	79,1	2,09	7,6	25,67				17,37	76,6	0,62	1,7	0,				9,33	80,2					
01-06-2022 01:22:42						16,87	81,7	1,73	7,66	25,55			19,27	72,2	1,54	8,43	25,5			18,19	78,8	1,88	7,6	25,67				17,06	76,7	0,65	1,7	0,				9,15	79,7					
01-06-2022 01:27:43						17,00	81,9	1,95	7,64	25,55			19,08	71,2	1,6	8,43	25,5			18,19	78,	2,13	7,79	25,67				17,43	76,9	0,58	1,71	0,				8,90	80,					
01-06-2022 01:32:41						17,06	81,7	1,77	7,63	25,55			19,21	71,4	1,48	8,44	25,5			18,06	78,6	2,31	7,79	25,67				17,18	76,6	0,57	1,71	0,				8,71	80,4					
01-06-2022 01:37:42						17,00	81,3	1,82	7,55	25,55			19,08	71,4	1,63	8,44	25,5			18,06	78,4	2,23	7,79	25,67				17,37	76,7	0,62	1,7	0,				8,77	80,8					
01-06-2022 01:42:42						17,12	80,9	1,79	7,64	25,55			18,83	70,5	1,57	8,64	25,5			17,88	78,	2,11	7,78	25,67				17,31	75,9	0,61	1,71	0,				8,52	80,8					
01-06-2022 01:47:42						17,31	81,7	1,93	7,63	25,55			18,77	70,6	1,5	7,92	25,5			17,94	78,4	2,41	7,79	25,67				16,87	75,1	0,61	1,7	0,				8,65	81,3					
01-06-2022 01:52:42						17,43	81,3	1,91	7,63	25,55			19,15	72,6	1,32	7,69	25,5			17,88	78,6	2,36	7,79	25,67				17,25	76,4	0,58	1,65	0,				8,58	81,6					
01-06-2022 01:57:41						17,43	80,5	2,05	7,62	25,55			19,27	71,4	1,5	7,89	25,5			17,63	78,8	2,19	7,78	25,67				17,00	75,9	0,59	1,62	0,				8,96	82,					
01-06-2022 02:02:43						17,43	80,9	2,04	7,65	25,55			19,27	70,6	1,41	8,05	25,5			17,75	77,5	2,31	7,98	25,67				17,06	77,1	0,59	1,63	0,				8,77	81,8					
01-06-2022 02:07:41						17,37	80,1	1,85	7,62	25,55			19,15	70,1	1,63	8,45	25,5			17,56	78,5	2,36	7,98	25,67				17,12	76,3	0,58	1,62	0,				8,83	82,					
01-06-2022 02:12:42						17,56	81,6	1,81	7,63	25,55			19,21	71,8	1,42	8,45	25,5			17,50	78,4	2,37	7,98	25,67				17,06	75,2	0,61	1,62	0,				8,71	82,					
01-06-2022 02:17:41						18,06	80,6	1,84	7,53	25,55			19,08	70,4	1,51	8,44	25,5			17,56	77,9	2,3	7,98	25,67				16,87	76,8	0,67	1,62	0,				8,83	82,8					
01-06-2022 02:22:42						17,81	81,4	1,79	7,63	25,55			19,08	72,6	1,64	8,44	25,5			17,38	76,9	2,6	8,15	25,67				17,00	75,8	0,59	1,62	0,				8,83	82,6					
01-06-2022 02:27:42						17,93	80,6	1,85	7,65	25,55			19,02	72,1	1,5	8,75	25,5			17,31	77,6	2,26	8,15	25,67				17,06	76,3	0,62	1,62	0,				8,90	82,6					
01-06-2022 02:32:41						17,62	80,3	1,91	7,53	25,55			19,02	72,2	1,6	8,74	25,5			17,31	77,9	2,06	8,15	25,67				16,93	75,5	0,59	1,63	0,				8,65	82,3					
01-06-2022 02:37:42						17,87	80,3	1,75	7,53	25,55			18,96	70,7	1,66	8,75	25,5			17,44	78,	2,36	8,15	25,67				17,06	76,7	0,58	1,63	0,				8,71	82,5					
01-06-2022 02:42:42						17,68	80,1	1,74	7,44	25,55			18,96	71,6	1,45	8,4	25,5			17,50	77,6	2,23	7,94	25,67				17,18	77,6	0,57	1,63	0,				8,58	82,8					
01-06-2022 02:47:42						17,43	80,5	1,93	7,65	25,55			19,02	70,3	1,46	8,13	25,5			17,81	78,9	2,27	7,93	25,67				17,25	77,2	0,63	1,63	0,				8,65	83,2					
01-06-2022 02:52:41						17,50	80,6	1,89	7,61	25,55			19,27	71,3	1,59	8,56	25,5			17,81	78,2	2,14	7,94	25,67				17,25	78,7	0,57	1,94	0,				8,58	83,7					
01-06-2022 02:57:43						17,87	81,5	2,06	7,54	25,55			19,33	71,	1,53	8,56	25,5			17,69	78,	2,39	7,78	25,67				17,12	76,7	0,58	1,96	0,				8,52	83,9					
01-06-2022 03:02:42						17,62	81,5	2,06	7,55	25,55			19,21	72,2	1,69	8,56	25,5			17,69	78,9	2,15	7,79	25,67				17,25	77,5	0,55	1,96	0,				8,52	84,2					
01-06-2022 03:07:43						17,62	81,3	2,1	7,53	25,55			19,02	72,2	1,51	8,96	25,5			17,63	77,9	2,06	7,78	25,67				17,06	77,8	0,57	1,95	0,				8,71	84,8					
01-06-2022 03:12:43						17,81	82,5	1,95	7,64	25,55			18,90	71,5	1,62	8,79	25,5			17,56	77,3	2,11	7,79	25,67				16,87	76,2	0,58	1,26	0,				8,52	84,1					
01-06-2022 03:17:41						18,68	83,3	1,92	7,73	25,55			18,96	72,2	1,47	8,31	25,5			17,56	78,	2,09	7,79	25,67				16,68	76,2	0,55	0,82	0,				8,40	83,6					
01-06-2022 03:22:43						17,87	81,3	2,03	7,82	25,55			18,96	71,8	1,61	8,31	25,5			17,63	78,4	1,92	7,78	25,67				16,68	76,3	0,5	0,5	0,				8,65	84,1					
01-06-2022 03:27:41						17,68	81,3	1,99	7,64	25,55			18,77	70,6	1,64	8,72	25,5			17,75	78,	2,	7,78	25,67				16,68	76,6	0,49	0,05	0,				8,46	84,					
01-06-2022 03:32:42						17,31	81,8	1,83	7,53	25,55			18,77	71,5	1,58	8,44	25,5			17,81	78,8	2,06	7,56	25,67				16,87	76,	0,48	0,	0,				8,46	84,4					
01-06-2022 03:37:42						17,50	81,7	1,81	7,63	25,55			18,77	70,6	1,5	8,44	25,5			17,69	78,	2,27	7,57	25,67				16,81	75,2	0,47	0,	0,				8,52	84,4					
01-06-2022 03:42:42						17,31	81,7	1,87	7,59	25,55			19,08	71,8	1,53	8,23	25,5			17,75	78,8	2,23	7,73	25,67				16,68	75,4	0,47	0,	0,				8,65	84,8					
01-06-2022 03:47:40						17,50	81,7	1,94	7,63	25,55			19,33	72,2	1,44	8,22	25,5			17,75	78,2	2,25	7,73	25,67				16,68	75,3	0,47	0,	0,				8,71	84,4					
01-06-2022 03:52:42						17,37	81,1	1,94	7,63	25,55			19,33	71,1	1,48	8,51	25,5			17,69	78,8	2,24	7,73	25,67				16,68	76,7	2,5	8,74	25,5				8,65	84,4					
01-06-2022 03:57:43						17,31	81,3	1,92	7,63	25,55			19,40	71,9	1,55	8,91	25,5			17,81	78,8	2,45	7,85	25,67				16,31	76,1	2,69	8,19	25,5				8,71	84,8					
01-06-2022 04:02:41						17,06	80,9	1,83	7,59	25,55			19,40	71,3	1,47	9,85	25,5			17,63	78,4	2,03	7,98	25,67				17,00	78,	2,54	8,27	25,5				8,71	84,8					
01-06-2022 04:07:42						17,62	81,8	1,79	7,53	25,55			18,96	71,4	1,65	9,21	25,5			17,50	78,4	2,01	7,97	25,67				17,12	78,6	2,45	8,32	25,5				8,71	84,8					
01-06-2022 04:12:41						17,18	81,3	1,9	7,53	25,55			18,90	72,2	1,63	9,21	25,5			17,69	78,4	2,06	7,98	25,67				17,00	77,7	2,38	8,32	25,5				8,71	84,9					
01-06-2022 04:17:42						17,31	81,8	1,75	7,64	25,55			18,65	72,1	1,67	9,21	25,5			17,75	78,1	2,27	7,98	25,67				17,12	77,3	2,42	8,32	25,5				8,58	84,7					
01-06-2022 04:22:41						17,43	82,1	1,82	7,63	25,55			18,52	72,2	1,57	8,19	25,5			17,63	78,9	2,25	7,98	25,67				17,18	77,4	2,51	8,32	25,5				8,65	85,2					
01-06-2022 04:27:42						17,68	81,3	1,81	7,54	25,55			18,96	73,	1,23	7,43	25,5			17,50	78,4	2,17	7,75	25,67				16,87	76,7	2,49	8,33	25,5				8,52	84,9					
01-06-2022 04:32:41						17,06	80,1	1,92	7,64	25,55			19,40	73,	1,37	7,64	25,5			17,44	77,6	2,09	7,74	25,67				16,75	77,1	2,45	8,33	25,5				8,27	84,8					
01-06-2022 04:37:42						17,12	81,6	1,99	7,61	25,55			19,33	72,5	1,42	8,04	25,5			17,50	77,6	2,06	7,74	25,67				16,75	76,7	2,38	8,16	25,5				8,40	85,4					
01-06-2022 04:42:42						17,43	82,5	1,96	7,63	25,55			19,40	71,8	1,42	7,76	25,5			17,50	78,5	2,05	7,74	25,67				17,18	78,6	2,19	8,13	25,5				8,33	85,6					
01-06-2022 04:47:41						17,62	82,6	1,87	7,63	25,55			19,33	71,1	1,44	7,95	25,5			17,56	77,6	2,04	7,74	25,67				17,18	77,	2,4	8,16	25,5				8,40	85,6					
01-06-2022 04:52:43						17,75	81,7	1,88	7,72	25,55			19,27	71,8	1,49	7,95	25,5			17,50	78,1	1,97	7,74	25,67				17,12	77,1	2,43	8,15	25,5				8,33	85,9					
01-06-2022 04:57:42						17,50	82,1	2,03	7,61	25,55			19,33	72,1	1,46	8,35	25,5			17,56	78,2	2,13	7,73	25,67				16,81	76,7	2,43	8,27	25,5				8,40	86,					
01-06-2022 05:02:42						17,37	81,6	1,84	7,63	25,55			19,08	71,8	1,53	8,35	25,5			17,69	79,6	2,12	7,74	25,67				16,75	77,1	2,66	8,28	25,5				8,27	86,					
01-06-2022 05:07:42						17,56	81,3	2,05	7,6	25,55			19,08	71,7	1,66	8,35	25,5			17,81	79,7	2,05	7,49	25,67				16,81	76,8	2,51	8,11	25,5				8,33	86,7					
01-06-2022 05:12:43						17,18	82,1	2,05	7,63	25,55			19,02	71,	1,53	8,35	25,5			18,00	79,6	2,09	7,48	25,67				16,68	76,5	2,6	8,2	25,5				8,40	86,8					
01-06-2022 05:17:41						17,37	81,9	1,82	7,63	25,55			19,02	71,1	1,53	8,57	25,5			18,13	79,2	2,13	7,48	25,67				16,93	77,1	2,46	8,12	25,5				8,52	86,7					
01-06-2022 05:22:42						17,18	81,3	1,89	7,63	25,55			18,96	70,6	1,59	8,3	25,5			17,88	80,	2,18	7,49	25,67				16,87	77,1	2,51	8,12	25,5				8,52	86,4					
01-06-2022 05:27:42						17,06	80,9	1,89	7,54	25,55			19,08	71,8	1,44	8,3	25,5			17,75	78,9	2,2	7,49	25,67				17,06	77,8	2,58	8,2	25,5				8,52	86,1					
01-06-2022 05:32:41						17,50	81,7	1,92	7,63	25,55			19,21	72,2	1,43	8,31	25,5			17,94	78,7	1,85	7,49	25,67				17,12	76,4	2,42	8,33	25,5				8,46	86,					
01-06-2022 05:37:42						17,37	80,9	1,92	7,64	25,55			19,21	72,1	1,48	8,3	25,5			17,88	79,	2,26	7,49	25,67				16,93	76,7	2,38	8,2	25,5				8,08	85,3					
01-06-2022 05:42:41						17,25	81,7	1,84	7,54	25,55			19,15	71,4	1,52	8,29	25,5			17,88	78,8	2,04	7,5	25,67				16,81	76,4	2,65	8,21	25,5				8,02	85,7					
01-06-2022 05:47:42						17,37	80,9	1,69	7,62	25,55			18,96	71,4	1,56	8,66	25,5			17,81	79,6	2,19	7,49	25,67				17,00	76,3	2,34	8,21	25,5				8,46	86,4					
01-06-2022 05:52:43						17,62	82,1	1,86	7,62	25,55			19,46	72,9	1,55	9,06	25,5			18,69	80,5	2,42	8,14	25,67				18,62	81,5	2,51	9,06	25,5				8,46	86,3					
01-06-2022 05:57:42						18,25	82,5	1,99	7,79	25,55			19,52	71,5	1,64	9,53	25,5			18,69	78,4	2,34	8,16	25,67				17,81	77,9	0,6	1,86	0,				8,58	86,2					
01-06-2022 06:02:41						18,25	82,9	2,01	7,83	25,55			19,21	73,	1,61	9,86	25,5			18,38	80,8	2,65	8,16	25,67				17,68	79,1	0,64	2,03	0,				8,77	86,					
01-06-2022 06:07:42						18,12	83,3	2,09	7,83	25,55			19,15	71,8	1,49	9,86	25,5			18,06	80,4	2,62	8,16	25,67				17,56	80,6	0,68	2,71	0,				9,02	85,6					
01-06-2022 06:12:42						17,81	82,9	1,91	7,82	25,55			19,02	73,7	1,56	9,87	25,5			18,06	80,4	2,52	8,16	25,67				17,68	80,6	0,64	2,73	0,				9,15	85,					
01-06-2022 06:17:41						18,93	85,4	2,32	8,21	25,55			19,33	75,8	1,56	9,87	25,5			17,88	80,8	2,6	8,47	25,67				17,25	80,3	0,7	2,63	0,				9,52	84,4					
01-06-2022 06:22:42						18,56	84,5	2,5	8,39	25,55			19,90	75,9	1,61	9,87	25,5			17,63	80,	2,43	8,46	25,67				17,50	79,9	0,7	2,7	0,				9,58	84,					
01-06-2022 06:27:41						17,62	83,7	2,42	8,23	25,55			19,33	75,8	1,49	9,86	25,5			17,63	80,9	2,44	8,45	25,67				17,43	79,9	0,7	2,7	0,				9,83	83,2					
01-06-2022 06:32:42						17,56	85,7	2,23	8,02	25,55			19,02	77,	1,54	9,87	25,5			18,31	81,2	2,36	8,46	25,67				17,12	79,4	0,71	2,7	0,				10,08	83,6					
01-06-2022 06:37:41						17,12	84,5	1,92	7,84	25,55			18,71	76,3	1,46	9,87	25,5			18,38	80,5	2,39	8,46	25,67				17,75	83,6	0,68	2,99	0,				10,21	71,4					
01-06-2022 06:42:42						17,75	84,9	2,01	7,73	25,55			18,52	76,6	1,49	9,61	25,5			18,69	80,9	2,41	9,16	25,67				17,93	81,5	0,73	3,82	0,				10,40	74,8					
01-06-2022 06:47:41						17,75	85,2	1,89	7,73	25,55			18,40	76,8	1,61	9,87	25,5			18,44	80,3	0,66	2,66	0,				18,31	83,9	0,75	4,53	0,				10,52	77,3					
01-06-2022 06:52:42						19,31	86,1	1,86	7,78	25,55			19,27	78,6	1,57	9,31	25,5			18,13	81,6	0,75	3,32	0,				18,00	84,2	0,8	5,37	0,				10,71	78,8					
01-06-2022 06:57:42						19,00	84,9	2,47	8,34	25,55			19,21	77,1	1,6	9,87	25,5			17,88	81,1	0,72	3,65	0,				18,00	85,6	0,8	5,71	0,				10,90	80,1					
01-06-2022 07:02:41						18,25	84,6	2,36	8,31	25,55			19,33	77,	1,57	9,87	25,5			17,69	80,8	0,75	3,86	0,				17,56	84,8	0,78	5,72	0,				11,02	82,					
01-06-2022 07:07:43						17,81	84,1	2,3	8,15	25,55			19,02	76,6	1,59	9,87	25,5			17,81	81,4	0,74	4,24	0,				17,87	86,	0,91	5,7	0,				10,83	81,3					
01-06-2022 07:12:42						17,87	84,4	2,31	8,16	25,55			18,96	76,6	1,59	9,87	25,5			17,69	81,3	0,82	4,47	0,				17,87	85,3	0,82	5,7	0,				11,08	81,2					
01-06-2022 07:17:42						17,93	84,5	2,54	8,18	25,55			18,96	77,	1,51	9,87	25,5			17,63	81,2	0,72	4,48	0,				17,25	84,7	0,81	5,66	0,				11,15	81,2					
01-06-2022 07:22:41						18,00	84,1	2,52	8,17	25,55			19,02	77,	1,57	9,87	25,5			17,50	81,2	0,72	4,48	0,				17,37	84,9	0,77	5,7	0,				11,02	80,8					
01-06-2022 07:27:42						18,12	84,5	2,33	8,06	25,55			18,83	76,6	1,53	9,87	25,5			17,38	81,6	0,73	4,47	0,				17,12	84,6	0,81	5,57	0,				11,21	78,9					
01-06-2022 07:32:41						18,12	84,5	2,3	8,09	25,55			18,83	76,2	1,7	9,87	25,5			17,19	80,8	0,75	4,23	0,				17,18	83,8	0,79	5,62	0,				11,27	78,8					
01-06-2022 07:37:42						17,93	84,1	2,38	8,07	25,55			18,71	77,	1,6	9,86	25,5			17,06	81,6	0,76	4,22	0,				16,93	83,9	0,85	5,61	0,				11,33	78,1					
01-06-2022 07:42:42						18,25	84,5	2,14	8,06	25,55			18,90	76,6	1,52	9,87	25,5			17,13	81,2	0,8	3,92	0,				17,00	84,2	0,82	5,62	0,				11,46	78,					
01-06-2022 07:47:40						18,00	84,5	2,42	8,08	25,55			18,83	76,6	1,55	9,6	25,5			17,13	81,1	0,79	3,51	0,				17,12	83,9	0,83	5,61	0,				11,46	77,3					
01-06-2022 07:52:42						18,06	84,1	2,18	8,06	25,55			18,83	76,8	1,55	9,87	25,5			17,19	81,2	0,79	3,32	0,				17,18	83,4	0,91	5,35	0,				11,58	77,6					
01-06-2022 07:57:42						17,87	84,1	2,26	8,05	25,55			19,08	77,2	1,55	9,87	25,5			17,13	80,8	0,76	3,32	0,				17,43	83,6	0,8	5,24	0,				11,46	76,5					
01-06-2022 08:02:42						17,93	84,5	2,36	8,06	25,55			19,33	77,	1,65	9,86	25,5			17,06	81,1	0,77	3,32	0,				17,06	82,8	0,77	5,13	0,				11,58	76,4					
01-06-2022 08:07:42						17,68	84,1	2,16	8,06	25,55			19,21	76,6	1,59	9,87	25,5			17,19	80,8	0,75	3,17	0,				17,18	83,3	0,81	5,13	0,				11,90	75,3					
01-06-2022 08:12:42						18,00	84,9	2,21	8,07	25,55			19,08	77,2	1,69	9,87	25,5			17,19	80,9	0,76	3,18	0,				17,75	84,	0,87	5,13	0,				11,90	74,8					
01-06-2022 08:17:41						17,81	84,8	2,09	8,1	25,55			19,02	77,1	1,56	9,87	25,5			17,31	80,8	0,8	3,17	0,				17,93	84,	0,79	5,65	0,				12,08	75,6					
01-06-2022 08:22:42						17,93	84,9	2,13	8,08	25,55			19,08	77,3	1,62	9,86	25,5			17,56	80,8	0,73	3,18	0,				17,87	83,5	0,84	5,73	0,				12,02	74,8					
01-06-2022 08:27:43						17,93	84,4	2,26	8,06	25,55			19,02	77,6	1,64	9,87	25,5			17,50	80,9	0,81	3,44	0,				17,68	83,4	0,87	5,73	0,				11,77	72,1					
01-06-2022 08:32:41						17,93	84,1	2,34	8,07	25,55			19,15	77,4	1,57	9,87	25,5			17,63	80,7	0,74	3,82	0,				17,81	83,2	0,91	5,73	0,				12,08	73,3					
01-06-2022 08:37:43						18,00	84,7	2,28	8,06	25,55			19,08	77,	1,53	9,87	25,5			17,75	80,9	0,76	4,33	0,				17,81	82,8	0,92	5,73	0,				12,33	73,2					
01-06-2022 08:42:41						18,12	83,8	2,26	7,96	25,55			19,02	76,6	1,65	9,87	25,5			17,75	81,2	0,77	4,5	0,				18,00	82,7	0,86	5,73	0,				12,15	71,6					
01-06-2022 08:47:42						18,31	84,9	2,18	7,96	25,55			19,15	77,1	1,62	9,87	25,5			17,94	81,2	0,8	5,03	0,				18,06	82,9	0,91	5,74	0,				12,02	72,6					
01-06-2022 08:52:42						18,25	84,1	2,48	8,1	25,55			19,21	77,4	1,62	9,87	25,5			17,94	81,2	0,88	5,29	0,				18,06	82,7	0,86	5,73	0,				12,27	71,4					
01-06-2022 08:57:42						18,25	84,5	2,52	8,25	25,55			19,15	77,	1,63	9,87	25,5			17,88	80,8	0,82	5,65	0,				18,12	82,3	0,81	5,74	0,				12,27	70,5					
01-06-2022 09:02:41						18,56	84,5	2,55	8,44	25,55			19,33	77,3	1,62	9,87	25,5			17,81	80,8	0,9	6,	0,				18,12	82,	0,87	5,73	0,				12,52	69,2					
01-06-2022 09:07:43						17,81	84,1	2,36	8,31	25,55			19,58	77,6	1,69	9,87	25,5			17,69	80,8	1,	6,28	0,				18,43	82,4	0,85	5,73	0,				12,27	70,4					
01-06-2022 09:12:42						17,62	83,7	2,4	8,41	25,55			19,46	77,6	1,55	9,87	25,5			17,69	81,4	1,4	6,93	0,				18,43	82,4	0,92	5,74	0,				12,77	69,7					
01-06-2022 09:17:41						17,68	84,1	2,21	8,39	25,55			19,52	77,3	1,52	9,87	25,5			17,69	81,3	1,65	7,37	0,				18,50	82,3	0,89	5,73	0,				12,40	71,6					
01-06-2022 09:22:41						18,00	84,1	2,35	8,2	25,55			19,46	77,	1,62	9,86	25,5			17,44	81,1	2,12	7,37	0,				18,37	81,9	0,91	5,72	0,				12,21	70,7					
01-06-2022 09:27:41						17,93	84,2	2,07	8,17	25,55			19,21	77,	1,59	9,87	25,5			17,44	81,2	1,9	7,57	0,				18,31	81,1	0,9	5,74	0,				11,96	68,5					
01-06-2022 09:32:42						18,06	83,8	2,14	8,13	25,55			19,15	77,	1,66	9,87	25,5			17,19	81,2	1,94	7,58	0,				18,31	80,	0,88	5,74	0,				12,08	69,3					
01-06-2022 09:37:41						18,12	84,1	2,37	8,06	25,55			19,21	76,6	1,56	9,87	25,5			17,13	80,8	2,09	7,73	0,				18,37	80,5	0,81	5,73	0,				12,15	70,1					
01-06-2022 09:42:42						18,68	85,1	2,35	8,03	25,55			19,27	76,7	1,52	9,87	25,5			17,13	80,8	2,03	7,9	0,				18,43	80,4	0,83	5,74	0,				11,90	68,9					
01-06-2022 09:47:41						18,00	84,	2,3	8,05	25,55			19,21	76,5	1,58	9,87	25,5			17,00	80,4	2,48	8,13	0,				18,25	80,3	0,91	5,72	0,				12,33	69,5					
01-06-2022 09:52:42						18,06	84,4	2,03	8,01	25,55			19,15	76,6	1,59	9,87	25,5			16,94	80,6	2,36	8,4	0,				18,43	80,7	0,84	5,74	0,				12,40	69,2					
01-06-2022 09:57:42						18,06	84,5	1,94	7,89	25,55			19,27	76,7	1,61	9,87	25,5			17,06	80,7	2,51	8,8	0,				18,56	81,	0,87	5,73	0,				13,02	69,3					
01-06-2022 10:02:42						18,31	84,3	2,03	8,	25,55			19,33	77,	1,62	9,88	25,5			17,25	80,4	2,12	9,29	0,				18,81	81,1	0,9	5,73	0,				13,52	68,5					
01-06-2022 10:07:42						18,68	84,3	2,18	8,05	25,55			19,40	76,6	1,59	9,86	25,5			17,44	80,	2,31	9,28	0,				19,00	81,	0,95	5,73	0,				12,90	63,3					
01-06-2022 10:12:41						18,37	83,7	2,28	8,13	25,55			19,58	76,3	1,69	9,87	25,5			17,50	80,1	2,23	9,27	0,				19,06	81,	0,91	5,73	0,				12,83	64,					
01-06-2022 10:17:42						18,56	83,7	2,42	8,14	25,55			19,65	76,9	1,56	9,87	25,5			17,63	79,6	2,09	9,26	0,				19,00	80,6	0,87	5,73	0,				12,83	60,5					
01-06-2022 10:22:41						18,68	84,1	2,28	8,53	25,55			19,65	76,6	1,55	9,87	25,5			17,50	78,8	2,03	9,27	0,				19,18	81,	0,85	5,74	0,				12,83	62,8					
01-06-2022 10:27:43						18,75	83,5	2,53	9,11	25,55			19,71	76,5	1,61	9,87	25,5			17,56	78,9	2,14	9,28	0,				19,37	81,4	0,87	5,73	0,				12,77	63,5					
01-06-2022 10:32:41						18,62	84,4	2,4	9,	25,55			20,02	77,4	1,5	9,86	25,5			17,69	78,1	2,13	9,27	0,				19,50	79,4	0,85	5,74	0,				12,46	65,7					
01-06-2022 10:37:43						18,50	82,9	2,39	9,28	25,55			20,08	76,2	1,67	9,87	25,5			17,69	77,9	2,2	9,26	0,				19,50	78,7	0,92	5,73	0,				13,15	64,9					
01-06-2022 10:42:42						17,75	82,7	2,45	9,34	25,55			19,77	75,3	1,77	9,86	25,5			17,81	78,	2,06	9,26	0,				19,43	78,1	0,88	5,76	0,				12,96	59,1					
01-06-2022 10:47:41						17,87	82,5	2,48	9,22	25,55			19,71	75,	1,75	9,86	25,5			17,81	77,6	2,3	9,27	0,				19,43	77,3	0,82	5,74	0,				12,77	57,9					
01-06-2022 10:52:42						17,75	82,5	2,52	9,02	25,55			19,58	74,6	1,71	9,87	25,5			18,00	78,4	2,08	9,28	0,				19,31	76,7	0,88	5,75	0,				12,77	59,3					
01-06-2022 10:57:42						17,87	82,3	2,45	8,9	25,55			19,65	74,6	1,7	9,86	25,5			18,13	76,8	2,14	9,26	0,				19,43	77,1	0,88	5,73	0,				12,71	59,2					
01-06-2022 11:02:43						17,87	81,8	2,29	8,72	25,55			19,58	74,6	1,63	9,87	25,5			18,13	76,8	2,21	9,27	0,				19,25	75,9	0,82	5,72	0,				13,65	59,3					
01-06-2022 11:07:41						18,25	82,3	2,56	8,72	25,55			19,77	75,	1,73	9,86	25,5			18,44	78,	2,16	9,28	0,				19,75	76,4	0,92	5,72	0,				13,77	58,5					
01-06-2022 11:12:42						18,50	83,	2,64	8,71	25,55			19,90	74,8	1,75	9,88	25,5			18,69	77,3	2,23	9,28	0,				19,68	75,9	0,82	5,73	0,				13,40	58,5					
01-06-2022 11:17:41						18,43	82,1	2,66	8,72	25,55			19,90	74,2	1,75	9,87	25,5			18,88	77,2	2,16	9,27	0,				19,93	76,3	0,83	5,73	0,				13,83	62,5					
01-06-2022 11:22:42						19,00	82,9	2,48	9,29	25,55			20,02	74,6	1,89	9,87	25,5			19,06	77,6	1,99	9,26	0,				20,43	77,7	0,82	5,74	0,				13,65	61,3					
01-06-2022 11:27:42						19,12	83,1	0,68	1,62	0,			20,15	74,6	1,9	9,87	25,5			19,19	76,5	2,21	9,28	0,				20,81	76,6	1,29	5,74	0,				14,90	59,7					
01-06-2022 11:32:41						19,18	81,6	0,8	3,38	0,			20,21	74,3	2,15	9,87	25,5			19,25	76,4	2,04	9,29	0,				21,37	74,6	1,19	5,74	0,				15,21	61,3					
01-06-2022 11:37:42						19,25	82,5	0,83	4,24	0,			20,40	73,8	2,29	9,87	25,5			19,50	76,6	2,31	9,28	0,				21,75	72,8	1,32	5,74	0,				14,65	55,5					
01-06-2022 11:42:41						19,12	81,4	0,85	5,13	0,			20,21	73,2	2,38	9,88	25,5			19,56	75,6	2,04	9,3	0,				21,87	72,4	1,4	5,75	0,				15,52	53,7					
01-06-2022 11:47:42						19,06	80,8	0,87	5,57	0,			20,15	73,2	2,5	9,87	25,5			19,94	77,6	2,23	9,29	0,				22,25	71,5	1,1	5,75	0,				15,33	63,3					
01-06-2022 11:52:41						18,87	80,1	0,83	5,93	0,			20,21	73,8	2,82	9,88	25,5			20,38	77,3	2,22	9,3	0,				22,43	71,5	1,22	5,75	0,				15,02	59,3					
01-06-2022 11:57:43						18,75	80,4	0,93	6,34	0,			20,46	72,2	2,8	9,87	25,5			20,44	76,4	2,21	9,29	0,				22,68	73,1	1,25	5,76	0,				13,90	57,7					
01-06-2022 12:02:41						18,62	79,1	1,18	6,94	0,			20,77	72,5	2,74	9,87	25,5			20,13	74,7	2,09	9,3	0,				22,50	73,3	1,3	5,76	0,				14,02	63,3					
01-06-2022 12:07:42						18,87	79,	1,53	7,17	0,			20,65	70,9	2,6	9,88	25,5			20,00	75,4	2,39	9,28	0,				22,43	72,7	1,31	5,74	0,				14,83	59,5					
01-06-2022 12:12:42						18,93	79,7	1,71	7,67	0,			20,77	70,3	0,55	2,36	0,01			20,06	74,9	2,17	9,3	0,				22,25	73,2	1,34	5,74	0,				15,52	60,1					
01-06-2022 12:17:41						19,75	80,1	2,13	8,13	0,			20,65	69,8	0,57	2,27	0,01			20,25	75,	2,11	9,28	0,				22,18	72,6	1,23	5,77	0,				14,90	60,					
01-06-2022 12:22:43						19,62	79,3	2,28	9,59	0,			20,96	70,2	0,64	4,19	0,01			20,44	74,9	2,19	9,29	0,				22,12	72,	1,3	5,75	0,				14,83	60,9					
01-06-2022 12:27:41						19,25	79,5	2,33	9,57	0,			21,33	71,7	0,75	4,2	0,			20,56	74,	2,15	9,29	0,				22,06	69,9	1,27	5,75	0,				14,40	62,2					
01-06-2022 12:32:42						19,06	80,3	2,27	9,58	0,			21,27	72,1	0,59	4,2	0,			20,63	72,8	2,09	9,3	0,				21,93	69,6	1,32	5,78	0,				14,40	64,8					
01-06-2022 12:37:42						19,06	79,9	2,32	9,57	0,			21,27	73,	0,59	4,19	0,01			20,69	73,5	2,16	9,3	0,				21,75	69,6	1,24	5,78	0,				14,08	65,8					
01-06-2022 12:42:42						19,43	80,3	2,37	9,58	0,			21,58	72,9	0,69	4,2	0,01			20,94	74,8	2,18	9,31	0,				22,06	72,4	1,41	5,79	0,				14,27	62,1					
01-06-2022 12:47:41						19,37	79,5	2,19	9,57	0,			21,65	71,	0,8	4,2	0,02			20,81	72,4	2,13	9,29	0,				22,25	71,6	1,34	5,79	0,				14,46	68,7					
01-06-2022 12:52:42						19,12	78,1	2,25	9,59	0,			21,21	68,2	0,58	4,2	0,01			20,88	73,1	2,03	9,3	0,				21,93	70,7	1,36	5,79	0,				14,52	64,8					
01-06-2022 12:57:42						18,87	77,9	2,37	9,56	0,			21,15	69,2	0,64	4,2	0,04			20,94	72,1	2,32	9,3	0,				21,68	69,9	1,25	5,78	0,				14,02	64,9					
01-06-2022 13:02:41						18,93	78,2	2,36	9,55	0,			21,21	69,4	0,61	4,2	0,01			20,75	72,4	2,12	9,3	0,				21,75	69,5	1,29	5,78	0,				13,96	66,1					
01-06-2022 13:07:42						18,75	77,7	2,17	9,57	0,			21,15	67,8	0,8	4,2	0,01			20,69	72,7	2,16	9,29	0,				21,56	69,9	1,41	5,78	0,				14,02	68,4					
01-06-2022 13:12:41						18,62	77,5	2,21	9,6	0,			21,02	67,5	0,74	4,19	0,02			20,69	72,3	1,88	9,31	0,				21,56	69,9	1,29	5,78	0,				13,77	68,7					
01-06-2022 13:17:42						18,50	77,6	2,08	9,57	0,			21,08	67,8	0,66	4,2	0,			20,81	72,	2,17	9,29	0,				21,56	69,9	1,43	5,76	0,				14,21	69,4					
01-06-2022 13:22:41						18,81	79,	2,27	9,58	0,			20,96	67,4	0,64	4,19	0,			20,69	73,2	2,09	9,3	0,				21,75	70,7	1,35	5,8	0,				14,21	67,3					
01-06-2022 13:27:42						18,31	77,3	2,16	9,31	0,			20,90	66,2	0,72	4,2	0,01			20,69	72,3	2,12	9,3	0,				21,50	69,7	1,23	5,79	0,				14,15	69,5					
01-06-2022 13:32:41						18,56	78,2	2,27	9,12	0,			20,90	69,	0,6	4,2	0,01			20,56	72,5	2,1	9,3	0,				21,68	69,9	1,28	5,78	0,				14,02	68,5					
01-06-2022 13:37:43						18,50	78,1	2,23	9,09	0,			20,96	66,5	0,83	4,2	0,02			20,69	73,1	2,23	9,3	0,				21,75	70,3	1,36	5,78	0,				13,90	67,7					
01-06-2022 13:42:42						18,50	77,6	2,17	9,58	0,			21,02	67,4	0,66	4,2	0,01			20,63	72,9	2,	9,29	0,				21,75	70,3	1,25	5,78	0,				13,90	69,2					
01-06-2022 13:47:41						18,62	78,	2,27	9,59	0,			21,02	67,4	0,64	4,2	0,01			20,63	72,8	2,15	9,29	0,				22,00	71,9	1,39	5,78	0,				13,65	70,					
01-06-2022 13:52:43						18,68	77,5	2,03	9,58	0,			20,90	66,4	0,69	4,19	0,			20,50	72,6	2,25	9,29	0,				21,68	69,9	1,46	5,77	0,				13,96	69,5					
01-06-2022 13:57:41						18,56	77,	2,38	9,58	0,			20,96	65,7	0,7	4,19	0,			20,25	73,	2,13	9,29	0,				21,68	70,3	1,34	5,79	0,				14,77	68,					
01-06-2022 14:02:42						18,62	77,4	2,34	9,57	0,			21,02	66,4	0,67	4,19	0,01			20,50	73,6	2,17	9,29	0,				21,62	68,8	1,34	5,78	0,				13,96	66,9					
01-06-2022 14:07:42						18,37	76,7	2,21	9,58	0,			20,90	66,1	0,76	4,2	0,01			20,31	72,8	1,97	9,3	0,				21,93	70,3	1,51	5,77	0,				14,58	66,5					
01-06-2022 14:12:42						18,68	77,5	2,14	9,56	0,			20,96	66,3	0,6	4,2	0,01			20,19	72,4	2,12	9,29	0,				22,00	69,7	1,25	5,78	0,				14,21	66,7					
01-06-2022 14:17:41						18,56	76,8	2,15	9,58	0,			21,02	65,7	0,58	4,2	0,			20,19	73,	2,11	9,3	0,				22,00	68,9	1,27	5,78	0,				14,08	68,5					
01-06-2022 14:22:43						18,75	77,1	2,19	9,55	0,			21,02	65,6	0,63	4,2	0,01			20,25	73,2	2,08	9,3	0,				22,00	68,7	1,47	5,78	0,				14,08	66,5					
01-06-2022 14:27:43						18,62	76,9	2,21	9,57	0,			20,90	65,3	0,61	4,2	0,			20,25	72,8	2,12	9,3	0,				21,93	69,6	1,43	5,78	0,				13,90	66,9					
01-06-2022 14:32:41						18,62	77,3	1,86	9,57	0,			21,08	64,9	0,62	4,2	0,02			20,19	73,3	2,22	9,3	0,				21,93	69,6	1,28	5,78	0,				14,65	70,7					
01-06-2022 14:37:42						18,68	77,7	2,32	9,57	0,			21,33	66,5	0,73	4,2	0,			20,31	73,8	2,07	9,31	0,				22,06	70,7	1,37	5,78	0,				14,08	69,					
01-06-2022 14:42:41						18,93	77,3	1,98	9,56	0,			21,52	68,1	0,83	4,2	0,02			20,44	74,1	2,23	9,3	0,				22,25	70,3	1,41	5,79	0,				14,02	69,7					
01-06-2022 14:47:42						19,00	77,7	2,07	9,57	0,			21,40	66,1	0,65	4,2	0,01			20,44	74,4	2,06	9,3	0,				22,25	70,8	1,51	5,77	0,				14,27	71,3					
01-06-2022 14:52:42						18,93	77,9	2,25	9,56	0,			21,33	65,9	0,72	4,2	0,			20,63	73,2	2,08	9,3	0,				22,00	70,1	1,41	5,79	0,				14,02	69,3					
01-06-2022 14:57:43						18,87	77,7	2,32	9,45	0,			21,46	66,2	0,79	4,19	0,			20,50	72,5	2,31	9,29	0,				21,75	69,1	1,45	5,78	0,				14,27	68,9					
01-06-2022 15:02:41						19,12	78,5	2,17	9,58	0,			21,52	65,5	0,62	4,2	0,01			20,44	72,8	2,04	9,29	0,				21,75	69,1	1,35	5,79	0,				14,33	70,1					
01-06-2022 15:07:43						19,25	78,6	2,17	9,56	0,			21,40	66,3	0,68	4,2	0,02			20,50	74,4	2,12	9,28	0,				21,87	69,9	1,26	5,78	0,				14,15	69,8					
01-06-2022 15:12:42						19,31	78,2	2,44	9,56	0,			21,71	66,7	0,81	4,2	0,01			20,63	73,5	2,11	9,29	0,				21,62	70,	1,55	5,8	0,				13,90	69,3					
01-06-2022 15:17:41						18,93	77,7	2,28	9,58	0,			21,58	66,5	0,73	4,2	0,01			20,38	74,4	2,21	9,31	0,				21,87	70,3	1,35	5,77	0,				13,90	71,6					
01-06-2022 15:22:42						19,00	78,1	2,23	9,56	0,			21,46	65,8	0,7	4,2	0,			20,25	73,2	2,19	9,3	0,				21,87	71,7	1,28	5,77	0,				13,90	70,1					
01-06-2022 15:27:42						19,00	78,1	2,17	9,58	0,			21,58	66,3	0,67	4,2	0,			20,19	74,	2,18	9,3	0,				21,87	70,5	1,28	5,79	0,				14,21	71,					
01-06-2022 15:32:42						19,12	78,5	2,37	9,57	0,			21,52	65,7	0,7	4,2	0,01			20,19	74,8	2,15	9,3	0,				21,81	70,7	1,45	5,79	0,				13,77	70,9					
01-06-2022 15:37:41						19,31	80,1	2,15	9,58	0,			21,58	67,	0,83	4,2	0,01			20,19	74,1	2,31	9,29	0,				21,93	71,9	1,44	5,79	0,				14,21	71,1					
01-06-2022 15:42:43						19,12	79,3	2,25	9,58	0,			21,58	67,8	0,74	4,2	0,01			20,19	74,5	2,46	9,3	0,				21,81	71,5	1,5	5,78	0,				13,77	72,					
01-06-2022 15:47:41						19,00	78,5	2,11	9,57	0,			21,46	67,8	0,8	4,2	0,			20,13	74,2	2,1	9,3	0,				21,93	71,9	1,27	5,78	0,				13,71	71,3					
01-06-2022 15:52:43						18,87	78,1	2,12	9,57	0,			21,33	67,8	0,7	4,2	0,			20,00	74,	2,26	9,29	0,				21,62	71,5	1,38	5,77	0,				14,15	72,9					
01-06-2022 15:57:42						18,93	79,	2,2	9,59	0,			21,33	66,5	0,71	4,19	0,			20,00	74,9	2,1	9,3	0,				21,43	71,5	1,36	5,78	0,				13,65	74,1					
01-06-2022 16:02:41						19,06	79,5	2,22	9,58	0,			21,40	67,1	0,82	4,2	0,02			20,06	74,4	2,19	9,29	0,				21,56	72,	1,59	5,78	0,				14,02	73,1					
01-06-2022 16:07:43						19,06	80,	2,12	9,59	0,			21,40	67,2	0,81	4,2	0,			20,31	75,6	2,	9,3	0,				21,50	71,9	1,37	5,78	0,				14,27	74,5					
01-06-2022 16:12:41						19,18	80,4	2,26	9,56	0,			21,52	68,2	0,93	4,2	0,01			20,56	75,4	2,09	9,29	0,				21,50	71,5	1,49	5,76	0,				13,83	72,2					
01-06-2022 16:17:43						18,93	79,4	2,35	9,59	0,			21,46	67,7	0,73	4,2	0,			20,38	74,7	2,18	9,3	0,				21,43	71,4	1,43	5,78	0,				13,90	71,7					
01-06-2022 16:22:41						18,87	79,7	2,06	9,6	0,			21,40	66,6	0,66	4,2	0,01			20,19	75,6	2,4	9,29	0,				21,31	70,7	1,32	5,78	0,				13,90	70,5					
01-06-2022 16:27:42						18,81	79,3	2,51	9,58	0,			21,40	68,1	0,84	4,2	0,01			20,13	75,4	2,08	9,29	0,				21,25	70,3	1,44	5,77	0,				13,21	72,3					
01-06-2022 16:32:42						18,68	79,7	2,27	9,58	0,			21,40	66,7	0,67	4,2	0,01			19,94	74,8	2,28	9,3	0,				21,31	71,9	1,33	5,77	0,				13,46	73,7					
01-06-2022 16:37:42						18,56	80,1	2,18	9,6	0,			21,27	67,4	0,87	4,19	0,			20,00	75,5	2,22	9,3	0,				21,25	71,5	1,45	5,78	0,				13,52	73,6					
01-06-2022 16:42:42						18,62	79,5	2,1	9,57	0,			21,40	67,3	0,82	4,19	0,01			19,94	75,9	2,15	9,29	0,				21,18	70,8	1,38	5,77	0,				13,27	73,7					
01-06-2022 16:47:42						18,50	79,	2,32	9,56	0,			21,65	68,9	0,69	4,2	0,			19,81	75,6	2,07	9,29	0,				21,12	70,7	1,47	5,77	0,				13,02	75,					
01-06-2022 16:52:43						18,31	79,1	2,29	9,51	0,			21,33	67,3	0,74	4,2	0,01			19,69	75,6	2,02	9,28	0,				21,00	71,5	1,55	5,78	0,				13,02	75,4					
01-06-2022 16:57:41						18,43	79,9	2,31	9,4	0,			21,15	68,5	0,66	4,19	0,			19,69	76,4	2,04	9,29	0,				21,25	71,6	1,24	5,79	0,				13,40	76,					
01-06-2022 17:02:42						18,62	80,4	2,23	9,13	0,			21,02	67,8	0,66	4,2	0,01			19,63	75,7	2,18	9,3	0,				21,06	71,9	1,44	5,79	0,				13,77	74,1					
01-06-2022 17:07:41						18,75	80,4	2,57	8,56	0,			21,21	68,8	0,61	4,2	0,02			19,50	76,	2,19	9,29	0,				21,06	72,1	1,3	5,78	0,				13,40	73,8					
01-06-2022 17:12:42						18,56	79,7	2,16	8,34	0,			20,96	67,4	0,61	4,2	0,			19,38	76,5	2,18	9,3	0,				21,12	72,	1,21	5,79	0,				14,02	73,3					
01-06-2022 17:17:41						18,50	80,2	2,33	8,38	0,			20,96	68,2	0,64	4,19	0,01			19,44	76,4	2,12	9,29	0,				20,87	71,9	1,22	5,79	0,				13,58	71,8					
01-06-2022 17:22:42						18,50	80,9	2,21	8,1	0,			20,83	67,8	0,58	4,2	0,01			19,31	76,4	2,14	9,29	0,				21,43	68,7	0,83	5,8	0,				13,40	73,3					
01-06-2022 17:27:42						18,56	80,5	2,25	7,99	0,			21,21	69,	0,73	4,2	0,01			19,56	77,4	1,91	9,29	0,				21,00	70,1	1,47	5,77	0,				12,96	74,1					
01-06-2022 17:32:42						18,81	80,9	2,33	8,27	0,			21,08	70,6	0,63	4,2	0,			19,50	76,5	2,13	9,3	0,				20,87	70,5	0,99	5,79	0,				13,33	75,4					
01-06-2022 17:37:42						18,43	80,1	2,1	8,35	0,			20,90	67,9	0,67	4,2	0,01			19,31	76,4	2,12	9,29	0,				21,43	68,4	0,94	5,78	0,				13,15	73,7					
01-06-2022 17:42:41						18,75	81,	2,42	8,54	0,			20,65	67,5	0,79	4,2	0,			19,13	77,	2,21	9,3	0,				20,87	67,5	1,2	5,79	0,				13,08	74,1					
01-06-2022 17:47:42						18,81	81,7	1,96	9,43	0,			20,83	69,3	0,65	4,19	0,			19,00	76,9	2,2	9,29	0,				20,62	70,7	1,23	5,7	0,				13,15	74,5					
01-06-2022 17:52:42						18,75	82,5	2,32	9,46	0,			20,90	70,2	0,75	4,2	0,			19,06	77,6	2,05	9,29	0,				20,75	68,8	0,89	5,77	0,				12,90	76,4					
01-06-2022 17:57:43						18,37	82,5	2,46	9,46	0,			20,71	70,6	0,64	4,19	0,			19,25	77,8	2,24	9,3	0,				20,81	69,3	0,9	5,78	0,				12,83	75,6					
01-06-2022 18:02:41						18,12	83,	2,06	9,38	0,			20,71	71,7	0,59	4,2	0,			19,38	79,2	2,02	9,28	0,				20,62	71,8	1,34	5,78	0,				12,83	75,9					
01-06-2022 18:07:43						18,12	83,2	2,22	9,37	0,			20,52	73,	0,58	4,2	0,			19,38	78,	2,18	9,3	0,				21,06	73,9	0,86	5,79	0,				13,02	76,4					
01-06-2022 18:12:42						18,06	82,9	2,45	9,04	0,			20,33	71,8	0,75	4,2	0,			19,44	78,9	2,34	9,3	0,				20,81	73,2	1,43	5,78	0,				12,90	76,2					
01-06-2022 18:17:42						17,75	82,5	2,19	8,78	0,			20,08	70,3	0,61	4,19	0,			19,31	77,6	2,08	9,3	0,				21,06	75,7	1,23	5,78	0,				12,71	76,8					
01-06-2022 18:22:42						17,81	82,8	2,47	8,73	0,			20,15	70,9	0,58	4,2	0,			19,38	79,7	2,13	9,29	0,				21,62	72,3	0,9	5,79	0,				12,90	76,7					
01-06-2022 18:27:42						17,75	82,4	2,14	8,31	0,			20,02	72,2	0,66	4,19	0,			19,19	79,5	2,27	9,3	0,				20,93	72,7	0,83	5,79	0,				13,08	76,8					
01-06-2022 18:32:42						17,87	82,1	2,09	8,19	0,			19,96	71,	0,76	4,19	0,			19,00	79,2	2,26	9,3	0,				20,81	74,7	1,	5,79	0,				12,83	76,8					
01-06-2022 18:37:41						17,75	82,5	1,97	7,93	0,			19,90	71,8	0,62	4,2	0,01			18,81	80,	2,21	9,29	0,				20,43	73,5	0,87	5,78	0,				12,65	77,2					
01-06-2022 18:42:42						17,75	82,6	1,93	7,66	0,			19,77	70,9	0,65	4,2	0,			18,63	79,2	2,28	9,28	0,				20,12	72,8	0,88	5,77	0,				12,58	76,8					
01-06-2022 18:47:41						17,75	82,1	1,73	7,42	0,			19,71	70,	0,84	4,2	0,			18,38	78,8	1,83	9,17	0,				19,81	73,6	0,89	5,79	0,				12,46	77,1					
01-06-2022 18:52:43						17,87	82,5	1,67	7,34	0,			19,71	69,5	0,64	4,2	0,01			18,19	78,8	2,2	8,89	0,				19,87	74,3	0,94	5,79	0,				12,52	77,					
01-06-2022 18:57:42						17,75	82,5	1,74	7,33	0,			19,46	71,	0,67	4,2	0,			18,19	79,6	2,47	8,7	0,				19,68	74,5	0,93	5,78	0,				12,27	77,3					
01-06-2022 19:02:42						17,68	82,5	1,28	7,33	0,			19,40	71,	0,62	4,2	0,01			18,06	78,7	2,44	8,58	0,				19,68	73,9	0,84	5,81	0,				12,33	78,					
01-06-2022 19:07:42						17,81	82,9	1,41	7,05	0,			19,33	72,2	0,55	4,19	0,01			17,94	78,7	2,26	8,58	0,				19,93	74,3	0,89	5,79	0,				12,33	77,6					
01-06-2022 19:12:41						17,81	82,5	1,63	7,14	0,			19,33	70,6	0,67	4,19	0,01			17,94	79,1	2,12	8,59	0,				19,50	73,5	0,87	5,8	0,				12,27	77,8					
01-06-2022 19:17:42						17,81	82,3	1,38	6,92	0,			19,27	71,3	0,54	4,19	0,			17,94	78,8	2,37	8,82	0,				19,56	74,7	0,85	5,8	0,				12,27	78,3					
01-06-2022 19:22:41						17,81	83,2	1,38	6,77	0,			19,15	69,8	0,71	4,19	0,			17,88	78,8	2,44	8,81	0,				19,62	73,9	0,85	5,79	0,				12,27	78,2					
01-06-2022 19:27:42						17,93	82,7	1,26	6,76	0,			19,33	72,3	0,68	4,2	0,			17,88	79,8	2,39	8,82	0,				19,62	73,1	0,92	5,79	0,				12,27	78,4					
01-06-2022 19:32:41						17,87	82,7	1,39	6,77	0,			19,27	70,8	0,6	4,19	0,01			17,81	79,	2,14	8,98	0,				19,62	73,7	0,83	5,79	0,				12,27	78,3					
01-06-2022 19:37:42						18,00	82,9	1,21	6,78	0,			19,27	71,9	0,64	4,2	0,			17,81	78,8	1,99	9,11	0,				19,68	73,5	0,9	5,79	0,				12,33	77,6					
01-06-2022 19:42:43						17,93	82,9	1,77	7,33	0,			19,27	72,2	0,74	4,2	0,02			17,88	79,3	2,24	9,29	0,				19,50	73,5	0,98	5,79	0,				12,33	78,					
01-06-2022 19:47:41						17,68	83,	1,85	7,73	0,			19,40	71,8	0,59	4,19	0,			17,81	79,2	2,12	9,3	0,				19,62	73,8	0,91	5,79	0,				12,33	78,					
01-06-2022 19:52:42						17,93	84,1	2,24	7,89	0,			19,15	71,8	0,62	4,19	0,01			17,88	79,7	2,07	9,29	0,				19,62	73,9	0,86	5,79	0,				12,27	77,8					
01-06-2022 19:57:41						18,00	83,7	2,08	8,02	0,			19,21	73,	0,63	4,19	0,			17,81	79,4	2,21	9,29	0,				19,56	73,5	0,92	5,78	0,				12,27	77,8					
01-06-2022 20:02:42						17,62	82,9	2,04	7,93	0,			19,15	72,6	0,63	4,19	0,			17,81	79,3	2,21	9,29	0,				19,75	73,9	0,91	5,79	0,				12,15	78,					
01-06-2022 20:07:42						17,31	82,9	2,03	7,95	0,			19,15	72,7	0,65	4,19	0,01			17,63	79,2	2,19	9,3	0,				19,68	73,5	0,84	5,79	0,				12,27	78,					
01-06-2022 20:12:43						17,43	82,9	2,03	7,73	0,			19,08	71,4	0,68	4,2	0,			17,75	79,	2,03	9,3	0,				19,56	74,1	0,86	5,79	0,				11,96	78,4					
01-06-2022 20:17:41						17,50	83,	1,48	7,51	0,			19,27	73,2	0,64	4,2	0,01			17,75	79,3	2,21	9,27	0,				19,68	74,7	0,85	5,79	0,				12,02	78,3					
01-06-2022 20:22:42						17,37	83,	1,67	7,62	0,			19,02	71,4	0,62	4,19	0,01			17,69	79,2	2,18	9,29	0,				19,43	74,1	0,87	5,8	0,				12,08	78,2					
01-06-2022 20:27:43						17,56	83,5	1,65	7,25	0,			19,21	73,6	0,61	4,19	0,01			17,75	79,2	2,07	9,28	0,				19,50	74,3	0,94	5,8	0,				12,08	78,3					
01-06-2022 20:32:41						17,75	83,3	1,64	7,44	0,			19,27	72,7	0,64	4,2	0,			17,69	79,2	2,26	9,29	0,				19,68	74,1	0,88	5,79	0,				11,90	78,4					
01-06-2022 20:37:42						17,56	83,4	1,69	7,44	0,			19,08	72,3	0,67	4,19	0,			17,69	79,8	2,24	9,29	0,				19,12	73,3	0,89	5,79	0,				12,02	79,2					
01-06-2022 20:42:41						17,62	84,5	1,63	7,44	0,			18,96	73,	0,63	4,19	0,01			17,63	80,1	2,28	8,98	0,				19,25	73,9	0,84	5,8	0,				12,08	79,3					
01-06-2022 20:47:42						17,43	83,8	1,71	7,14	0,			18,96	73,2	0,55	4,2	0,01			17,56	79,4	2,16	9,29	0,				19,37	73,8	0,89	5,8	0,				11,96	79,2					
01-06-2022 20:52:42						17,56	84,	1,29	6,65	0,			18,83	73,	0,74	4,19	0,			17,56	79,6	2,07	9,29	0,				19,31	73,9	0,82	5,79	0,				11,90	79,3					
01-06-2022 20:57:42						17,68	84,1	0,99	6,4	0,			18,77	73,	0,65	4,2	0,01			17,50	79,8	2,1	9,29	0,				19,50	75,	0,89	5,79	0,				11,77	79,2					
01-06-2022 21:02:42						17,81	83,7	0,87	5,88	0,			18,77	72,6	0,68	4,2	0,01			17,50	79,8	2,08	9,29	0,				19,37	75,1	0,88	5,8	0,				11,83	79,2					
01-06-2022 21:07:42						17,87	83,	0,81	5,45	0,			18,83	73,	0,63	4,2	0,			17,38	79,4	2,17	9,29	0,				19,37	75,1	0,9	5,79	0,				11,83	79,6					
01-06-2022 21:12:42						17,75	83,3	0,86	5,19	0,			18,83	74,3	0,62	3,32	0,			17,31	79,2	2,1	9,29	0,				19,25	74,7	0,84	5,8	0,				11,77	80,1					
01-06-2022 21:17:42						17,81	83,2	0,83	4,76	0,			19,15	74,6	0,55	2,12	0,			17,25	79,7	2,08	9,29	0,				19,62	75,7	0,88	5,79	0,				11,71	80,					
01-06-2022 21:22:42						17,75	83,2	0,77	4,65	0,			19,08	74,2	0,49	1,59	0,01			17,31	80,	2,09	8,92	0,				19,56	75,5	0,86	5,8	0,				11,71	80,					
01-06-2022 21:27:41						17,93	82,7	0,88	4,14	0,			18,90	73,	0,83	1,24	0,			17,25	79,6	2,1	8,93	0,				19,31	75,9	0,94	5,79	0,				11,65	80,					
01-06-2022 21:32:42						18,06	82,9	0,77	3,75	0,			18,90	73,	0,48	0,62	0,			17,25	79,6	2,4	8,3	0,				19,25	75,2	0,91	5,8	0,				11,65	81,4					
01-06-2022 21:37:42						18,50	83,6	0,77	3,84	0,			18,83	73,4	0,48	0,36	0,			17,19	79,6	2,25	8,31	0,				19,37	75,5	0,87	5,83	0,				11,52	82,4					
01-06-2022 21:42:42						18,50	83,7	0,78	4,07	0,			18,71	73,4	0,47	0,1	0,			17,31	79,7	2,38	8,1	0,				19,25	75,3	0,83	5,83	0,				11,33	83,6					
01-06-2022 21:47:41						18,81	84,3	0,7	4,78	0,			18,46	72,6	0,48	0,1	0,			17,31	80,	2,11	8,12	0,				19,18	75,2	0,82	5,82	0,				11,27	84,1					
01-06-2022 21:52:42						18,31	83,2	0,77	5,06	0,			18,58	74,2	2,56	9,88	25,5			17,38	79,8	2,33	8,29	0,				19,06	75,4	0,82	5,81	0,				11,33	84,8					
01-06-2022 21:57:43						18,06	83,3	0,78	5,28	0,			19,02	75,6	2,66	9,87	25,5			17,31	80,	2,34	8,71	0,				19,12	76,3	0,83	5,81	0,				11,27	84,8					
01-06-2022 22:02:41						17,93	83,5	0,8	5,54	0,			18,77	73,4	2,58	9,87	25,5			17,44	80,	2,23	8,87	0,				19,50	76,7	0,78	5,81	0,				11,27	84,8					
01-06-2022 22:07:42						17,93	83,7	0,8	5,64	0,			18,77	74,3	2,5	9,87	25,5			17,44	80,2	2,32	8,79	0,				19,00	75,9	0,84	5,81	0,				11,21	84,6					
01-06-2022 22:12:40						17,68	83,2	0,84	5,45	0,			18,71	75,	2,5	9,88	25,5			17,25	80,4	2,09	8,8	0,				19,00	76,4	0,77	5,82	0,				11,27	84,4					
01-06-2022 22:17:43						17,68	82,8	0,79	5,05	0,			18,77	74,3	2,32	9,87	25,5			17,31	80,5	2,3	8,64	0,				18,81	75,8	0,85	5,83	0,				11,21	84,4					
01-06-2022 22:22:41						17,75	83,7	0,69	4,94	0,			18,65	74,2	2,34	9,87	25,5			17,38	80,8	2,34	7,95	0,				18,87	76,2	0,81	5,81	0,				11,02	84,					
01-06-2022 22:27:42						17,75	83,3	0,72	4,15	0,			18,77	75,3	2,11	9,87	25,5			17,25	80,	2,22	7,96	0,				18,75	76,3	0,79	5,81	0,				10,90	84,1					
01-06-2022 22:32:41						17,56	82,9	0,76	3,38	0,			18,77	74,2	1,92	9,87	25,5			17,00	80,7	1,79	7,96	0,				18,68	76,	0,88	5,81	0,				10,83	83,9					
01-06-2022 22:37:43						17,62	83,7	0,74	3,2	0,			18,83	73,9	1,82	9,87	25,5			17,06	80,4	2,	7,35	0,				18,37	75,6	0,83	5,82	0,				10,90	83,8					
01-06-2022 22:42:42						17,81	83,	0,74	3,17	0,			18,90	74,6	1,61	9,87	25,5			16,94	80,3	1,48	7,34	0,				18,50	75,9	0,82	5,82	0,				10,77	83,9					
01-06-2022 22:47:41						18,06	82,4	0,76	3,17	0,			19,08	75,	1,62	9,66	25,5			17,00	80,1	1,45	7,14	0,				18,43	75,9	0,83	5,81	0,				10,71	84,2					
01-06-2022 22:52:42						17,87	82,4	0,6	2,08	0,			19,27	75,	1,63	9,87	25,5			17,06	80,	1,37	6,91	0,				18,31	75,2	0,84	5,82	0,				10,58	84,4					
01-06-2022 22:57:41						17,37	82,5	0,59	1,14	0,			19,33	74,2	1,57	9,88	25,5			17,13	80,4	1,32	6,91	0,				18,31	75,6	0,86	5,81	0,				10,58	84,5					
01-06-2022 23:02:42						17,43	82,2	0,49	0,19	0,			19,46	75,	1,76	9,87	25,5			17,06	80,5	1,25	6,6	0,				18,43	75,9	0,87	5,82	0,				10,58	84,7					
01-06-2022 23:07:41						17,43	82,5	0,45	0,	0,			19,27	74,2	1,77	9,87	25,5			17,19	80,4	1,06	6,48	0,				18,43	76,3	0,78	5,82	0,				10,58	84,1					
01-06-2022 23:12:42						17,56	83,	1,51	0,34	25,55			18,96	73,	1,47	9,87	25,5			17,19	80,5	1,08	6,48	0,				18,31	77,5	0,87	5,8	0,				10,77	84,					
01-06-2022 23:17:41						17,25	82,1	2,62	8,72	25,55			19,08	74,	1,5	9,87	25,5			17,63	81,	1,33	6,93	0,				18,81	79,1	0,82	5,82	0,				10,83	84,					
01-06-2022 23:22:42						17,81	84,9	2,58	8,8	25,55			19,21	74,2	1,55	9,87	25,5			17,81	80,8	2,09	7,85	0,				19,31	80,8	0,81	5,8	0,				10,77	83,6					
01-06-2022 23:27:42						18,81	84,4	2,58	9,22	25,55			19,15	73,9	1,59	9,86	25,5			17,75	81,3	2,43	8,55	0,				19,12	81,3	0,83	5,82	0,				10,83	83,6					
01-06-2022 23:32:41						18,62	83,6	2,27	9,53	25,55			19,21	74,4	1,54	9,86	25,5			17,25	81,5	2,46	8,63	0,				19,25	82,4	0,8	5,8	0,				10,83	83,3					
01-06-2022 23:37:43						18,31	84,4	0,63	2,38	0,			19,08	74,5	1,61	9,87	25,5			16,88	81,6	2,44	8,24	0,				19,06	82,3	0,82	5,81	0,				10,77	83,2					
01-06-2022 23:42:42						18,62	84,1	0,68	3,37	0,			19,27	74,2	1,56	9,87	25,5			16,63	81,	2,43	8,24	0,				18,87	80,7	0,8	5,82	0,				10,83	83,2					
01-06-2022 23:47:43						18,43	84,5	0,72	3,67	0,			19,21	74,6	1,57	9,87	25,5			16,50	81,6	2,17	8,24	0,				18,50	81,8	0,82	5,83	0,				10,83	83,1					
01-06-2022 23:52:41						18,31	85,3	0,76	3,96	0,			19,90	76,4	1,61	9,88	25,5			16,38	81,7	2,2	8,07	0,				18,43	81,5	0,81	5,82	0,				10,77	82,9					
01-06-2022 23:57:42						18,31	85,3	0,72	4,35	0,			20,15	76,5	1,8	9,88	25,5			16,38	81,6	1,79	7,46	0,				18,43	81,5	0,84	5,81	0,				10,83	83,1					
