Net no:						1	1	1	1	1			1	1	1	1	1			1	1	1	1	1				1	1	1	1	1				1	1					
Object no:						131	141	150	151	152			134	144	159	160	161			133	143	156	157	158				132	142	153	154	155				130	140					
Table no:						0	0	0	0	0			0	0	0	0	0			0	0	0	0	0				0	0	0	0	0				0	0					
Code no:						48	48	48	48	48			48	48	136	136	136			48	48	48	48	48				48	48	48	48	48				48	48					
Calculation:						T	/10	/100	/100	/100			T	/10	/100	/100	/100			T	/10	/100	/100	/100				T	/10	/100	/100	/100				T	/10					
Date/time:	Afp. 1776	Bes. 97184			Stald 1	Temp_stald1	Fugt_stald1	DynamicAir_trinlřs_stald1	Spjćld_trinlřs_stald 1	On/off_stald1		Stald 2	Temp_stald2	Fugt_stald2	DynamicAir_trinlřs_stald2	Spjćld_trinlřs_stald2	On/off_stald2		Stald5	Temp_stald5	Fugt_stald5	DynamicAir_trinlřs_stald5	Spjćld_trinlřs_stald5	On/off_stald 5			Stald6	Temp_stald6	Fugt_stald 6	DynamicAir_trinlřs_stald6	Spjćld_trinlřs_stald6	On/off_stald6			UDE	Temp_ude	Fugt_ude					
28-07-2022 00:02:41						16,43	83,7	0,77	2,58	0,			18,58	74,1	2,5	9,85	0,			22,50	0,	0,61	0,	25,67				25,37	72,3	0,61	0,	25,5				13,21	77,1					
28-07-2022 00:07:43						16,50	83,6	0,64	1,51	0,			18,58	73,4	2,56	9,85	0,			22,50	0,	0,64	0,	25,67				25,56	72,2	0,61	0,	25,5				13,08	77,2					
28-07-2022 00:12:42						16,25	83,3	0,52	0,	0,			18,40	73,4	2,15	9,86	0,			22,56	0,	0,52	0,	25,67				25,62	72,1	0,54	0,	25,5				13,15	77,6					
28-07-2022 00:17:41						16,25	83,2	0,45	0,	0,			18,40	73,7	2,28	9,85	0,			22,56	0,	0,54	0,	25,67				25,31	72,	0,51	0,	25,5				13,15	78,					
28-07-2022 00:22:43						16,25	84,	2,66	8,71	25,55			18,40	73,8	2,54	9,84	0,			22,50	0,	0,59	0,	25,67				25,18	72,1	0,71	0,	25,5				13,15	78,					
28-07-2022 00:27:41						16,18	83,6	2,66	8,92	25,55			18,40	73,9	2,08	9,84	0,			22,44	0,	0,67	0,	25,67				25,18	72,1	0,69	0,	25,5				13,15	78,					
28-07-2022 00:32:42						16,06	84,1	2,51	8,67	25,55			18,40	73,5	2,6	9,84	0,			22,44	0,	0,66	0,	25,67				25,06	72,3	0,67	0,	25,5				13,21	77,9					
28-07-2022 00:37:41						16,18	84,1	2,67	8,77	25,55			18,46	72,9	2,37	9,84	0,			22,38	0,	0,57	0,	25,67				25,37	72,3	0,65	0,	25,5				13,15	77,8					
28-07-2022 00:42:42						16,12	84,5	2,58	8,61	25,55			18,52	72,2	2,55	9,85	0,			22,44	0,	0,53	0,	25,67				25,43	72,3	0,51	0,	25,5				13,08	78,5					
28-07-2022 00:47:40						16,31	84,1	2,69	8,51	25,55			18,58	73,4	2,61	9,85	0,			22,50	0,	0,54	0,	25,67				25,25	72,3	0,54	0,	25,5				13,02	78,8					
28-07-2022 00:52:43						16,31	84,2	2,46	8,42	25,55			18,65	73,	2,54	9,84	0,			22,56	0,	0,66	0,	25,67				25,31	72,3	0,61	0,	25,5				13,08	78,5					
28-07-2022 00:57:42						16,31	84,1	2,28	8,43	25,55			18,58	72,6	2,59	9,84	0,			22,56	0,	0,59	0,	25,67				25,56	72,3	0,52	0,	25,5				13,08	78,6					
28-07-2022 01:02:41						16,31	84,3	2,2	8,33	25,55			18,46	72,5	2,56	9,84	0,			22,56	0,	0,57	0,	25,67				25,37	72,3	0,61	0,	25,5				13,08	78,7					
28-07-2022 01:07:42						16,56	84,1	2,49	8,33	25,55			18,58	72,8	2,65	9,84	0,			22,56	0,	0,68	0,	25,67				25,56	72,1	0,68	0,	25,5				13,08	78,8					
28-07-2022 01:12:40						16,37	84,1	2,57	8,35	25,55			18,52	72,8	2,6	9,85	0,			22,50	0,	0,6	0,	25,67				25,12	72,3	0,57	0,	25,5				13,08	78,8					
28-07-2022 01:17:42						16,37	84,1	2,3	8,33	25,55			18,46	72,6	2,43	9,84	0,			22,44	0,	0,52	0,	25,67				25,18	72,4	0,58	0,	25,5				13,02	78,8					
28-07-2022 01:22:40						16,50	84,	2,39	8,35	25,55			18,46	72,2	2,47	9,85	0,			22,44	0,	0,53	0,	25,67				25,18	72,7	0,51	0,	25,5				12,96	79,2					
28-07-2022 01:27:42						16,43	83,5	2,55	8,34	25,55			18,33	71,6	2,51	9,84	0,			22,50	0,	0,65	0,	25,67				25,25	72,5	0,59	0,	25,5				12,96	79,1					
28-07-2022 01:32:41						16,37	84,1	2,35	8,33	25,55			18,33	73,	2,39	9,84	0,			22,44	0,	0,53	0,	25,67				25,18	72,5	0,57	0,	25,5				13,02	79,4					
28-07-2022 01:37:43						16,50	84,4	2,23	8,34	25,55			18,46	72,9	2,55	9,84	0,			22,44	0,	0,69	0,	25,67				25,43	72,3	0,68	0,	25,5				13,02	79,3					
28-07-2022 01:42:41						16,50	83,8	2,41	8,34	25,55			18,46	71,9	2,26	9,84	0,			22,50	0,	0,53	0,	25,67				25,31	72,3	0,54	0,	25,5				12,96	79,6					
28-07-2022 01:47:40						16,43	84,	2,3	8,35	25,55			18,52	74,1	2,28	9,84	0,			22,50	0,	0,57	0,	25,67				25,25	72,3	0,63	0,	25,5				12,96	79,5					
28-07-2022 01:52:41						16,43	84,1	2,33	8,35	25,55			18,52	72,2	2,33	9,84	0,			22,56	0,	0,59	0,	25,67				25,56	72,3	0,59	0,	25,5				12,96	79,3					
28-07-2022 01:57:40						16,56	84,1	2,41	8,35	25,55			18,40	72,6	2,6	9,85	0,			22,50	0,	0,55	0,	25,67				25,37	72,2	0,54	0,	25,5				12,96	79,2					
28-07-2022 02:02:42						16,50	84,	2,39	8,34	25,55			18,21	71,8	2,7	9,84	0,			22,44	0,	0,68	0,	25,67				25,18	72,3	0,55	0,	25,5				12,90	78,7					
28-07-2022 02:07:41						16,43	83,7	2,44	8,35	25,55			18,33	73,	2,36	9,84	0,			22,44	0,	0,58	0,	25,67				25,06	72,6	0,54	0,	25,5				12,83	79,1					
28-07-2022 02:12:41						16,43	84,1	2,31	8,25	25,55			18,33	72,6	2,46	9,84	0,			22,50	0,	0,65	0,	25,67				25,37	72,7	0,72	0,	25,5				12,83	79,2					
28-07-2022 02:17:40						16,50	83,7	2,43	8,22	25,55			18,33	72,6	2,65	9,85	0,			22,50	0,	0,59	0,	25,67				25,31	72,5	0,59	0,	25,5				12,83	79,5					
28-07-2022 02:22:41						16,37	83,7	2,16	8,14	25,55			18,21	71,8	2,65	9,84	0,			22,50	0,	0,6	0,	25,67				25,18	72,4	0,58	0,	25,5				12,77	79,7					
28-07-2022 02:27:42						16,43	83,7	2,28	8,14	25,55			18,27	72,3	2,44	9,84	0,			22,50	0,	0,57	0,	25,67				25,25	72,5	0,58	0,	25,5				12,77	80,1					
28-07-2022 02:32:42						16,56	84,1	2,23	8,14	25,55			18,21	72,1	2,57	9,84	0,			22,56	0,	0,59	0,	25,67				25,18	72,3	0,66	0,	25,5				12,83	79,6					
28-07-2022 02:37:42						16,50	84,	2,5	8,13	25,55			18,27	71,7	2,46	9,84	0,			22,63	0,	0,5	0,	25,67				25,50	72,4	0,58	0,	25,5				12,83	79,6					
28-07-2022 02:42:41						16,43	83,8	2,48	8,14	25,55			18,27	71,8	2,36	9,84	0,			22,63	0,	0,75	0,	25,67				25,56	72,4	0,74	0,	25,5				12,71	79,6					
28-07-2022 02:47:42						16,50	84,	2,32	8,14	25,55			18,15	71,2	2,57	9,83	0,			22,56	0,	0,73	0,	25,67				25,37	72,3	0,72	0,	25,5				12,77	78,8					
28-07-2022 02:52:41						16,81	84,1	2,43	8,13	25,55			18,21	71,6	2,59	9,84	0,			22,50	0,	0,68	0,	25,67				25,31	72,3	0,59	0,	25,5				12,77	78,8					
28-07-2022 02:57:42						16,37	84,1	2,19	8,14	25,55			18,15	71,4	2,35	9,84	0,			22,44	0,	0,51	0,	25,67				25,25	72,7	0,51	0,	25,5				12,52	79,7					
28-07-2022 03:02:41						16,37	83,4	2,24	8,14	25,55			18,02	70,6	2,44	9,84	0,			22,44	0,	0,59	0,	25,67				25,25	72,8	0,66	0,	25,5				12,52	79,7					
28-07-2022 03:07:42						16,31	83,7	2,34	8,13	25,55			17,90	70,6	2,4	9,84	0,			22,50	0,	0,64	0,	25,67				25,43	72,7	0,55	0,	25,5				12,52	80,					
28-07-2022 03:12:43						16,37	83,7	2,25	8,03	25,55			17,83	71,8	2,38	9,84	0,			22,50	0,	0,58	0,	25,67				25,43	72,7	0,55	0,	25,5				12,65	80,					
28-07-2022 03:17:41						16,50	83,6	2,32	8,11	25,55			18,02	71,4	2,39	9,84	0,			22,50	0,	0,53	0,	25,67				25,25	72,7	0,52	0,	25,5				12,65	80,4					
28-07-2022 03:22:42						16,50	84,1	2,16	7,93	25,55			17,90	71,6	2,71	9,85	0,			22,63	0,	0,52	0,	25,67				25,50	72,7	0,64	0,	25,5				12,58	80,4					
28-07-2022 03:27:40						16,50	83,9	2,2	7,93	25,55			18,08	72,2	2,67	9,84	0,			22,69	0,	0,57	0,	25,67				25,56	72,5	0,54	0,	25,5				12,65	80,					
28-07-2022 03:32:42						16,56	84,1	2,13	7,86	25,55			18,02	72,1	2,61	9,84	0,			22,63	0,	0,56	0,	25,67				25,56	72,5	0,55	0,	25,5				12,52	80,5					
28-07-2022 03:37:40						16,56	84,3	2,19	7,86	25,55			18,15	72,7	2,55	9,85	0,			22,56	0,	0,53	0,	25,67				25,50	72,3	0,57	0,	25,5				12,65	80,8					
28-07-2022 03:42:42						16,68	83,9	2,25	7,85	25,55			18,27	73,9	2,54	9,84	0,			22,56	0,	0,55	0,	25,67				25,18	72,7	0,58	0,	25,5				12,58	80,5					
28-07-2022 03:47:41						16,68	83,8	2,33	7,86	25,55			18,15	72,2	2,69	9,84	0,			22,56	0,	0,6	0,	25,67				25,12	72,7	0,65	0,	25,5				12,58	80,7					
28-07-2022 03:52:42						16,56	83,7	2,2	7,87	25,55			18,08	72,3	2,57	9,84	0,			22,56	0,	0,56	0,	25,67				25,31	73,1	0,55	0,	25,5				12,65	80,8					
28-07-2022 03:57:42						16,56	83,3	2,15	7,85	25,55			17,96	71,8	2,62	9,85	0,			22,56	0,	0,58	0,	25,67				25,18	73,	0,58	0,	25,5				12,58	80,9					
28-07-2022 04:02:41						16,56	83,8	2,18	7,87	25,55			18,08	73,2	2,51	9,85	0,			22,56	0,	0,52	0,	25,67				25,37	72,8	0,51	0,	25,5				12,52	81,					
28-07-2022 04:07:41						16,56	83,6	2,04	7,85	25,55			17,90	72,2	2,39	9,84	0,			22,63	0,	0,5	0,	25,67				25,12	72,8	0,51	0,	25,5				12,58	80,8					
28-07-2022 04:12:42						16,43	83,7	2,33	7,85	25,55			18,02	72,3	2,5	9,84	0,			22,63	0,	0,53	0,	25,67				25,43	72,8	0,54	0,	25,5				12,58	80,6					
28-07-2022 04:17:42						16,37	83,9	2,26	7,88	25,55			17,90	72,6	2,52	9,84	0,			22,69	0,	0,51	0,	25,67				25,43	72,8	0,51	0,	25,5				12,65	80,5					
28-07-2022 04:22:40						16,50	84,5	2,04	7,86	25,55			17,83	72,6	2,49	9,84	0,			22,63	0,	0,54	0,	25,67				25,50	72,8	0,55	0,	25,5				12,65	80,4					
28-07-2022 04:27:42						16,37	83,7	2,29	7,86	25,55			17,96	72,5	2,62	9,84	0,			22,63	0,	0,52	0,	25,67				25,18	72,7	0,52	0,	25,5				12,65	80,5					
28-07-2022 04:32:40						16,37	84,	2,15	7,86	25,55			17,96	72,8	2,5	9,84	0,			22,56	0,	0,52	0,	25,67				25,43	72,8	0,51	0,	25,5				12,58	80,8					
28-07-2022 04:37:41						16,31	84,1	2,29	7,86	25,55			17,83	73,8	2,25	9,84	0,			22,56	0,	0,52	0,	25,67				25,31	73,1	0,54	0,	25,5				12,58	80,4					
28-07-2022 04:42:41						16,37	83,8	2,09	7,84	25,55			17,83	72,5	2,57	9,84	0,			22,50	0,	0,54	0,	25,67				25,18	73,1	0,55	0,	25,5				12,65	80,					
28-07-2022 04:47:41						16,37	84,1	2,16	7,86	25,55			17,77	71,5	2,53	9,84	0,			22,56	0,	0,52	0,	25,67				25,43	73,1	0,58	0,	25,5				12,52	80,4					
28-07-2022 04:52:42						16,31	84,	2,27	7,88	25,55			17,77	72,6	2,47	9,81	0,			22,63	0,	0,51	0,	25,67				25,12	73,1	0,55	0,	25,5				12,58	80,4					
28-07-2022 04:57:41						16,50	84,5	2,11	8,04	25,55			17,77	72,2	2,57	9,8	0,			22,63	0,	0,5	0,	25,67				25,18	73,1	0,52	0,	25,5				12,58	80,4					
28-07-2022 05:02:41						16,31	83,7	2,25	8,03	25,55			17,65	71,6	2,32	9,81	0,			22,63	0,	0,52	0,	25,67				25,43	73,1	0,58	0,	25,5				12,52	80,8					
28-07-2022 05:07:41						16,25	84,1	2,4	8,04	25,55			17,83	72,1	2,43	9,8	0,			22,69	0,	0,48	0,	25,67				25,56	73,1	0,49	0,	25,5				12,52	81,2					
28-07-2022 05:12:41						16,31	84,1	2,18	7,87	25,55			17,83	72,3	2,45	9,8	0,			22,56	0,	0,48	0,	25,67				25,25	72,8	0,5	0,	25,5				12,58	81,3					
28-07-2022 05:17:41						16,43	84,3	2,02	7,93	25,55			17,83	72,6	2,67	9,81	0,			22,69	0,	0,51	0,	25,67				25,31	73,1	0,51	0,	25,5				12,65	81,2					
28-07-2022 05:22:42						16,43	84,1	2,02	7,84	25,55			17,83	72,7	2,48	9,81	0,			22,69	0,	0,48	0,	25,67				25,37	73,1	0,48	0,	25,5				12,58	81,5					
28-07-2022 05:27:42						16,50	84,1	2,12	7,88	25,55			17,83	72,6	2,62	9,81	0,			22,75	0,	0,48	0,	25,67				25,50	73,	0,51	0,	25,5				12,58	81,2					
28-07-2022 05:32:41						16,37	83,7	2,07	7,88	25,55			17,83	72,4	2,39	9,82	0,			22,75	0,	0,49	0,	25,67				25,62	73,	0,5	0,	25,5				12,71	80,9					
28-07-2022 05:37:42						16,56	84,5	2,15	7,88	25,55			17,83	72,6	2,58	9,81	0,			22,75	0,	0,48	0,	25,67				25,56	72,7	0,51	0,	25,5				12,71	80,9					
28-07-2022 05:42:41						16,43	83,9	1,88	7,86	25,55			17,83	72,8	2,5	9,81	0,			22,69	0,	0,5	0,	25,67				25,37	72,7	0,5	0,	25,5				12,65	81,2					
28-07-2022 05:47:42						16,56	84,1	1,99	7,88	25,55			17,83	72,5	2,51	9,81	0,			22,69	0,	0,48	0,	25,67				25,25	73,	0,51	0,	25,5				12,71	81,2					
28-07-2022 05:52:41						16,43	84,	2,13	7,86	25,55			17,77	72,7	2,49	9,81	0,			22,69	0,	0,49	0,	25,67				25,25	73,2	0,51	0,	25,5				12,71	81,					
28-07-2022 05:57:41						16,50	84,1	2,1	7,87	25,55			17,96	73,4	2,52	9,81	0,			22,63	0,	0,55	0,	25,67				25,25	73,1	0,55	0,	25,5				12,83	80,					
28-07-2022 06:02:41						16,56	84,	2,19	7,85	25,55			17,83	72,9	2,4	9,8	0,			22,63	0,	0,5	0,	25,67				25,25	73,1	0,55	0,	25,5				12,83	80,1					
28-07-2022 06:07:41						16,56	84,1	2,21	7,84	25,55			17,96	73,4	2,4	9,82	0,			22,63	0,	0,49	0,	25,67				25,25	73,1	0,51	0,	25,5				12,83	80,1					
28-07-2022 06:12:42						16,43	84,1	2,13	7,85	25,55			17,96	73,1	2,57	9,81	0,			22,69	0,	0,48	0,	25,67				25,50	73,1	0,51	0,	25,5				12,96	80,2					
28-07-2022 06:17:41						16,50	84,4	2,01	7,85	25,55			17,90	72,7	2,58	9,8	0,			22,75	0,	0,49	0,	25,67				25,31	73,1	0,51	0,	25,5				12,90	80,3					
28-07-2022 06:22:42						16,43	84,5	1,93	7,86	25,55			17,83	73,1	2,4	9,8	0,			22,75	0,	0,48	0,	25,67				25,37	73,1	0,49	0,	25,5				12,96	80,4					
28-07-2022 06:27:41						16,81	84,9	1,98	7,85	25,55			18,02	73,4	2,6	9,81	0,			22,81	0,	0,48	0,	25,67				25,50	73,1	0,51	0,	25,5				13,02	80,3					
28-07-2022 06:32:42						16,68	84,9	2,41	8,17	25,55			17,90	73,4	2,53	9,81	0,			22,75	0,	0,57	0,	25,67				25,25	73,	0,55	0,	25,5				13,02	79,6					
28-07-2022 06:37:41						16,62	84,5	2,44	8,14	25,55			18,02	73,7	2,52	9,8	0,			22,69	0,	0,52	0,	25,67				25,31	73,1	0,51	0,	25,5				13,15	78,					
28-07-2022 06:42:43						16,93	84,9	2,57	8,17	25,55			17,96	73,8	2,49	9,8	0,			22,69	0,	0,56	0,	25,67				25,25	73,4	0,51	0,	25,5				13,15	77,3					
28-07-2022 06:47:41						16,56	84,5	2,32	8,19	25,55			18,02	73,4	2,36	9,82	0,			22,63	0,	0,63	0,	25,67				25,37	73,5	0,56	0,	25,5				13,21	77,2					
28-07-2022 06:52:42						16,43	84,5	2,25	8,17	25,55			18,08	73,6	2,57	9,8	0,			22,63	0,	0,49	0,	25,67				25,50	73,5	0,52	0,	25,5				13,27	77,1					
28-07-2022 06:57:42						16,62	85,	2,38	8,18	25,55			17,90	73,	2,65	9,81	0,			22,69	0,	0,52	0,	25,67				25,31	73,3	0,51	0,	25,5				13,40	76,9					
28-07-2022 07:02:41						16,43	85,	2,34	8,18	25,55			18,08	74,1	2,34	9,82	0,			22,75	0,	0,52	0,	25,67				25,43	73,1	0,53	0,	25,5				13,40	76,9					
28-07-2022 07:07:41						16,56	84,4	2,25	8,19	25,55			18,08	73,8	2,63	9,81	0,			22,75	0,	0,55	0,	25,67				25,56	73,1	0,52	0,	25,5				13,52	76,4					
28-07-2022 07:12:41						16,43	84,8	2,21	8,17	25,55			18,15	73,9	2,5	9,82	0,			22,75	0,	0,53	0,	25,67				25,50	73,	0,49	0,	25,5				13,52	76,8					
28-07-2022 07:17:43						16,81	84,8	2,14	8,16	25,55			18,21	73,8	2,51	9,8	0,			22,81	0,	0,49	0,	25,67				25,43	73,	0,48	0,	25,5				13,77	76,8					
28-07-2022 07:22:40						16,75	84,6	2,08	8,18	25,55			18,21	73,8	2,61	9,81	0,			22,88	0,	0,52	0,	25,67				25,37	73,1	0,52	0,	25,5				13,90	75,7					
28-07-2022 07:27:41						16,62	84,9	2,2	8,2	25,55			18,21	73,8	2,53	9,81	0,			22,69	0,	0,51	0,	25,67				25,43	73,2	0,51	0,	25,5				14,02	76,					
28-07-2022 07:32:40						16,93	85,	2,06	8,17	25,55			18,33	74,6	2,58	9,81	0,			22,75	0,	0,51	0,	25,67				25,25	73,5	0,51	0,	25,5				13,96	75,6					
28-07-2022 07:37:42						16,68	84,9	2,42	8,2	25,55			18,33	73,8	2,54	9,81	0,			22,69	0,	0,54	0,	25,67				25,25	73,4	0,55	0,	25,5				13,90	74,7					
28-07-2022 07:42:41						16,75	85,2	2,17	8,17	25,55			18,27	73,4	2,47	9,82	0,			22,69	0,	0,57	0,	25,67				25,12	73,5	0,7	0,	25,5				13,83	74,1					
28-07-2022 07:47:41						16,50	84,9	2,15	8,18	25,55			18,52	74,6	2,54	9,81	0,			22,81	0,	0,67	0,	25,67				25,31	73,2	0,56	0,	25,5				13,83	73,					
28-07-2022 07:52:42						16,37	84,5	2,45	8,17	25,55			18,46	74,5	2,57	9,82	0,			22,81	0,	0,56	0,	25,67				25,50	73,1	0,55	0,	25,5				13,96	73,3					
28-07-2022 07:57:41						16,87	84,9	2,47	8,16	25,55			18,33	72,8	2,53	9,84	0,			22,88	0,	0,62	0,	25,67				25,56	73,1	0,54	0,	25,5				14,02	72,					
28-07-2022 08:02:41						17,62	84,9	2,55	8,6	25,55			18,15	73,1	2,72	9,84	0,			22,81	0,	0,73	0,	25,67				25,37	73,1	0,7	0,	25,5				14,15	71,3					
28-07-2022 08:07:40						17,56	84,9	2,31	9,41	25,55			18,40	73,8	2,47	9,84	0,			22,88	0,	0,6	0,	25,67				25,62	73,1	0,56	0,	25,5				14,15	71,7					
28-07-2022 08:12:41						17,43	84,7	0,8	2,53	0,			18,40	74,2	2,52	9,86	0,			22,88	0,	0,6	0,	25,67				25,18	73,1	0,58	0,	25,5				14,21	72,					
28-07-2022 08:17:41						17,31	84,1	0,6	1,79	0,			18,52	73,8	2,46	9,85	0,			22,81	0,	0,53	0,	25,67				25,12	72,9	0,52	0,	25,5				14,52	72,					
28-07-2022 08:22:42						17,00	84,5	0,62	1,09	0,			18,96	74,5	2,71	9,86	0,			22,75	0,	0,56	0,	25,67				25,43	73,1	0,51	0,	25,5				14,40	70,7					
28-07-2022 08:27:42						17,00	84,3	0,54	0,7	0,			19,21	75,7	2,41	9,84	0,			22,81	0,	0,52	0,	25,67				25,25	73,2	0,57	0,	25,5				15,02	72,1					
28-07-2022 08:32:41						17,00	84,9	0,47	0,15	0,			19,46	76,2	2,57	9,85	0,			22,81	0,	0,48	0,	25,67				25,25	73,2	0,51	0,	25,5				14,77	70,8					
28-07-2022 08:37:42						16,75	84,5	0,44	0,	0,			19,02	74,	2,59	9,85	0,			22,94	0,	0,56	0,	25,67				25,43	73,1	0,59	0,	25,5				14,90	70,1					
28-07-2022 08:42:41						16,75	85,	2,18	9,04	25,55			19,15	73,8	2,41	9,85	0,			22,94	0,	0,55	0,	25,67				25,56	73,1	0,52	0,	25,5				15,21	69,3					
28-07-2022 08:47:42						16,81	84,7	2,42	9,02	25,55			19,40	73,8	2,57	9,85	0,			22,94	0,	0,55	0,	25,67				25,62	73,1	0,54	0,	25,5				14,90	69,3					
28-07-2022 08:52:40						16,93	84,9	2,4	9,29	25,55			19,27	73,2	2,44	9,85	0,			23,00	0,	0,57	0,	25,67				25,37	72,8	0,55	0,	25,5				14,65	68,8					
28-07-2022 08:57:42						17,43	84,9	0,85	1,43	0,			19,33	73,4	2,64	9,84	0,			23,06	0,	0,79	0,	25,67				25,37	72,8	0,69	0,	25,5				15,27	67,7					
28-07-2022 09:02:40						17,75	85,	0,73	2,83	0,			20,46	77,	2,76	9,85	0,			23,13	0,	0,52	0,	25,67				25,50	72,7	0,58	0,	25,5				15,40	66,5					
28-07-2022 09:07:42						17,68	85,4	0,76	2,92	0,			20,90	75,2	2,82	9,85	0,			23,00	0,	0,51	0,	25,67				25,50	72,9	0,55	0,	25,5				15,46	66,5					
28-07-2022 09:12:42						17,56	85,1	0,88	3,07	0,			21,46	77,	3,	9,85	0,			23,00	0,	0,56	0,	25,67				25,43	73,1	0,5	0,	25,5				16,08	66,9					
28-07-2022 09:17:41						17,43	84,8	0,72	2,97	0,			21,08	73,4	3,	9,85	0,			23,06	0,	0,5	0,	25,67				25,37	73,1	0,51	0,	25,5				15,27	64,9					
28-07-2022 09:22:42						17,37	84,5	0,74	3,15	0,			20,02	68,6	2,29	9,85	0,			23,06	0,	0,55	0,	25,67				25,37	73,1	0,5	0,	25,5				15,77	66,1					
28-07-2022 09:27:40						17,18	84,1	0,7	3,16	0,			19,65	72,2	2,63	9,86	0,			23,06	0,	0,62	0,	25,67				25,43	73,1	0,59	0,	25,5				15,58	67,7					
28-07-2022 09:32:41						17,18	84,6	0,81	3,16	0,			19,71	72,2	2,61	9,86	0,			23,13	0,	0,5	0,	25,67				25,75	73,1	0,53	0,	25,5				15,58	67,8					
28-07-2022 09:37:40						17,06	83,7	0,82	3,16	0,			19,46	71,	2,51	9,85	0,			23,19	0,	0,48	0,	25,67				25,81	72,8	0,51	0,	25,5				15,77	66,9					
28-07-2022 09:42:42						17,12	84,3	0,74	2,77	0,			19,77	72,6	2,42	9,85	0,			23,19	0,	0,52	0,	25,67				25,62	73,	0,53	0,	25,5				15,77	66,1					
28-07-2022 09:47:40						17,18	84,1	0,76	2,63	0,			19,83	71,8	2,41	9,85	0,			23,19	0,	0,52	0,	25,67				25,50	73,1	0,54	0,	25,5				16,08	67,5					
28-07-2022 09:52:41						17,31	84,1	0,7	2,16	0,			19,71	70,3	2,67	9,85	0,			23,19	0,	0,51	0,	25,67				25,68	73,3	0,51	0,	25,5				15,77	66,3					
28-07-2022 09:57:42						17,25	83,7	0,87	1,85	0,			19,96	69,9	2,46	9,86	0,			23,13	0,	0,55	0,	25,67				25,68	73,5	0,51	0,	25,5				16,71	65,8					
28-07-2022 10:02:41						17,37	84,	0,61	1,4	0,			20,02	70,2	2,49	9,84	0,			23,19	0,	0,48	0,	25,67				25,75	73,5	0,52	0,	25,5				15,77	65,3					
28-07-2022 10:07:42						17,37	83,7	0,59	1,09	0,			20,21	69,1	2,46	9,85	0,			23,25	0,	0,52	0,	25,67				25,68	73,5	0,55	0,	25,5				15,90	65,7					
28-07-2022 10:12:40						17,43	83,7	0,65	1,09	0,			20,52	69,4	2,96	9,85	0,			23,25	0,	0,51	0,	25,67				25,50	73,6	0,55	0,	25,5				15,90	64,9					
28-07-2022 10:17:42						17,62	83,3	0,61	1,08	0,			20,90	69,3	3,26	9,85	0,			23,31	0,	0,53	0,	25,67				25,87	73,5	0,52	0,	25,5				15,83	66,7					
28-07-2022 10:22:41						17,56	83,2	0,63	1,09	0,			20,96	68,6	3,12	9,85	0,			23,44	0,	0,6	0,	25,67				25,93	73,5	0,55	0,	25,5				15,96	66,5					
28-07-2022 10:27:42						17,62	83,3	0,65	1,09	0,			21,21	68,5	3,16	9,86	0,			23,44	0,	0,5	0,	25,67				25,75	73,5	0,5	0,	25,5				16,65	64,9					
28-07-2022 10:32:41						17,81	83,3	0,72	2,02	0,			21,46	67,5	2,96	9,85	0,			23,50	0,	0,54	0,	25,67				25,68	73,5	0,58	0,	25,5				15,96	65,3					
28-07-2022 10:37:42						17,87	83,3	0,85	2,87	0,			21,46	66,6	3,15	9,85	0,			23,50	0,	0,52	0,	25,67				25,37	73,9	0,51	0,	25,5				15,83	66,1					
28-07-2022 10:42:42						18,00	83,2	0,84	3,21	0,			21,33	66,4	3,19	9,85	0,			23,50	0,	0,52	0,	25,67				25,81	73,9	0,51	0,	25,5				16,27	66,5					
28-07-2022 10:47:41						17,87	82,6	0,8	3,38	0,			21,33	66,3	3,16	9,85	0,			23,50	0,	0,49	0,	25,67				25,81	73,9	0,57	0,	25,5				15,65	65,5					
28-07-2022 10:52:42						17,81	82,1	0,8	3,68	0,			21,52	65,7	3,05	9,85	0,			23,50	0,	0,48	0,	25,67				25,93	73,8	0,47	0,	25,5				16,40	65,7					
28-07-2022 10:57:41						18,00	82,8	0,77	3,88	0,			21,71	65,7	3,15	9,86	0,			23,56	0,	0,48	0,	25,67				26,00	73,7	0,48	0,	25,5				16,40	63,8					
28-07-2022 11:02:41						18,00	82,5	0,77	4,19	0,			21,58	64,5	3,11	9,86	0,			23,56	0,	0,48	0,	25,67				25,68	73,6	0,49	0,	25,5				15,96	64,5					
28-07-2022 11:07:41						17,87	82,3	0,77	4,59	0,			21,65	64,5	3,07	9,86	0,			23,69	0,	0,48	0,	25,67				26,12	73,5	0,51	0,	25,5				16,65	64,5					
28-07-2022 11:12:42						18,12	82,5	0,8	4,99	0,			21,71	64,1	3,08	9,86	0,			23,69	0,	0,52	0,	25,67				26,00	73,5	0,55	0,	25,5				16,21	63,2					
28-07-2022 11:17:41						18,12	82,5	0,8	5,42	0,			21,77	63,9	3,14	9,86	0,			23,75	0,	0,49	0,	25,67				25,81	73,7	0,5	0,	25,5				16,33	64,1					
28-07-2022 11:22:42						18,18	82,5	0,76	5,83	0,			21,83	64,2	3,02	9,85	0,			23,75	0,	0,53	0,	25,67				25,75	73,5	0,49	0,	25,5				16,46	62,9					
28-07-2022 11:27:41						18,37	82,6	0,85	6,15	0,			22,08	64,1	3,14	9,86	0,			23,75	0,	0,49	0,	25,67				25,81	73,5	0,53	0,	25,5				16,58	63,4					
28-07-2022 11:32:40						18,50	82,5	1,28	7,03	0,			22,27	63,3	3,2	9,85	0,			23,81	0,	0,53	0,	25,67				26,06	73,5	0,54	0,	25,5				16,90	63,4					
28-07-2022 11:37:42						18,31	81,7	1,79	7,74	0,			22,21	62,6	3,23	9,85	0,			23,81	0,	0,5	0,	25,67				26,06	73,5	0,49	0,	25,5				17,33	60,1					
28-07-2022 11:42:40						18,31	82,	2,21	8,3	0,			22,52	62,2	2,97	9,86	0,			23,88	0,	0,48	0,	25,67				26,00	73,5	0,49	0,	25,5				16,65	60,8					
28-07-2022 11:47:42						18,25	81,7	2,51	8,73	0,			22,46	62,1	3,17	9,86	0,			23,94	0,	0,48	0,	25,67				26,18	73,1	0,5	0,	25,5				16,71	62,5					
28-07-2022 11:52:41						18,43	81,4	2,21	9,57	0,			22,46	62,8	3,04	9,84	0,			23,94	0,	0,48	0,	25,67				25,93	73,4	0,48	0,	25,5				17,08	61,3					
28-07-2022 11:57:42						18,62	81,7	2,18	9,54	0,			22,52	62,6	3,17	9,85	0,			23,94	0,	0,52	0,	25,67				25,81	73,3	0,5	0,	25,5				16,77	61,3					
28-07-2022 12:02:41						18,87	81,7	2,05	9,55	0,			22,90	62,9	3,09	9,85	0,			23,88	0,	0,57	0,	25,67				25,87	73,5	0,5	0,	25,5				16,83	60,1					
28-07-2022 12:07:42						19,31	81,7	2,	9,54	0,			23,83	67,8	3,01	9,85	0,			23,88	0,	0,48	0,	25,67				25,68	73,7	0,49	0,	25,5				16,46	61,8					
28-07-2022 12:12:42						19,56	81,3	2,06	9,54	0,			23,46	66,	3,2	9,86	0,			23,94	0,	0,52	0,	25,67				25,81	73,5	0,48	0,	25,5				17,08	61,7					
28-07-2022 12:17:41						19,37	81,3	2,09	9,55	0,			23,46	67,4	3,2	9,86	0,			24,00	0,	0,52	0,	25,67				25,87	73,5	0,53	0,	25,5				17,21	60,3					
28-07-2022 12:22:41						19,37	80,7	2,3	9,55	0,			23,21	65,7	2,98	9,86	0,			24,06	0,	0,53	0,	25,67				26,18	73,5	0,54	0,	25,5				17,33	61,2					
28-07-2022 12:27:41						19,12	80,1	2,04	9,55	0,			22,90	63,4	3,2	9,86	0,			24,13	0,	0,52	0,	25,67				26,00	73,1	0,51	0,	25,5				16,71	62,5					
28-07-2022 12:32:42						19,06	80,3	2,1	9,54	0,			22,83	64,5	3,13	9,85	0,			24,13	0,	0,51	0,	25,67				26,12	73,1	0,49	0,	25,5				16,90	62,1					
28-07-2022 12:37:41						19,18	80,5	2,09	9,56	0,			23,02	66,5	3,1	9,87	0,			24,06	0,	0,52	0,	25,67				25,75	73,1	0,54	0,	25,5				17,08	61,6					
28-07-2022 12:42:41						19,31	80,1	2,1	9,53	0,			23,02	63,3	2,97	9,86	0,			24,06	0,	0,48	0,	25,67				26,00	73,3	0,47	0,	25,5				17,33	61,3					
28-07-2022 12:47:42						19,37	80,1	2,14	9,54	0,			23,02	64,1	2,96	9,85	0,			24,06	0,	0,53	0,	25,67				26,12	73,3	0,52	0,	25,5				16,83	60,5					
28-07-2022 12:52:43						19,43	79,4	2,02	9,53	0,			23,46	64,5	3,29	9,85	0,			24,06	0,	0,49	0,	25,67				26,18	73,1	0,51	0,	25,5				16,83	60,9					
28-07-2022 12:57:41						19,43	79,7	2,16	9,54	0,			23,33	63,2	3,16	9,85	0,			24,19	0,	0,51	0,	25,67				25,93	73,1	0,51	0,	25,5				17,33	61,7					
28-07-2022 13:02:41						19,50	78,9	2,02	9,54	0,			23,27	62,2	3,23	9,86	0,			24,19	0,	0,54	0,	25,67				26,00	72,8	0,5	0,	25,5				17,77	62,6					
28-07-2022 13:07:41						19,50	79,2	2,04	9,54	0,			23,02	62,1	3,11	9,86	0,			24,19	0,	0,52	0,	25,67				26,25	73,	0,5	0,	25,5				17,90	60,5					
28-07-2022 13:12:42						19,68	78,5	2,12	9,54	0,			23,52	61,6	3,2	9,86	0,			24,19	0,	0,48	0,	25,67				26,18	73,1	0,51	0,	25,5				17,52	60,1					
28-07-2022 13:17:42						19,62	78,5	2,14	9,55	0,			23,15	60,5	3,16	9,85	0,			24,25	0,	0,48	0,	25,67				25,93	73,1	0,51	0,	25,5				17,83	60,5					
28-07-2022 13:22:41						19,93	79,3	2,08	9,54	0,			23,40	60,3	3,2	9,85	0,			24,13	0,	0,48	0,	25,67				26,12	73,5	0,47	0,	25,5				17,90	60,3					
28-07-2022 13:27:41						20,00	79,3	2,02	9,55	0,			23,71	60,9	3,22	9,86	0,			24,19	0,	0,48	0,	25,67				25,87	73,2	0,47	0,	25,5				18,08	59,8					
28-07-2022 13:32:41						20,18	79,3	2,1	9,55	0,			23,52	60,2	3,01	9,85	0,			24,25	0,	0,53	0,	25,67				26,12	73,2	0,53	0,	25,5				17,83	58,6					
28-07-2022 13:37:43						20,25	78,1	2,19	9,55	0,			23,77	59,3	3,19	9,86	0,			24,25	0,	0,52	0,	25,67				26,25	73,1	0,49	0,	25,5				16,65	60,3					
28-07-2022 13:42:41						20,00	78,	2,09	9,55	0,			23,33	59,7	3,24	9,86	0,			24,31	0,	0,48	0,	25,67				26,31	73,1	0,47	0,	25,5				16,96	62,3					
28-07-2022 13:47:41						19,93	78,5	2,15	9,56	0,			23,08	59,7	3,21	9,86	0,			24,31	0,	0,48	0,	25,67				25,87	72,8	0,47	0,	25,5				16,96	61,7					
28-07-2022 13:52:41						19,87	78,1	2,08	9,54	0,			22,90	59,7	3,24	9,85	0,			24,31	0,	0,48	0,	25,67				25,93	73,1	0,49	0,	25,5				17,77	62,1					
28-07-2022 13:57:40						19,93	79,6	2,13	9,57	0,			23,46	61,	3,22	9,86	0,			24,25	0,	0,48	0,	25,67				26,12	73,2	0,47	0,	25,5				18,33	58,1					
28-07-2022 14:02:42						20,12	78,7	2,04	9,56	0,			23,90	60,9	3,23	9,87	0,			24,25	0,	0,51	0,	25,67				26,18	73,4	0,5	0,	25,5				17,83	57,7					
28-07-2022 14:07:41						20,06	77,9	2,1	9,57	0,			23,90	59,	3,04	9,85	0,			24,31	0,	0,48	0,	25,67				26,06	73,2	0,52	0,	25,5				17,83	60,1					
28-07-2022 14:12:42						19,93	77,7	2,06	9,55	0,			23,52	58,5	3,04	9,87	0,			24,31	0,	0,48	0,	25,67				26,12	73,1	0,54	0,	25,5				17,90	59,3					
28-07-2022 14:17:41						20,06	77,7	2,17	9,55	0,			23,52	60,1	3,19	9,86	0,			24,31	0,	0,49	0,	25,67				26,31	73,1	0,51	0,	25,5				18,65	58,6					
28-07-2022 14:22:42						20,50	79,2	2,05	9,55	0,			23,90	60,5	3,	9,85	0,			24,44	0,	0,49	0,	25,67				26,25	72,8	0,5	0,	25,5				18,77	57,8					
28-07-2022 14:27:41						20,56	78,9	1,94	9,57	0,			24,15	60,4	2,92	9,87	0,			24,44	0,	0,48	0,	25,67				26,37	72,9	0,48	0,	25,5				19,27	56,5					
28-07-2022 14:32:41						20,93	78,5	1,99	9,54	0,			24,21	59,5	3,12	9,85	0,			24,38	0,	0,48	0,	25,67				26,25	73,	0,48	0,	25,5				18,96	56,1					
28-07-2022 14:37:42						21,06	78,5	2,11	9,55	0,			24,46	59,3	3,19	9,87	0,			24,31	0,	0,5	0,	25,67				26,18	73,1	0,51	0,	25,5				18,52	57,3					
28-07-2022 14:42:40						21,25	77,	2,08	9,54	0,			24,27	59,	2,94	9,86	0,			24,31	0,	0,63	0,	25,67				26,00	73,1	0,55	0,	25,5				18,46	58,3					
28-07-2022 14:47:42						21,00	76,6	2,05	9,55	0,			24,27	58,9	2,96	9,86	0,			24,38	0,	0,48	0,	25,67				26,31	73,1	0,48	0,	25,5				18,08	59,3					
28-07-2022 14:52:41						20,93	76,5	2,05	9,57	0,			24,21	59,2	2,86	9,86	0,			24,38	0,	0,5	0,	25,67				26,37	73,1	0,51	0,	25,5				18,90	60,9					
28-07-2022 14:57:41						21,06	76,1	2,04	9,56	0,			24,21	58,2	3,11	9,86	0,			24,44	0,	0,48	0,	25,67				26,25	73,1	0,47	0,	25,5				18,77	57,7					
28-07-2022 15:02:41						21,06	76,8	2,11	9,52	0,			24,46	59,2	3,12	9,86	0,			24,50	0,	0,48	0,	25,67				26,12	72,7	0,47	0,	25,5				18,21	58,					
28-07-2022 15:07:42						20,87	75,7	2,09	9,57	0,			24,27	58,7	3,1	9,87	0,			24,56	0,	0,48	0,	25,67				26,12	72,7	0,47	0,	25,5				17,83	60,5					
28-07-2022 15:12:41						20,93	75,7	1,99	9,57	0,			24,33	60,5	3,01	9,86	0,			24,50	0,	0,48	0,	25,67				26,25	72,7	0,47	0,	25,5				18,46	62,5					
28-07-2022 15:17:40						20,81	75,3	2,03	9,57	0,			24,33	61,3	3,2	9,86	0,			24,38	0,	0,48	0,	25,67				26,37	73,1	0,5	0,	25,5				18,21	60,9					
28-07-2022 15:22:41						20,93	76,9	2,05	9,54	0,			24,52	62,5	3,01	9,86	0,			24,50	0,	0,48	0,	25,67				26,25	73,1	0,47	0,	25,5				18,40	59,3					
28-07-2022 15:27:41						21,12	76,9	2,05	9,54	0,			24,65	62,7	3,08	9,85	0,			24,50	0,	0,48	0,	25,67				26,12	73,	0,47	0,	25,5				18,46	57,3					
28-07-2022 15:32:42						21,18	76,1	1,96	9,56	0,			24,02	60,5	3,06	9,86	0,			24,50	0,	0,48	0,	25,67				26,43	73,	0,47	0,	25,5				17,90	60,9					
28-07-2022 15:37:41						21,18	76,8	2,02	9,56	0,			23,83	60,6	3,08	9,85	0,			24,56	0,	0,48	0,	25,67				26,50	72,7	0,47	0,	25,5				18,52	59,7					
28-07-2022 15:42:42						21,31	76,9	2,07	9,56	0,			24,08	62,3	3,17	9,85	0,			24,63	0,	0,51	0,	25,67				26,43	72,6	0,5	0,	25,5				18,15	60,5					
28-07-2022 15:47:41						21,00	76,1	2,	9,55	0,			23,90	60,9	3,18	9,86	0,			24,56	0,	0,48	0,	25,67				26,43	72,5	0,47	0,	25,5				18,27	61,4					
28-07-2022 15:52:42						21,00	76,5	2,02	9,57	0,			24,21	61,5	3,04	9,86	0,			24,63	0,	0,51	0,	25,67				26,18	72,4	0,52	0,	25,5				19,33	59,3					
28-07-2022 15:57:42						21,12	76,2	2,22	9,55	0,			24,40	60,9	3,08	9,86	0,			24,63	0,	0,57	0,	25,67				26,31	72,3	0,51	0,	25,5				19,52	59,7					
28-07-2022 16:02:40						20,93	76,1	2,1	9,55	0,			24,08	60,	3,02	9,85	0,			24,50	0,	0,48	0,	25,67				26,31	72,7	0,52	0,	25,5				19,65	58,5					
28-07-2022 16:07:42						21,25	76,6	2,1	9,57	0,			24,52	61,4	3,02	9,86	0,			24,50	0,	0,52	0,	25,67				26,31	72,7	0,51	0,	25,5				19,15	57,1					
28-07-2022 16:12:41						21,12	77,1	2,35	9,57	0,			24,46	58,8	3,27	9,86	0,			24,56	0,	0,49	0,	25,67				26,37	72,7	0,51	0,	25,5				19,21	58,9					
28-07-2022 16:17:43						21,00	77,7	2,48	9,58	0,			24,40	59,7	3,11	9,86	0,			24,63	0,	0,5	0,	25,67				26,06	72,4	0,48	0,	25,5				19,33	56,7					
28-07-2022 16:22:42						20,93	77,3	2,41	9,56	0,			24,58	60,7	3,02	9,86	0,			24,63	0,	0,48	0,	25,67				26,50	72,3	0,47	0,	25,5				19,40	57,9					
28-07-2022 16:27:42						20,87	77,3	2,42	9,56	0,			24,40	58,9	2,95	9,85	0,			24,69	0,	0,48	0,	25,67				26,43	72,3	0,47	0,	25,5				19,40	58,3					
28-07-2022 16:32:40						21,06	77,5	2,44	9,54	0,			24,77	61,	3,17	9,87	0,			24,69	0,	0,52	0,	25,67				26,56	72,3	0,57	0,	25,5				19,27	59,9					
28-07-2022 16:37:41						20,93	77,3	2,47	9,54	0,			24,83	60,7	3,24	9,86	0,			24,69	0,	0,52	0,	25,67				26,50	72,3	0,48	0,	25,5				19,65	59,1					
28-07-2022 16:42:42						20,75	77,4	2,36	9,56	0,			24,52	59,1	3,13	9,86	0,			24,75	0,	0,48	0,	25,67				26,37	72,3	0,48	0,	25,5				19,52	59,7					
28-07-2022 16:47:40						21,00	77,4	2,54	9,56	0,			24,52	59,3	3,03	9,85	0,			24,69	0,	0,5	0,	25,67				26,25	72,3	0,48	0,	25,5				19,02	57,5					
28-07-2022 16:52:42						20,93	77,9	2,46	9,54	0,			24,71	59,9	3,14	9,85	0,			24,69	0,	0,49	0,	25,67				26,37	72,3	0,5	0,	25,5				18,77	58,8					
28-07-2022 16:57:40						20,87	77,1	2,45	9,57	0,			24,71	59,	3,23	9,86	0,			24,69	0,	0,48	0,	25,67				26,06	72,3	0,49	0,	25,5				19,21	59,2					
28-07-2022 17:02:43						20,93	78,3	2,5	9,55	0,			24,65	60,1	3,26	9,86	0,			24,63	0,	0,48	0,	25,67				26,25	72,3	0,47	0,	25,5				19,52	59,					
28-07-2022 17:07:41						20,87	78,1	2,45	9,57	0,			24,52	59,	3,08	9,85	0,			24,75	0,	0,48	0,	25,67				26,37	72,3	0,48	0,	25,5				19,08	59,6					
28-07-2022 17:12:41						20,87	76,1	2,52	9,56	0,			24,52	59,6	3,02	9,87	0,			24,81	0,	0,48	0,	25,67				26,37	72,	0,49	0,	25,5				19,21	58,1					
28-07-2022 17:17:41						20,81	76,9	2,53	9,54	0,			24,77	62,1	3,03	9,87	0,			24,88	0,	0,5	0,	25,67				26,56	71,9	0,51	0,	25,5				19,15	58,6					
28-07-2022 17:22:41						20,81	77,3	2,45	9,56	0,			24,77	61,7	2,98	9,86	0,			24,88	0,	0,49	0,	25,67				26,56	71,9	0,54	0,	25,5				18,90	58,2					
28-07-2022 17:27:42						20,62	77,7	2,5	9,55	0,			24,52	59,4	2,85	9,86	0,			24,75	0,	0,48	0,	25,67				26,31	71,9	0,5	0,	25,5				18,46	59,3					
28-07-2022 17:32:40						20,81	77,1	2,36	9,58	0,			24,27	58,9	2,98	9,85	0,			24,75	0,	0,48	0,	25,67				26,43	71,9	0,47	0,	25,5				19,21	57,9					
28-07-2022 17:37:41						20,75	77,2	2,52	9,56	0,			24,21	59,5	3,08	9,86	0,			24,81	0,	0,48	0,	25,67				26,50	71,9	0,47	0,	25,5				18,96	58,5					
28-07-2022 17:42:42						20,62	77,1	2,54	9,55	0,			24,27	59,7	3,06	9,86	0,			24,88	0,	0,51	0,	25,67				26,50	71,9	0,51	0,	25,5				18,52	57,7					
28-07-2022 17:47:41						20,68	76,9	2,45	9,56	0,			24,15	59,3	3,01	9,86	0,			24,88	0,	0,48	0,	25,67				26,62	71,9	0,5	0,	25,5				18,58	58,9					
28-07-2022 17:52:41						21,00	76,9	2,41	9,59	0,			24,08	58,8	2,96	9,87	0,			24,94	0,	0,51	0,	25,67				26,43	71,7	0,48	0,	25,5				18,96	58,1					
28-07-2022 17:57:41						21,00	76,3	2,41	9,56	0,			24,15	60,7	3,13	9,87	0,			25,00	0,	0,48	0,	25,67				26,37	71,5	0,49	0,	25,5				18,83	58,2					
28-07-2022 18:02:41						20,93	76,1	2,56	9,52	0,			24,21	60,2	3,19	9,86	0,			24,94	0,	0,48	0,	25,67				26,62	71,5	0,51	0,	25,5				19,08	60,2					
28-07-2022 18:07:41						20,68	76,1	2,44	9,57	0,			24,27	59,3	3,18	9,86	0,			24,88	0,	0,49	0,	25,67				26,37	71,5	0,49	0,	25,5				18,83	57,9					
28-07-2022 18:12:41						21,18	74,2	2,13	9,57	0,			24,27	62,1	3,09	9,86	0,			24,88	0,	0,51	0,	25,67				26,62	71,7	0,5	0,	25,5				18,65	59,3					
28-07-2022 18:17:40						20,93	75,7	2,39	9,56	0,			24,46	61,8	2,99	9,86	0,			24,88	0,	0,48	0,	25,67				26,43	71,5	0,51	0,	25,5				18,90	59,3					
28-07-2022 18:22:42						20,81	78,5	2,46	9,56	0,			24,15	62,1	3,06	9,87	0,			24,94	0,	0,52	0,	25,67				26,31	71,5	0,51	0,	25,5				19,33	58,9					
28-07-2022 18:27:41						20,56	78,4	2,61	9,59	0,			24,27	66,3	3,3	9,87	0,			24,94	0,	0,52	0,	25,67				26,75	71,2	0,54	0,	25,5				18,96	58,9					
28-07-2022 18:32:42						20,56	78,9	2,56	9,57	0,			24,15	65,3	3,09	9,85	0,			25,00	0,	0,49	0,	25,67				26,75	71,1	0,5	0,	25,5				18,65	59,3					
28-07-2022 18:37:41						20,81	75,3	2,16	9,59	0,			23,96	64,9	3,14	9,86	0,			25,06	0,	0,5	0,	25,67				26,62	71,1	0,5	0,	25,5				18,77	58,5					
28-07-2022 18:42:42						20,75	75,3	2,16	9,55	0,			23,77	63,7	3,09	9,86	0,			25,00	0,	0,5	0,	25,67				26,37	71,1	0,49	0,	25,5				18,40	60,					
28-07-2022 18:47:41						20,37	74,5	2,19	9,54	0,			23,52	62,3	3,05	9,85	0,			24,94	0,	0,51	0,	25,67				26,50	71,2	0,49	0,	25,5				18,21	60,9					
28-07-2022 18:52:42						20,18	74,9	2,03	9,56	0,			23,21	61,	3,16	9,85	0,			24,94	0,	0,54	0,	25,67				26,62	71,3	0,53	0,	25,5				17,96	60,9					
28-07-2022 18:57:41						20,06	75,3	2,01	9,54	0,			23,15	60,9	3,07	9,87	0,			24,94	0,	0,51	0,	25,67				26,68	71,1	0,51	0,	25,5				18,46	61,2					
28-07-2022 19:02:41						19,93	75,3	2,15	9,56	0,			23,02	60,7	3,13	9,85	0,			25,00	0,	0,51	0,	25,67				26,43	71,1	0,51	0,	25,5				17,58	60,1					
28-07-2022 19:07:41						19,75	75,3	2,22	9,55	0,			22,83	60,5	3,05	9,86	0,			25,00	0,	0,54	0,	25,67				26,56	71,	0,49	0,	25,5				17,58	61,7					
28-07-2022 19:12:41						19,50	75,5	2,07	9,56	0,			22,46	59,6	2,9	9,86	0,			25,00	0,	0,5	0,	25,67				26,31	70,7	0,53	0,	25,5				17,40	61,7					
28-07-2022 19:17:41						19,37	76,	2,19	9,57	0,			22,33	59,7	3,17	9,86	0,			24,94	0,	0,48	0,	25,67				26,43	70,7	0,51	0,	25,5				17,02	62,6					
28-07-2022 19:22:41						19,37	76,2	2,19	9,56	0,			22,27	60,1	3,	9,85	0,			24,88	0,	0,54	0,	25,67				26,43	70,7	0,5	0,	25,5				17,02	63,3					
28-07-2022 19:27:42						19,50	76,6	2,22	9,57	0,			22,15	59,8	2,9	9,85	0,			24,88	0,	0,53	0,	25,67				26,37	71,1	0,54	0,	25,5				17,33	62,5					
28-07-2022 19:32:41						19,43	77,	2,08	9,56	0,			22,15	59,8	3,1	9,86	0,			24,88	0,	0,5	0,	25,67				26,18	70,9	0,51	0,	25,5				17,15	64,6					
28-07-2022 19:37:42						19,37	77,3	2,25	9,58	0,			22,21	62,7	3,02	9,86	0,			24,88	0,	0,54	0,	25,67				26,37	70,8	0,48	0,	25,5				16,83	65,6					
28-07-2022 19:42:42						19,25	76,9	2,05	9,54	0,			22,21	62,2	2,96	9,85	0,			24,88	0,	0,52	0,	25,67				26,56	70,7	0,54	0,	25,5				16,71	66,2					
28-07-2022 19:47:41						19,31	77,4	2,29	9,55	0,			22,15	61,8	3,01	9,86	0,			24,88	0,	0,52	0,	25,67				26,56	70,6	0,51	0,	25,5				16,77	66,7					
28-07-2022 19:52:41						19,18	77,7	2,26	9,56	0,			22,08	61,7	3,02	9,86	0,			24,94	0,	0,5	0,	25,67				26,56	70,5	0,47	0,	25,5				16,77	64,8					
28-07-2022 19:57:41						19,00	77,6	2,05	9,55	0,			21,96	61,6	3,02	9,86	0,			24,81	0,	0,51	0,	25,67				26,25	70,7	0,56	0,	25,5				16,58	64,					
28-07-2022 20:02:42						19,06	78,1	2,14	9,54	0,			21,83	61,4	3,09	9,86	0,			24,81	0,	0,54	0,	25,67				26,12	70,7	0,5	0,	25,5				16,21	65,7					
28-07-2022 20:07:42						18,81	77,7	2,09	9,54	0,			21,71	61,4	3,15	9,86	0,			24,75	0,	0,5	0,	25,67				26,18	70,7	0,51	0,	25,5				16,46	62,6					
28-07-2022 20:12:42						18,75	77,8	2,18	9,53	0,			21,58	61,7	3,02	9,86	0,			24,81	0,	0,53	0,	25,67				26,50	70,7	0,54	0,	25,5				16,52	57,3					
28-07-2022 20:17:40						18,81	78,5	2,14	9,54	0,			21,46	61,8	2,98	9,85	0,			24,81	0,	0,52	0,	25,67				26,25	70,7	0,49	0,	25,5				17,15	56,3					
28-07-2022 20:22:41						18,68	78,1	2,09	9,55	0,			21,40	62,1	3,18	9,86	0,			24,81	0,	0,5	0,	25,67				26,18	70,5	0,48	0,	25,5				18,15	56,3					
28-07-2022 20:27:42						18,62	78,5	2,22	9,56	0,			21,40	62,6	3,23	9,85	0,			24,88	0,	0,49	0,	25,67				26,37	70,4	0,48	0,	25,5				18,27	56,5					
28-07-2022 20:32:40						18,50	78,5	2,19	9,34	0,			21,27	62,8	2,96	9,85	0,			24,81	0,	0,5	0,	25,67				26,37	70,	0,51	0,	25,5				17,96	57,5					
28-07-2022 20:37:41						18,37	78,5	1,95	9,56	0,			21,08	63,1	3,04	9,86	0,			24,75	0,	0,5	0,	25,67				26,43	70,3	0,49	0,	25,5				17,77	58,1					
28-07-2022 20:42:40						18,18	78,6	2,	9,22	0,			21,02	62,7	3,11	9,86	0,			24,69	0,	0,48	0,	25,67				26,25	70,3	0,5	0,	25,5				17,65	59,3					
28-07-2022 20:47:42						18,25	79,7	2,11	9,55	0,			21,02	64,5	3,01	9,85	0,			24,69	0,	0,48	0,	25,67				26,12	70,6	0,47	0,	25,5				17,65	59,7					
28-07-2022 20:52:41						18,37	79,9	2,11	9,54	0,			20,65	63,3	3,15	9,85	0,			24,63	0,	0,49	0,	25,67				26,18	70,5	0,48	0,	25,5				17,15	60,5					
28-07-2022 20:57:42						17,93	79,7	1,99	9,56	0,			20,90	64,1	2,74	9,85	0,			24,69	0,	0,48	0,	25,67				26,50	70,3	0,48	0,	25,5				17,02	61,7					
28-07-2022 21:02:40						17,93	79,8	2,06	9,27	0,			21,27	60,5	2,73	9,86	0,			24,69	0,	0,52	0,	25,67				26,43	70,3	0,51	0,	25,5				16,40	62,5					
28-07-2022 21:07:42						17,75	80,1	2,12	9,26	0,			20,90	60,9	3,14	9,86	0,			24,69	0,	0,49	0,	25,67				26,25	70,2	0,51	0,	25,5				15,96	64,9					
28-07-2022 21:12:42						17,62	80,1	2,35	8,89	0,			20,27	59,3	2,61	9,86	0,			24,69	0,	0,48	0,	25,67				26,12	70,3	0,48	0,	25,5				15,58	67,3					
28-07-2022 21:17:41						17,56	80,7	2,23	8,65	0,			20,65	61,3	2,56	9,85	0,			24,56	0,	0,48	0,	25,67				26,06	70,3	0,48	0,	25,5				15,33	69,3					
28-07-2022 21:22:42						17,31	80,3	2,2	8,21	0,			20,65	60,9	2,64	9,85	0,			24,56	0,	0,48	0,	25,67				26,31	70,6	0,48	0,	25,5				14,77	70,9					
28-07-2022 21:27:41						17,31	80,4	2,11	8,09	0,			20,27	61,4	2,72	9,85	0,			24,44	0,	0,48	0,	25,67				26,31	70,7	0,48	0,	25,5				14,08	73,7					
28-07-2022 21:32:42						17,25	80,5	1,96	8,03	0,			20,15	62,5	2,63	9,86	0,			24,56	0,	0,48	0,	25,67				26,25	70,7	0,47	0,	25,5				14,02	75,2					
28-07-2022 21:37:41						17,25	80,7	1,9	7,83	0,			20,08	61,9	2,69	9,86	0,			24,56	0,	0,48	0,	25,67				26,18	70,7	0,47	0,	25,5				13,71	76,					
28-07-2022 21:42:42						17,12	80,5	1,72	7,8	0,			19,90	62,3	2,58	9,86	0,			24,44	0,	0,48	0,	25,67				26,18	70,6	0,48	0,	25,5				13,46	76,8					
28-07-2022 21:47:41						16,87	80,7	1,94	7,81	0,			19,65	62,3	2,61	9,85	0,			24,50	0,	0,48	0,	25,67				26,43	70,4	0,48	0,	25,5				13,33	77,2					
28-07-2022 21:52:42						16,93	80,5	1,99	7,89	0,			19,65	62,9	2,48	9,86	0,			24,50	0,	0,48	0,	25,67				26,43	70,4	0,47	0,	25,5				13,02	77,6					
28-07-2022 21:57:42						16,81	81,3	1,99	7,86	0,			19,40	63,	2,62	9,86	0,			24,44	0,	0,48	0,	25,67				26,37	70,4	0,47	0,	25,5				12,65	78,2					
28-07-2022 22:02:40						16,68	81,2	1,79	7,73	0,			19,40	63,4	2,55	9,85	0,			24,50	0,	0,48	0,	25,67				26,06	70,6	0,47	0,	25,5				12,71	78,7					
28-07-2022 22:07:42						16,62	81,	1,85	7,73	0,			19,46	64,4	2,64	9,85	0,			24,38	0,	0,48	0,	25,67				26,31	70,5	0,48	0,	25,5				12,71	78,6					
28-07-2022 22:12:40						16,81	81,7	1,65	7,62	0,			19,21	64,2	2,59	9,86	0,			24,31	0,	0,48	0,	25,67				26,25	70,7	0,47	0,	25,5				12,90	78,5					
28-07-2022 22:17:42						16,62	81,3	1,73	7,48	0,			19,15	65,	2,58	9,85	0,			24,25	0,	0,48	0,	25,67				26,25	71,1	0,47	0,	25,5				12,71	78,4					
28-07-2022 22:22:42						16,43	81,3	1,25	7,08	0,			18,96	64,8	2,63	9,86	0,			24,25	0,	0,48	0,	25,67				26,25	71,	0,47	0,	25,5				12,08	79,1					
28-07-2022 22:27:42						16,50	81,9	1,28	6,99	0,			18,96	65,1	2,57	9,85	0,			24,25	0,	0,48	0,	25,67				26,12	70,7	0,47	0,	25,5				12,02	79,7					
28-07-2022 22:32:41						16,43	81,7	1,02	6,74	0,			18,58	64,1	2,47	9,86	0,			24,31	0,	0,48	0,	25,67				26,37	70,7	0,47	0,	25,5				12,15	80,2					
28-07-2022 22:37:42						16,56	81,3	0,9	6,34	0,			18,15	64,5	2,47	9,85	0,			24,31	0,	0,48	0,	25,67				26,37	70,7	0,47	0,	25,5				12,27	80,4					
28-07-2022 22:42:42						16,37	81,6	0,76	6,03	0,			17,96	65,3	2,49	9,85	0,			24,31	0,	0,48	0,	25,67				26,37	70,7	0,47	0,	25,5				12,40	80,3					
28-07-2022 22:47:40						16,37	81,5	0,79	5,78	0,			18,08	65,8	2,51	9,85	0,			24,25	0,	0,48	0,	25,67				26,25	70,7	0,47	0,	25,5				12,33	80,3					
28-07-2022 22:52:41						16,31	81,7	0,76	5,46	0,			18,02	65,8	2,48	9,84	0,			24,25	0,	0,48	0,	25,67				26,31	70,7	0,47	0,	25,5				12,21	80,4					
28-07-2022 22:57:41						16,37	81,3	0,75	5,14	0,			18,15	67,4	2,68	9,85	0,			24,25	0,	0,48	0,	25,67				26,43	70,7	0,47	0,	25,5				12,21	80,8					
28-07-2022 23:02:42						16,37	80,9	0,73	4,94	0,			17,83	66,1	2,55	9,85	0,			24,25	0,	0,48	0,	25,67				26,43	70,7	0,47	0,	25,5				12,08	80,4					
28-07-2022 23:07:41						16,50	82,2	0,72	4,47	0,			18,02	68,2	2,59	9,85	0,			24,25	0,	0,48	0,	25,67				26,18	70,7	0,47	0,	25,5				12,33	80,4					
28-07-2022 23:12:42						16,37	81,8	0,73	3,98	0,			18,15	69,1	2,63	9,85	0,			24,25	0,	0,48	0,	25,67				26,18	70,6	0,47	0,	25,5				12,27	80,8					
28-07-2022 23:17:41						16,25	81,	0,71	3,62	0,			18,02	69,7	2,4	9,85	0,			24,25	0,	0,48	0,	25,67				26,25	70,5	0,47	0,	25,5				12,40	80,8					
28-07-2022 23:22:42						16,56	81,4	0,71	3,17	0,			18,02	69,8	2,46	9,85	0,			24,25	0,	0,48	0,	25,67				26,31	70,5	0,47	0,	25,5				12,40	80,5					
28-07-2022 23:27:42						16,50	82,9	0,66	2,86	0,			17,90	69,4	2,31	9,85	0,			24,13	0,	0,48	0,	25,67				26,37	70,3	0,47	0,	25,5				12,02	81,1					
28-07-2022 23:32:41						16,87	82,7	0,69	2,95	0,			17,96	70,2	2,47	9,85	0,			24,13	0,	0,48	0,	25,67				26,00	70,7	0,47	0,	25,5				12,02	81,3					
28-07-2022 23:37:42						17,18	82,9	0,66	2,94	0,			18,83	75,6	2,44	9,85	0,			24,06	0,	0,48	0,	25,67				26,12	71,	0,47	0,	25,5				11,83	81,6					
28-07-2022 23:42:41						17,31	83,7	0,67	3,2	0,			19,02	74,3	2,33	9,84	0,			24,06	0,	0,48	0,	25,67				26,25	70,9	0,47	0,	25,5				11,65	81,7					
28-07-2022 23:47:42						17,31	84,1	0,7	3,29	0,			18,83	75,4	2,35	9,84	0,			24,06	0,	0,48	0,	25,67				26,25	70,7	0,47	0,	25,5				11,83	82,1					
28-07-2022 23:52:41						17,06	83,2	0,68	3,23	0,			18,65	74,7	2,48	9,84	0,			24,06	0,	0,48	0,	25,67				26,12	70,7	0,47	0,	25,5				11,96	82,4					
28-07-2022 23:57:42						16,56	82,5	0,73	3,18	0,			18,21	75,8	2,43	9,84	0,			24,13	0,	0,48	0,	25,67				26,37	70,7	0,47	0,	25,5				12,15	82,1					
