Net no:						1	1	1	1	1			1	1	1	1	1			1	1	1	1	1				1	1	1	1	1				1	1					
Object no:						131	141	150	151	152			134	144	159	160	161			133	143	156	157	158				132	142	153	154	155				130	140					
Table no:						0	0	0	0	0			0	0	0	0	0			0	0	0	0	0				0	0	0	0	0				0	0					
Code no:						48	48	48	48	48			48	48	136	136	136			48	48	48	48	48				48	48	48	48	48				48	48					
Calculation:						T	/10	/100	/100	/100			T	/10	/100	/100	/100			T	/10	/100	/100	/100				T	/10	/100	/100	/100				T	/10					
Date/time:	Afp. 1776	Bes. 97184			Stald 1	Temp_stald1	Fugt_stald1	DynamicAir_trinlřs_stald1	Spjćld_trinlřs_stald 1	On/off_stald1		Stald 2	Temp_stald2	Fugt_stald2	DynamicAir_trinlřs_stald2	Spjćld_trinlřs_stald2	On/off_stald2		Stald5	Temp_stald5	Fugt_stald5	DynamicAir_trinlřs_stald5	Spjćld_trinlřs_stald5	On/off_stald 5			Stald6	Temp_stald6	Fugt_stald 6	DynamicAir_trinlřs_stald6	Spjćld_trinlřs_stald6	On/off_stald6			UDE	Temp_ude	Fugt_ude					
24-04-2022 00:02:40						14,62	78,5	2,53	9,02	0,			15,21	72,5	1,94	9,86	0,			14,06	96,8	0,52	0,	25,67				14,31	101,2	0,52	0,	25,5				9,52	70,5					
24-04-2022 00:07:43						14,50	77,7	2,39	8,98	0,			15,08	72,2	2,18	9,86	0,			14,13	96,9	0,54	0,	25,67				14,12	101,3	0,58	0,	25,5				9,65	70,9					
24-04-2022 00:12:43						14,50	78,8	2,35	8,76	0,			15,15	71,8	2,42	9,86	0,			14,06	97,	0,58	0,	25,67				12,37	101,1	0,56	0,	25,5				9,52	71,4					
24-04-2022 00:17:40						14,68	78,6	2,38	8,65	0,			15,02	71,8	2,06	9,86	0,			12,88	96,8	0,52	0,	25,67				13,93	101,3	0,51	0,	25,5				9,58	72,					
24-04-2022 00:22:42						14,87	79,3	2,42	8,66	0,			14,90	71,4	2,05	9,86	0,			13,44	96,8	0,56	0,	25,67				14,18	101,2	0,55	0,	25,5				9,52	72,5					
24-04-2022 00:27:41						14,93	79,3	2,23	8,65	0,			14,96	71,2	1,95	9,85	0,			13,81	96,8	0,51	0,	25,67				14,06	101,3	0,55	0,	25,5				9,58	72,5					
24-04-2022 00:32:42						14,81	79,3	2,18	8,8	0,			14,96	70,6	2,19	9,86	0,			13,88	96,8	0,52	0,	25,67				14,06	101,2	0,52	0,	25,5				9,52	72,8					
24-04-2022 00:37:41						14,68	78,5	2,24	9,22	0,			14,77	70,6	2,02	9,86	0,			14,06	97,	0,52	0,	25,67				14,31	101,1	0,53	0,	25,5				9,52	73,3					
24-04-2022 00:42:42						14,56	77,7	2,14	9,36	0,			15,02	71,9	2,21	9,86	0,			14,13	96,9	0,5	0,	25,67				12,37	101,	0,55	0,	25,5				9,52	73,3					
24-04-2022 00:47:41						14,75	77,9	2,11	9,55	0,			14,77	70,7	2,15	9,85	0,			12,81	96,8	0,52	0,	25,67				13,62	101,2	0,52	0,	25,5				9,58	73,3					
24-04-2022 00:52:42						14,56	77,3	2,14	9,52	0,			15,02	70,6	2,33	9,85	0,			13,44	96,8	0,56	0,	25,67				14,06	101,2	0,52	0,	25,5				9,65	73,1					
24-04-2022 00:57:42						14,50	78,2	2,2	9,54	0,			14,90	71,2	2,35	9,85	0,			13,75	96,8	0,55	0,	25,67				14,25	101,2	0,55	0,	25,5				9,65	73,2					
24-04-2022 01:02:41						14,43	78,9	2,02	9,53	0,			14,96	71,1	2,36	9,86	0,			13,94	96,9	0,54	0,	25,67				13,93	101,2	0,55	0,	25,5				9,65	73,3					
24-04-2022 01:07:42						14,56	77,9	2,34	9,09	0,			15,21	70,9	2,4	9,85	0,			14,06	96,9	0,52	0,	25,67				14,06	101,2	0,51	0,	25,5				9,52	73,7					
24-04-2022 01:12:41						14,50	78,9	2,31	8,82	0,			15,21	71,3	2,33	9,85	0,			14,06	97,	0,52	0,	25,67				12,31	101,	0,55	0,	25,5				9,40	73,7					
24-04-2022 01:17:42						14,43	77,9	2,2	8,72	0,			15,15	70,6	2,71	9,85	0,			12,81	96,8	0,52	0,	25,67				13,87	101,1	0,51	0,	25,5				9,40	74,1					
24-04-2022 01:22:40						14,43	78,5	2,18	8,42	0,			15,15	71,4	2,37	9,86	0,			13,44	96,8	0,52	0,	25,67				14,18	101,3	0,55	0,	25,5				9,46	74,1					
24-04-2022 01:27:42						14,43	77,8	1,9	8,28	0,			15,08	70,3	2,54	9,86	0,			13,75	96,8	0,52	0,	25,67				14,18	101,3	0,55	0,	25,5				9,52	74,1					
24-04-2022 01:32:40						14,43	78,2	2,12	8,21	0,			15,21	71,	2,44	9,86	0,			13,94	96,9	0,52	0,	25,67				14,00	101,2	0,51	0,	25,5				9,52	74,1					
24-04-2022 01:37:42						14,56	78,5	2,06	8,14	0,			15,15	70,3	2,48	9,85	0,			13,94	96,9	0,51	0,	25,67				14,31	101,2	0,51	0,	25,5				9,52	74,					
24-04-2022 01:42:42						14,50	79,3	2,13	8,23	0,			15,33	70,7	2,36	9,85	0,			14,06	97,	0,53	0,	25,67				12,50	101,	0,52	0,	25,5				9,46	74,1					
24-04-2022 01:47:41						14,50	79,1	2,48	8,39	0,			15,21	70,3	2,46	9,86	0,			12,81	96,8	0,52	0,	25,67				13,81	101,2	0,57	0,	25,5				9,46	74,5					
24-04-2022 01:52:42						14,50	78,9	2,38	8,55	0,			15,08	69,8	2,28	9,86	0,			13,38	96,8	0,52	0,	25,67				14,00	101,2	0,53	0,	25,5				9,46	74,5					
24-04-2022 01:57:41						14,56	78,1	2,69	8,54	0,			15,27	71,	2,2	9,85	0,			13,69	96,8	0,55	0,	25,67				14,12	101,2	0,54	0,	25,5				9,52	74,8					
24-04-2022 02:02:41						14,50	78,2	2,19	8,9	0,			15,27	70,8	2,4	9,85	0,			13,88	96,9	0,52	0,	25,67				14,18	101,2	0,52	0,	25,5				9,46	74,8					
24-04-2022 02:07:40						14,50	78,5	2,32	8,95	0,			15,33	70,5	2,68	9,85	0,			14,00	96,9	0,52	0,	25,67				14,31	101,3	0,55	0,	25,5				9,40	74,9					
24-04-2022 02:12:42						14,56	78,9	2,42	9,04	0,			15,33	70,4	2,53	9,86	0,			14,00	97,	0,56	0,	25,67				12,43	101,	0,55	0,	25,5				9,52	74,9					
24-04-2022 02:17:41						14,68	79,3	2,16	9,3	0,			15,46	70,8	2,36	9,85	0,			12,81	96,8	0,52	0,	25,67				13,75	101,2	0,52	0,	25,5				9,40	75,1					
24-04-2022 02:22:42						14,37	78,1	2,2	9,53	0,			15,40	70,8	2,67	9,85	0,			13,44	96,8	0,52	0,	25,67				14,12	101,3	0,59	0,	25,5				9,52	75,6					
24-04-2022 02:27:41						14,56	79,7	2,37	9,53	0,			15,46	71,	2,39	9,86	0,			13,69	96,8	0,72	0,	25,67				14,06	101,3	0,63	0,	25,5				9,46	76,2					
24-04-2022 02:32:42						14,68	79,1	2,31	9,54	0,			15,46	70,8	2,56	9,86	0,			13,81	96,9	0,56	0,	25,67				14,12	101,2	0,59	0,	25,5				9,40	76,5					
24-04-2022 02:37:42						14,81	79,7	1,86	9,54	0,			15,46	71,9	2,55	9,86	0,			13,94	97,	0,52	0,	25,67				14,00	101,2	0,55	0,	25,5				9,27	76,8					
24-04-2022 02:42:41						14,75	79,	2,11	9,55	0,			15,46	72,6	2,49	9,86	0,			14,00	96,9	0,52	0,	25,67				12,43	101,	0,55	0,	25,5				9,27	76,4					
24-04-2022 02:47:42						15,00	80,1	2,15	9,53	0,			15,58	72,4	2,51	9,86	0,			12,81	96,8	0,59	0,	25,67				13,75	101,2	0,67	0,	25,5				9,15	76,4					
24-04-2022 02:52:41						15,00	80,5	2,12	9,53	0,			15,77	73,	2,63	9,86	0,			13,31	96,8	0,61	0,	25,67				13,87	101,2	0,56	0,	25,5				9,15	76,4					
24-04-2022 02:57:42						15,06	80,1	2,36	9,19	0,			15,52	71,8	2,42	9,86	0,			13,75	96,8	0,58	0,	25,67				14,18	101,3	0,62	0,	25,5				9,08	76,4					
24-04-2022 03:02:41						14,81	80,5	2,19	9,26	0,			15,27	72,8	2,5	9,86	0,			13,88	96,9	0,52	0,	25,67				14,18	101,2	0,55	0,	25,5				9,02	76,4					
24-04-2022 03:07:41						14,62	79,9	2,12	9,1	0,			15,40	72,5	2,5	9,85	0,			14,00	96,9	0,56	0,	25,67				14,18	101,2	0,51	0,	25,5				9,02	76,					
24-04-2022 03:12:42						14,50	80,5	2,16	9,21	0,			15,27	73,	2,75	9,85	0,			14,06	97,	0,57	0,	25,67				12,37	101,	0,61	0,	25,5				9,02	75,4					
24-04-2022 03:17:41						14,43	80,4	2,33	9,12	0,			15,15	72,8	2,61	9,85	0,			12,81	96,8	0,52	0,	25,67				13,50	101,2	0,55	0,	25,5				9,02	74,8					
24-04-2022 03:22:42						14,12	79,3	2,31	9,14	0,			14,77	72,2	2,22	9,86	0,			13,38	96,8	0,52	0,	25,67				13,87	101,2	0,54	0,	25,5				8,96	74,8					
24-04-2022 03:27:40						14,06	79,7	2,22	8,51	0,			14,77	73,	2,19	9,86	0,			13,69	96,9	0,56	0,	25,67				14,06	101,3	0,57	0,	25,5				8,83	74,8					
24-04-2022 03:32:41						14,43	80,4	2,28	8,44	0,			14,77	73,1	1,93	9,86	0,			13,88	96,9	0,51	0,	25,67				13,87	101,3	0,57	0,	25,5				8,77	75,					
24-04-2022 03:37:41						14,18	79,7	2,42	8,31	0,			14,71	71,8	1,9	9,85	0,			13,94	97,	0,55	0,	25,67				14,18	101,2	0,55	0,	25,5				8,71	75,2					
24-04-2022 03:42:42						14,06	79,3	2,37	8,32	0,			14,77	72,6	1,8	9,85	0,			14,00	97,1	0,55	0,	25,67				12,31	101,	0,51	0,	25,5				8,77	75,3					
24-04-2022 03:47:41						13,81	79,6	2,39	8,48	0,			14,52	72,2	1,66	9,87	0,			12,75	96,8	0,56	0,	25,67				13,56	101,2	0,62	0,	25,5				8,71	75,5					
24-04-2022 03:52:42						13,81	79,7	2,29	8,5	0,			14,52	72,2	1,74	9,86	0,			13,38	96,8	0,55	0,	25,67				14,00	101,2	0,52	0,	25,5				8,71	75,7					
24-04-2022 03:57:42						13,87	79,7	2,22	8,5	0,			14,65	72,1	1,9	9,85	0,			13,69	96,9	0,51	0,	25,67				13,81	101,3	0,59	0,	25,5				8,58	76,3					
24-04-2022 04:02:41						13,93	80,8	2,65	8,54	0,			14,46	72,1	1,9	9,85	0,			13,88	96,9	0,53	0,	25,67				14,00	101,3	0,6	0,	25,5				8,52	76,4					
24-04-2022 04:07:41						13,62	80,5	2,22	9,25	0,			14,58	72,7	1,95	9,86	0,			13,94	97,	0,56	0,	25,67				14,00	101,2	0,53	0,	25,5				8,40	76,5					
24-04-2022 04:12:41						14,06	79,9	2,39	9,02	0,			14,52	72,2	1,82	9,86	0,			14,00	97,1	0,59	0,	25,67				12,31	101,1	0,55	0,	25,5				8,33	76,9					
24-04-2022 04:17:41						14,12	79,7	2,43	9,03	0,			14,58	72,6	1,89	9,85	0,			12,69	96,8	0,52	0,	25,67				13,75	101,2	0,53	0,	25,5				8,21	77,2					
24-04-2022 04:22:41						13,62	79,1	2,38	9,01	0,			14,71	72,7	1,8	9,86	0,			13,31	96,8	0,6	0,	25,67				13,93	101,2	0,63	0,	25,5				8,21	77,6					
24-04-2022 04:27:42						13,93	80,9	2,32	8,65	0,			14,71	72,6	1,83	9,85	0,			13,69	96,9	0,56	0,	25,67				14,06	101,2	0,59	0,	25,5				8,21	77,7					
24-04-2022 04:32:41						13,62	80,1	2,35	9,01	0,			14,65	73,	1,65	9,86	0,			13,75	96,9	0,55	0,	25,67				14,06	101,2	0,52	0,	25,5				8,15	76,9					
24-04-2022 04:37:42						13,43	80,1	2,53	8,73	0,			14,58	71,8	1,66	9,86	0,			13,94	97,	0,52	0,	25,67				14,00	101,2	0,54	0,	25,5				8,21	76,4					
24-04-2022 04:42:42						13,50	79,9	2,43	9,23	0,			14,46	72,6	1,73	9,86	0,			13,94	97,1	0,65	0,	25,67				12,37	101,	0,59	0,	25,5				8,15	75,4					
24-04-2022 04:47:41						13,50	81,1	2,47	8,9	0,			14,21	71,9	1,75	9,86	0,			12,69	96,8	0,65	0,	25,67				13,56	101,2	0,64	0,	25,5				8,08	74,5					
24-04-2022 04:52:41						13,12	80,	2,53	8,44	0,			14,33	72,2	1,93	9,85	0,			13,31	96,8	0,54	0,	25,67				14,00	101,3	0,55	0,	25,5				8,08	74,6					
24-04-2022 04:57:41						13,12	79,7	2,23	8,22	0,			14,15	72,3	1,98	9,85	0,			13,63	96,9	0,52	0,	25,67				14,06	101,3	0,51	0,	25,5				7,96	75,6					
24-04-2022 05:02:42						13,00	80,1	2,34	8,17	0,			14,02	72,6	1,82	9,85	0,			13,81	96,9	0,52	0,	25,67				13,93	101,2	0,56	0,	25,5				7,90	76,2					
24-04-2022 05:07:42						12,93	80,7	2,12	7,99	0,			14,21	73,	1,65	9,85	0,			13,88	97,	0,52	0,	25,67				14,06	101,2	0,57	0,	25,5				7,90	76,					
24-04-2022 05:12:43						13,06	80,5	2,05	7,86	0,			14,08	73,	1,64	9,86	0,			14,00	97,1	0,52	0,	25,67				12,31	101,1	0,55	0,	25,5				7,83	76,					
24-04-2022 05:17:41						13,37	80,7	1,87	7,52	0,			14,15	72,8	1,66	9,86	0,			12,81	96,8	0,56	0,	25,67				13,50	101,3	0,68	0,	25,5				7,77	75,6					
24-04-2022 05:22:43						13,43	79,9	1,69	7,43	0,			13,96	72,1	1,46	9,86	0,			13,38	96,8	0,52	0,	25,67				13,81	101,3	0,55	0,	25,5				7,77	75,2					
24-04-2022 05:27:42						13,68	80,1	1,77	7,13	0,			14,08	72,6	1,16	9,86	0,			13,56	96,9	0,52	0,	25,67				14,00	101,3	0,51	0,	25,5				7,71	74,7					
24-04-2022 05:32:41						13,87	80,1	1,44	7,07	0,			14,33	72,6	1,32	9,48	0,			13,81	97,	0,52	0,	25,67				14,00	101,2	0,53	0,	25,5				7,65	74,8					
24-04-2022 05:37:43						13,62	79,3	1,33	6,93	0,			14,33	72,2	1,33	9,15	0,			13,88	97,	0,55	0,	25,67				14,06	101,2	0,55	0,	25,5				7,58	75,5					
24-04-2022 05:42:41						13,93	80,1	1,38	6,89	0,			14,40	72,2	1,32	8,67	0,			13,94	97,1	0,54	0,	25,67				12,25	100,9	0,55	0,	25,5				7,58	75,6					
24-04-2022 05:47:42						13,75	80,6	1,21	6,76	0,			14,40	71,9	1,28	8,96	0,			12,75	96,8	0,56	0,	25,67				13,62	101,2	0,55	0,	25,5				7,52	76,					
24-04-2022 05:52:41						14,06	80,9	1,25	6,73	0,			14,40	71,7	1,2	8,96	0,			13,25	96,8	0,52	0,	25,67				13,81	101,3	0,55	0,	25,5				7,65	76,4					
24-04-2022 05:57:42						14,06	80,1	1,46	6,73	0,			14,33	72,2	1,32	8,36	0,			13,63	96,9	0,64	0,	25,67				14,00	101,3	0,63	0,	25,5				7,52	76,1					
24-04-2022 06:02:41						14,06	80,5	1,39	6,74	0,			14,33	72,5	1,12	8,24	0,			13,88	97,	0,6	0,	25,67				13,93	101,3	0,6	0,	25,5				7,58	75,9					
24-04-2022 06:07:42						14,25	80,5	1,23	6,56	0,			14,52	72,5	1,29	8,03	0,			13,88	97,	0,6	0,	25,67				13,81	101,3	0,55	0,	25,5				7,58	75,6					
24-04-2022 06:12:41						14,12	79,7	1,17	6,67	0,			14,58	72,5	1,01	7,51	0,			13,88	97,1	0,53	0,	25,67				12,31	100,9	0,53	0,	25,5				7,58	76,1					
24-04-2022 06:17:41						14,00	79,3	1,44	6,68	0,			14,77	73,	1,03	7,52	0,			12,63	96,8	0,55	0,	25,67				13,50	101,2	0,63	0,	25,5				7,58	77,2					
24-04-2022 06:22:41						14,00	79,8	1,54	6,67	0,			14,96	73,	1,03	7,52	0,			13,31	96,8	0,52	0,	25,67				13,87	101,3	0,51	0,	25,5				7,40	77,9					
24-04-2022 06:27:41						13,93	79,9	1,4	6,67	0,			14,71	71,8	1,16	8,15	0,			13,56	96,9	0,57	0,	25,67				13,81	101,3	0,54	0,	25,5				7,02	82,2					
24-04-2022 06:32:42						14,25	80,5	1,09	6,45	0,			14,65	72,4	1,2	8,16	0,			13,75	97,	0,57	0,	25,67				14,06	101,3	0,55	0,	25,5				6,90	82,8					
24-04-2022 06:37:41						14,25	80,1	1,32	6,72	0,			14,52	72,6	1,28	8,48	0,			13,81	97,	0,6	0,	25,67				14,06	101,3	0,64	0,	25,5				6,71	83,6					
24-04-2022 06:42:42						14,18	80,9	1,26	6,72	0,			14,58	73,2	1,24	9,2	0,			13,88	97,1	0,55	0,	25,67				12,25	101,2	0,55	0,	25,5				6,65	84,3					
24-04-2022 06:47:41						14,06	80,5	1,71	7,04	0,			14,58	74,	1,25	9,2	0,			12,56	96,8	0,52	0,	25,67				13,37	101,2	0,51	0,	25,5				6,65	84,4					
24-04-2022 06:52:42						13,75	80,1	1,65	7,15	0,			14,65	73,3	1,23	9,2	0,			13,25	96,8	0,68	0,	25,67				13,93	101,3	0,53	0,	25,5				6,65	85,					
24-04-2022 06:57:43						13,93	80,9	1,41	7,13	0,			14,40	73,	1,44	9,2	0,			13,63	96,9	0,61	0,	25,67				14,00	101,3	0,55	0,	25,5				6,65	85,					
24-04-2022 07:02:41						13,81	81,2	1,5	7,12	0,			14,27	73,4	1,12	8,89	0,			13,69	96,9	0,5	0,	25,67				13,68	101,3	0,51	0,	25,5				6,58	84,5					
24-04-2022 07:07:42						13,87	81,	1,45	7,12	0,			14,46	73,8	1,1	8,12	0,			13,81	97,	0,52	0,	25,67				13,81	101,3	0,51	0,	25,5				6,52	84,					
24-04-2022 07:12:41						13,81	81,7	1,6	7,12	0,			14,52	73,8	0,98	7,75	0,			13,88	97,2	0,56	0,	25,67				12,31	101,	0,53	0,	25,5				6,46	83,6					
24-04-2022 07:17:42						13,68	80,9	1,15	6,72	0,			14,65	73,9	1,05	7,75	0,			12,63	96,8	0,56	0,	25,67				13,62	101,2	0,54	0,	25,5				6,46	83,1					
24-04-2022 07:22:41						13,93	80,9	1,23	6,75	0,			14,58	73,6	0,88	7,27	0,			13,19	96,8	0,62	0,	25,67				13,81	101,3	0,59	0,	25,5				6,52	82,1					
24-04-2022 07:27:42						13,93	81,3	1,03	6,51	0,			14,77	74,7	0,74	7,11	0,			13,56	96,9	0,52	0,	25,67				14,00	101,3	0,51	0,	25,5				6,46	81,6					
24-04-2022 07:32:41						14,25	81,6	1,11	6,34	0,			14,71	73,4	0,78	6,91	0,			13,69	96,9	0,56	0,	25,67				13,93	101,3	0,56	0,	25,5				6,46	81,2					
24-04-2022 07:37:42						14,12	81,3	0,95	6,14	0,			14,77	75,4	0,81	6,66	0,			13,81	97,1	0,52	0,	25,67				13,93	101,3	0,51	0,	25,5				6,46	80,4					
24-04-2022 07:42:42						14,18	81,3	0,91	6,12	0,			14,65	73,8	0,79	6,66	0,			13,81	97,1	0,52	0,	25,67				12,25	101,1	0,56	0,	25,5				6,58	80,2					
24-04-2022 07:47:41						14,18	81,3	0,87	6,01	0,			14,52	73,9	0,7	6,51	0,			12,63	96,8	0,54	0,	25,67				13,37	101,2	0,53	0,	25,5				6,65	80,4					
24-04-2022 07:52:42						14,18	81,3	0,86	5,96	0,			14,58	73,8	0,79	6,51	0,			13,31	96,8	0,53	0,	25,67				13,62	101,3	0,51	0,	25,5				6,65	80,3					
24-04-2022 07:57:41						14,00	81,	1,06	6,29	0,			14,71	74,	0,94	6,51	0,			13,50	96,9	0,6	0,	25,67				13,87	101,3	0,57	0,	25,5				6,58	80,5					
24-04-2022 08:02:42						13,75	80,9	1,17	6,28	0,			14,58	73,6	0,74	6,51	0,			13,69	97,	0,52	0,	25,67				13,87	101,2	0,53	0,	25,5				6,71	80,8					
24-04-2022 08:07:41						13,75	81,7	1,04	5,98	0,			14,40	72,7	0,81	6,51	0,			13,75	97,1	0,56	0,	25,67				14,06	101,2	0,58	0,	25,5				6,71	80,8					
24-04-2022 08:12:42						14,00	81,8	0,83	5,88	0,			14,46	73,4	0,82	6,3	0,			13,81	97,2	0,56	0,	25,67				12,12	101,1	0,55	0,	25,5				6,83	81,2					
24-04-2022 08:17:42						14,25	82,	0,8	5,68	0,			14,65	73,5	0,69	6,29	0,			12,63	96,8	0,48	0,	25,67				13,37	101,2	0,51	0,	25,5				6,77	80,4					
24-04-2022 08:22:42						14,31	81,8	0,79	5,45	0,			14,83	75,7	0,69	6,3	0,			13,25	96,8	0,6	0,	25,67				13,62	101,3	0,59	0,	25,5				6,90	80,					
24-04-2022 08:27:42						14,43	82,1	0,8	5,36	0,			15,83	75,3	0,88	7,54	0,			13,56	97,	0,52	0,	25,67				13,81	101,3	0,54	0,	25,5				6,96	80,4					
24-04-2022 08:32:40						14,37	81,2	0,87	5,23	0,			15,46	74,2	1,33	9,	0,			13,69	97,1	0,58	0,	25,67				13,68	101,3	0,55	0,	25,5				7,15	80,1					
24-04-2022 08:37:42						14,68	82,2	0,8	5,49	0,			15,02	75,2	1,24	8,99	0,			13,81	97,2	0,55	0,	25,67				13,87	101,3	0,5	0,	25,5				7,40	79,3					
24-04-2022 08:42:40						15,56	83,7	0,86	6,15	0,			14,77	75,	1,37	9,51	0,			13,88	97,2	0,52	0,	25,67				12,25	101,1	0,52	0,	25,5				7,65	79,6					
24-04-2022 08:47:42						15,12	82,3	1,31	7,04	0,			14,71	75,1	1,25	9,86	0,			12,69	96,8	0,5	0,	25,67				13,37	101,3	0,51	0,	25,5				7,52	78,4					
24-04-2022 08:52:41						15,18	83,8	1,8	7,73	0,			15,58	76,6	1,73	9,85	0,			13,25	96,8	0,52	0,	25,67				13,62	101,3	0,54	0,	25,5				7,65	78,8					
24-04-2022 08:57:42						14,62	84,9	2,41	8,36	0,			15,27	77,4	2,31	9,86	0,			13,63	96,9	0,56	0,	25,67				13,75	101,3	0,57	0,	25,5				7,71	78,					
24-04-2022 09:02:41						13,87	84,1	2,14	8,12	0,			14,83	77,5	2,18	9,86	0,			13,75	97,	0,5	0,	25,67				14,00	101,3	0,51	0,	25,5				8,02	77,2					
24-04-2022 09:07:42						13,75	84,3	1,96	7,65	0,			14,33	78,1	1,71	9,87	0,			13,88	97,2	0,53	0,	25,67				13,81	101,3	0,55	0,	25,5				8,15	73,2					
24-04-2022 09:12:41						14,12	84,9	1,73	7,2	0,			14,46	78,5	1,35	9,85	0,			13,94	97,2	0,52	0,	25,67				12,25	101,1	0,62	0,	25,5				8,08	73,8					
24-04-2022 09:17:41						14,37	85,1	1,58	6,75	0,			14,27	77,1	1,28	9,12	0,			12,75	96,8	0,57	0,	25,67				13,62	101,3	0,61	0,	25,5				7,90	74,1					
24-04-2022 09:22:42						14,37	84,5	1,19	6,24	0,			14,27	77,4	0,95	7,87	0,			13,31	96,8	0,6	0,	25,67				13,87	101,3	0,58	0,	25,5				7,71	74,6					
24-04-2022 09:27:42						14,43	84,4	0,87	5,85	0,			14,27	77,8	0,73	6,88	0,			13,56	96,9	0,48	0,	25,67				13,81	101,3	0,51	0,	25,5				7,77	76,					
24-04-2022 09:32:42						14,43	83,7	0,94	5,75	0,			14,33	77,3	0,71	6,55	0,			13,81	97,1	0,52	0,	25,67				13,87	101,3	0,51	0,	25,5				7,96	75,6					
24-04-2022 09:37:41						14,50	83,7	0,82	5,57	0,			14,33	77,	0,66	5,69	0,			13,81	97,2	0,5	0,	25,67				13,81	101,3	0,51	0,	25,5				8,15	74,9					
24-04-2022 09:42:41						14,50	83,7	0,83	5,23	0,			14,46	76,2	0,65	5,69	0,			13,88	97,2	0,52	0,	25,67				12,12	101,1	0,52	0,	25,5				8,52	73,8					
24-04-2022 09:47:41						14,43	83,7	0,83	4,8	0,			14,65	76,3	0,85	5,28	0,			12,69	96,8	0,59	0,	25,67				13,56	101,2	0,58	0,	25,5				8,77	72,1					
24-04-2022 09:52:42						14,56	83,7	0,8	4,58	0,			14,83	76,3	0,68	5,04	0,			13,25	96,8	0,56	0,	25,67				13,93	101,3	0,64	0,	25,5				9,46	73,5					
24-04-2022 09:57:41						14,81	83,9	0,78	4,33	0,			14,83	76,5	0,67	5,04	0,			13,50	97,	0,6	0,	25,67				13,93	101,3	0,63	0,	25,5				9,33	70,1					
24-04-2022 10:02:41						15,00	83,7	0,81	4,17	0,			15,15	77,	0,73	4,62	0,			13,75	97,2	0,56	0,	25,67				14,06	101,3	0,59	0,	25,5				9,15	69,3					
24-04-2022 10:07:42						15,06	83,4	0,9	4,15	0,			15,02	74,8	0,87	4,04	0,			13,81	97,2	0,72	0,	25,67				14,12	101,3	0,62	0,	25,5				9,40	71,7					
24-04-2022 10:12:41						15,18	83,3	0,82	4,32	0,			15,02	75,6	0,74	4,04	0,			13,88	97,2	0,58	0,	25,67				13,25	101,2	0,61	0,	25,5				9,33	69,8					
24-04-2022 10:17:42						15,31	83,	0,82	4,17	0,			15,27	75,9	0,7	3,52	0,			12,69	96,9	0,49	0,	25,67				13,75	101,2	0,51	0,	25,5				9,02	70,5					
24-04-2022 10:22:41						15,37	82,9	0,79	4,17	0,			15,33	75,4	0,63	2,55	0,			13,31	96,9	0,53	0,	25,67				13,81	101,3	0,51	0,	25,5				8,65	70,8					
24-04-2022 10:27:42						15,31	81,7	0,81	4,36	0,			15,52	75,4	0,58	2,33	0,			13,63	97,1	0,55	0,	25,67				14,06	101,3	0,51	0,	25,5				8,58	71,7					
24-04-2022 10:32:41						15,31	82,1	0,82	4,56	0,			15,52	75,	0,54	2,04	0,			13,75	97,2	0,5	0,	25,67				14,00	101,2	0,55	0,	25,5				9,40	71,7					
24-04-2022 10:37:42						15,31	81,9	0,81	4,57	0,			15,71	75,	0,56	1,89	0,			13,88	97,2	0,55	0,	25,67				13,93	101,2	0,56	0,	25,5				9,58	69,3					
24-04-2022 10:42:42						15,43	82,1	0,76	4,69	0,			15,65	74,2	0,72	2,32	0,			13,88	97,2	0,52	0,	25,67				12,37	101,	0,5	0,	25,5				9,21	69,7					
24-04-2022 10:47:41						15,62	81,7	0,74	4,96	0,			16,02	74,6	0,62	2,32	0,			12,75	96,8	0,48	0,	25,67				13,75	101,2	0,51	0,	25,5				9,15	69,3					
24-04-2022 10:52:43						15,43	80,5	0,82	5,1	0,			15,96	74,	0,69	3,21	0,			13,31	96,9	0,51	0,	25,67				14,00	101,3	0,51	0,	25,5				9,21	69,					
24-04-2022 10:57:41						15,50	81,3	0,83	5,22	0,			16,02	73,8	0,68	3,68	0,			13,63	97,1	0,52	0,	25,67				14,00	101,3	0,51	0,	25,5				9,21	69,2					
24-04-2022 11:02:42						15,68	81,6	0,95	5,53	0,			16,21	74,2	0,78	4,73	0,			13,75	97,2	0,63	0,	25,67				13,93	101,3	0,61	0,	25,5				9,71	67,9					
24-04-2022 11:07:41						15,56	81,2	0,81	5,66	0,			16,21	73,	0,64	5,04	0,			13,88	97,2	0,48	0,	25,67				14,18	101,2	0,51	0,	25,5				9,96	68,5					
24-04-2022 11:12:42						15,62	81,3	1,04	5,96	0,			16,21	72,8	0,82	5,56	0,			13,94	97,2	0,64	0,	25,67				12,43	101,1	0,56	0,	25,5				9,96	65,5					
24-04-2022 11:17:41						15,68	81,3	1,18	6,37	0,			16,21	72,6	0,74	5,78	0,			12,63	96,8	0,59	0,	25,67				13,56	101,1	0,59	0,	25,5				10,15	64,					
24-04-2022 11:22:42						15,56	80,5	1,54	7,05	0,			16,52	73,6	0,71	6,24	0,			13,25	96,8	0,52	0,	25,67				14,00	101,3	0,51	0,	25,5				10,33	66,8					
24-04-2022 11:27:42						15,37	81,7	1,81	6,95	0,			16,77	74,	0,95	7,2	0,			13,56	97,	0,53	0,	25,67				14,06	101,3	0,53	0,	25,5				10,08	64,5					
24-04-2022 11:32:41						15,50	81,6	1,7	7,42	0,			16,71	73,9	1,23	8,68	0,			13,81	97,2	0,56	0,	25,67				14,12	101,3	0,56	0,	25,5				11,08	66,1					
24-04-2022 11:37:42						15,87	82,7	1,74	7,81	0,			16,65	73,4	1,39	9,46	0,			13,94	97,2	0,63	0,	25,67				14,00	101,3	0,56	0,	25,5				10,90	63,4					
24-04-2022 11:42:41						16,00	82,5	2,27	8,62	0,			16,52	73,2	1,42	9,86	0,			13,88	97,2	0,6	0,	25,67				12,31	101,2	0,5	0,	25,5				10,90	59,5					
24-04-2022 11:47:42						15,81	82,1	2,1	9,55	0,			16,40	73,2	1,92	9,85	0,			12,81	96,8	0,56	0,	25,67				13,62	101,3	0,59	0,	25,5				11,21	58,9					
24-04-2022 11:52:40						15,93	81,7	2,17	9,53	0,			16,08	72,2	2,61	9,86	0,			13,25	96,8	0,6	0,	25,67				13,75	101,3	0,62	0,	25,5				11,46	58,5					
24-04-2022 11:57:41						16,18	81,8	2,33	9,55	0,			15,83	71,6	2,39	9,85	0,			13,63	96,9	0,59	0,	25,67				14,00	101,3	0,55	0,	25,5				11,52	58,5					
24-04-2022 12:02:42						16,56	82,	2,03	9,53	0,			16,02	72,2	2,7	9,86	0,			13,75	97,1	0,52	0,	25,67				13,93	101,3	0,55	0,	25,5				11,40	58,9					
24-04-2022 12:07:42						16,43	80,5	2,05	9,55	0,			16,40	72,3	2,38	9,86	0,			13,94	97,2	0,54	0,	25,67				14,00	101,3	0,55	0,	25,5				11,33	59,8					
24-04-2022 12:12:42						17,18	82,4	2,16	9,53	0,			16,83	73,4	2,59	9,85	0,			13,94	97,2	0,55	0,	25,67				12,50	101,1	0,58	0,	25,5				11,65	60,2					
24-04-2022 12:17:41						17,87	82,2	2,39	9,53	0,			17,02	71,4	2,58	9,86	0,			12,69	96,8	0,56	0,	25,67				13,56	101,3	0,67	0,	25,5				12,02	59,5					
24-04-2022 12:22:42						18,12	82,5	2,28	9,53	0,			17,90	74,2	2,42	9,86	0,			13,31	96,9	0,56	0,	25,67				13,81	101,3	0,6	0,	25,5				11,90	59,3					
24-04-2022 12:27:41						18,06	82,3	2,18	9,55	0,			18,27	74,2	2,4	9,86	0,			13,63	97,1	0,68	0,	25,67				14,06	101,3	0,69	0,	25,5				12,15	58,					
24-04-2022 12:32:42						17,75	80,5	1,92	9,54	0,			18,27	74,2	2,17	9,85	0,			13,81	97,2	0,56	0,	25,67				13,93	101,3	0,54	0,	25,5				11,83	57,					
24-04-2022 12:37:41						17,43	79,7	2,04	9,57	0,			17,77	73,8	2,49	9,85	0,			13,94	97,2	0,55	0,	25,67				14,25	101,3	0,55	0,	25,5				11,83	58,1					
24-04-2022 12:42:42						17,31	79,3	1,99	9,54	0,			17,46	71,1	2,3	9,86	0,			14,00	97,2	0,58	0,	25,67				12,43	101,1	0,55	0,	25,5				12,33	57,3					
24-04-2022 12:47:41						17,43	79,3	2,45	9,52	0,			17,40	71,9	2,39	9,85	0,			12,69	96,9	0,66	0,	25,67				13,68	101,3	0,64	0,	25,5				11,83	55,7					
24-04-2022 12:52:42						17,50	78,1	2,08	9,52	0,			17,02	69,8	2,56	9,86	0,			13,38	96,9	0,64	0,	25,67				14,06	101,3	0,73	0,	25,5				12,08	53,3					
24-04-2022 12:57:42						17,37	77,3	1,96	9,52	0,			17,08	70,8	2,6	9,86	0,			13,69	97,1	0,66	0,	25,67				14,18	101,3	0,6	0,	25,5				13,21	53,5					
24-04-2022 13:02:41						17,68	78,9	2,28	9,54	0,			17,46	70,9	2,47	9,86	0,			13,94	97,2	0,54	0,	25,67				14,12	101,3	0,55	0,	25,5				12,40	50,1					
24-04-2022 13:07:42						17,87	77,3	2,09	9,53	0,			17,58	69,8	2,28	9,86	0,			13,94	97,2	0,68	0,	25,67				14,18	101,3	0,67	0,	25,5				12,90	53,9					
24-04-2022 13:12:40						17,93	77,	2,06	9,54	0,			17,52	68,6	2,55	9,86	0,			14,06	97,2	0,61	0,	25,67				12,43	101,3	0,57	0,	25,5				12,83	53,3					
24-04-2022 13:17:42						18,00	76,5	2,13	9,56	0,			17,58	67,	2,6	9,85	0,			12,75	96,9	0,56	0,	25,67				13,75	101,3	0,55	0,	25,5				12,15	52,8					
24-04-2022 13:22:40						18,12	75,7	2,22	9,53	0,			17,71	67,	2,35	9,85	0,			13,44	96,9	0,55	0,	25,67				13,93	101,3	0,55	0,	25,5				13,27	57,9					
24-04-2022 13:27:42						18,50	76,1	2,34	9,55	0,			18,02	67,8	2,44	9,87	0,			13,69	97,	0,6	0,	25,67				14,00	101,3	0,57	0,	25,5				12,96	58,4					
24-04-2022 13:32:40						18,68	74,9	1,94	9,54	0,			18,15	67,3	2,5	9,87	0,			13,81	97,2	0,62	0,	25,67				14,31	101,3	0,54	0,	25,5				13,21	56,5					
24-04-2022 13:37:42						18,81	74,5	2,21	9,53	0,			18,21	65,2	2,44	9,85	0,			14,00	97,2	0,52	0,	25,67				14,37	101,3	0,54	0,	25,5				12,96	54,6					
24-04-2022 13:42:42						18,93	74,2	2,25	9,55	0,			18,27	65,	2,52	9,86	0,			14,06	97,2	0,6	0,	25,67				12,56	101,3	0,61	0,	25,5				12,96	54,8					
24-04-2022 13:47:41						18,93	73,5	2,2	9,54	0,			18,27	63,7	2,46	9,85	0,			12,88	96,9	0,67	0,	25,67				13,62	101,3	0,78	0,	25,5				12,58	54,9					
24-04-2022 13:52:42						18,75	72,2	2,22	9,54	0,			18,15	63,7	2,42	9,86	0,			13,44	96,9	0,6	0,	25,67				14,12	101,3	0,55	0,	25,5				12,52	56,5					
24-04-2022 13:57:41						18,75	73,4	2,13	9,55	0,			18,15	62,2	2,67	9,86	0,			13,75	97,	0,63	0,	25,67				13,93	101,3	0,65	0,	25,5				13,83	56,1					
24-04-2022 14:02:42						18,75	71,4	2,19	9,55	0,			18,21	63,	2,45	9,85	0,			13,94	97,1	0,58	0,	25,67				14,25	101,3	0,68	0,	25,5				13,96	54,1					
24-04-2022 14:07:41						18,87	71,9	2,24	9,53	0,			18,58	64,1	2,42	9,86	0,			14,00	97,2	0,56	0,	25,67				14,12	101,3	0,59	0,	25,5				13,52	55,6					
24-04-2022 14:12:42						18,93	71,3	2,2	9,54	0,			18,52	63,7	2,39	9,86	0,			14,00	97,2	0,56	0,	25,67				12,37	101,3	0,59	0,	25,5				12,52	54,5					
24-04-2022 14:17:42						18,93	71,7	2,21	9,56	0,			18,58	62,2	2,46	9,87	0,			12,88	96,9	0,55	0,	25,67				13,62	101,3	0,61	0,	25,5				12,52	55,7					
24-04-2022 14:22:42						18,93	71,2	2,28	9,55	0,			18,65	63,7	2,37	9,86	0,			13,50	96,9	0,55	0,	25,67				14,00	101,3	0,55	0,	25,5				12,71	54,9					
24-04-2022 14:27:42						19,00	71,7	2,26	9,56	0,			18,33	63,4	2,61	9,86	0,			13,75	97,1	0,64	0,	25,67				14,18	101,3	0,65	0,	25,5				12,52	54,7					
24-04-2022 14:32:41						18,93	71,	2,37	9,58	0,			18,40	64,1	2,51	9,86	0,			13,94	97,2	0,63	0,	25,67				14,18	101,3	0,64	0,	25,5				13,65	55,3					
24-04-2022 14:37:42						19,12	71,8	2,12	9,55	0,			18,46	63,7	2,29	9,86	0,			14,06	97,2	0,56	0,	25,67				14,31	101,3	0,55	0,	25,5				12,65	52,1					
24-04-2022 14:42:40						18,93	71,6	2,04	9,55	0,			18,52	64,1	2,39	9,86	0,			14,06	97,2	0,58	0,	25,67				12,50	101,3	0,62	0,	25,5				13,52	55,4					
24-04-2022 14:47:42						19,00	71,4	2,22	9,53	0,			18,83	64,9	2,58	9,87	0,			12,94	97,	0,68	0,	25,67				13,56	101,3	0,77	0,	25,5				14,27	51,					
24-04-2022 14:52:41						19,25	71,8	2,15	9,54	0,			18,83	63,9	2,35	9,86	0,			13,44	96,9	0,52	0,	25,67				14,06	101,3	0,56	0,	25,5				13,40	51,5					
24-04-2022 14:57:42						19,00	69,9	2,03	9,54	0,			18,52	61,3	2,59	9,86	0,			13,81	97,1	0,56	0,	25,67				14,06	101,3	0,63	0,	25,5				12,96	50,9					
24-04-2022 15:02:41						19,25	71,	2,34	9,56	0,			18,65	62,5	2,44	9,86	0,			14,00	97,2	0,52	0,	25,67				14,25	101,3	0,53	0,	25,5				13,21	52,3					
24-04-2022 15:07:41						19,25	70,2	2,02	9,54	0,			18,65	61,7	2,49	9,86	0,			14,00	97,2	0,56	0,	25,67				14,00	101,3	0,54	0,	25,5				12,46	52,2					
24-04-2022 15:12:42						19,12	69,9	2,31	9,55	0,			18,46	60,7	2,23	9,86	0,			14,06	97,2	0,6	0,	25,67				12,43	101,3	0,56	0,	25,5				12,71	52,1					
24-04-2022 15:17:40						19,12	69,8	2,11	9,57	0,			18,46	62,5	2,51	9,87	0,			12,88	96,9	0,64	0,	25,67				13,68	101,3	0,63	0,	25,5				13,65	54,1					
24-04-2022 15:22:42						19,31	69,7	2,03	9,54	0,			18,65	62,5	2,75	9,85	0,			13,50	96,9	0,56	0,	25,67				14,06	101,3	0,61	0,	25,5				13,08	51,7					
24-04-2022 15:27:41						19,43	70,6	2,05	9,53	0,			18,71	63,3	2,49	9,86	0,			13,81	97,	0,6	0,	25,67				14,12	101,3	0,55	0,	25,5				12,77	52,5					
24-04-2022 15:32:42						19,18	70,4	1,97	9,58	0,			18,77	62,5	2,77	9,86	0,			14,00	97,2	0,7	0,	25,67				14,06	101,3	0,65	0,	25,5				14,58	52,3					
24-04-2022 15:37:41						19,18	70,9	2,16	9,55	0,			18,77	61,8	2,44	9,86	0,			14,06	97,2	0,58	0,	25,67				14,25	101,3	0,59	0,	25,5				14,21	49,					
24-04-2022 15:42:42						19,37	70,6	2,32	9,58	0,			18,96	62,5	2,62	9,86	0,			14,13	97,2	0,52	0,	25,67				12,75	101,3	0,55	0,	25,5				12,90	49,3					
24-04-2022 15:47:41						19,31	69,	2,27	9,55	0,			18,83	62,1	2,52	9,86	0,			13,38	97,2	0,6	0,	25,67				13,81	101,3	0,61	0,	25,5				13,96	51,7					
24-04-2022 15:52:43						19,18	68,6	2,07	9,55	0,			18,90	61,7	2,43	9,87	0,			13,75	97,2	0,55	0,	25,67				14,06	101,3	0,57	0,	25,5				13,71	49,9					
24-04-2022 15:57:44						19,43	69,1	2,06	9,55	0,			18,90	59,3	2,47	9,86	0,			13,94	97,2	0,6	0,	25,67				13,93	101,3	0,6	0,	25,5				13,46	49,5					
24-04-2022 16:02:41						19,37	68,7	2,18	9,56	0,			18,71	61,1	2,79	9,86	0,			14,06	97,2	0,67	0,	25,67				14,18	101,3	0,64	0,	25,5				14,65	50,3					
24-04-2022 16:07:42						19,81	70,6	2,5	9,55	0,			19,08	61,5	2,7	9,87	0,			14,13	97,2	0,64	0,	25,67				14,00	101,3	0,62	0,	25,5				13,77	45,4					
24-04-2022 16:12:41						20,00	68,8	1,93	9,54	0,			19,27	60,1	2,72	9,86	0,			14,06	97,2	0,6	0,	25,67				12,43	101,1	0,64	0,	25,5				14,52	50,5					
24-04-2022 16:17:42						19,68	68,3	2,2	9,56	0,			19,40	62,5	2,76	9,86	0,			12,88	96,8	0,59	0,	25,67				13,56	101,3	0,69	0,	25,5				14,77	48,2					
24-04-2022 16:22:41						19,75	67,1	2,25	9,57	0,			19,27	60,1	2,52	9,86	0,			13,50	96,8	0,59	0,	25,67				14,00	101,3	0,63	0,	25,5				13,21	45,5					
24-04-2022 16:27:42						19,43	67,8	2,33	9,56	0,			18,96	59,3	2,38	9,86	0,			13,81	96,9	0,66	0,	25,67				14,12	101,3	0,59	0,	25,5				13,83	48,7					
24-04-2022 16:32:41						20,00	69,3	2,29	9,57	0,			19,02	59,3	2,71	9,86	0,			14,00	97,1	0,6	0,	25,67				14,00	101,3	0,59	0,	25,5				14,02	48,8					
24-04-2022 16:37:41						19,75	69,	2,02	9,56	0,			19,33	60,9	2,42	9,86	0,			14,00	97,2	0,59	0,	25,67				14,18	101,3	0,57	0,	25,5				14,40	50,9					
24-04-2022 16:42:42						19,75	69,	2,22	9,53	0,			19,40	60,	2,56	9,87	0,			14,13	97,2	0,62	0,	25,67				12,31	101,3	0,7	0,	25,5				13,96	48,2					
24-04-2022 16:47:41						20,00	69,	2,35	9,52	0,			19,52	60,8	2,47	9,86	0,			12,81	96,9	0,52	0,	25,67				13,62	101,3	0,51	0,	25,5				14,21	45,8					
24-04-2022 16:52:41						19,68	68,2	2,2	9,56	0,			19,40	58,9	2,65	9,87	0,			13,50	96,9	0,59	0,	25,67				14,00	101,3	0,61	0,	25,5				14,21	46,6					
24-04-2022 16:57:41						19,75	67,2	2,1	9,57	0,			19,40	59,3	2,51	9,86	0,			13,81	97,1	0,63	0,	25,67				14,00	101,3	0,66	0,	25,5				14,58	45,8					
24-04-2022 17:02:43						19,68	67,1	2,67	9,57	0,			19,33	59,7	2,76	9,85	0,			13,94	97,2	0,56	0,	25,67				14,12	101,3	0,55	0,	25,5				13,58	44,6					
24-04-2022 17:07:41						19,68	65,9	1,97	9,55	0,			19,27	58,5	2,48	9,86	0,			14,00	97,2	0,52	0,	25,67				14,31	101,3	0,56	0,	25,5				13,33	47,3					
24-04-2022 17:12:41						19,31	67,	2,4	9,57	0,			19,08	58,5	2,54	9,86	0,			14,00	97,2	0,59	0,	25,67				12,50	101,3	0,59	0,	25,5				13,15	46,6					
24-04-2022 17:17:42						19,25	66,6	1,96	9,55	0,			19,02	59,7	2,63	9,86	0,			12,88	96,8	0,57	0,	25,67				13,56	101,3	0,53	0,	25,5				13,83	50,1					
24-04-2022 17:22:42						19,12	67,4	2,31	9,55	0,			19,21	60,1	2,65	9,86	0,			13,44	96,9	0,7	0,	25,67				14,00	101,3	0,63	0,	25,5				13,77	49,4					
24-04-2022 17:27:41						19,06	67,2	2,35	9,54	0,			19,15	59,9	2,34	9,86	0,			13,75	97,1	0,61	0,	25,67				14,18	101,3	0,63	0,	25,5				13,08	47,4					
24-04-2022 17:32:41						18,87	67,1	2,18	9,52	0,			18,65	59,6	2,49	9,85	0,			13,94	97,2	0,52	0,	25,67				14,12	101,3	0,54	0,	25,5				13,83	52,					
24-04-2022 17:37:42						19,18	69,5	2,33	9,55	0,			18,90	61,1	2,52	9,86	0,			14,00	97,2	0,6	0,	25,67				14,00	101,3	0,55	0,	25,5				14,58	47,2					
24-04-2022 17:42:40						19,25	67,6	2,59	9,55	0,			19,08	60,9	2,37	9,87	0,			14,06	97,2	0,6	0,	25,67				12,50	101,3	0,55	0,	25,5				14,27	49,3					
24-04-2022 17:47:41						19,18	66,6	2,32	9,54	0,			19,02	58,9	2,68	9,85	0,			13,00	97,	0,67	0,	25,67				13,62	101,3	0,61	0,	25,5				13,83	47,8					
24-04-2022 17:52:41						19,00	69,	2,37	9,55	0,			18,90	60,9	2,65	9,86	0,			13,44	96,9	0,64	0,	25,67				14,12	101,3	0,66	0,	25,5				13,21	48,					
24-04-2022 17:57:42						18,75	67,3	2,23	9,55	0,			18,52	59,7	2,5	9,86	0,			13,81	97,2	0,56	0,	25,67				13,87	101,3	0,59	0,	25,5				12,90	51,2					
24-04-2022 18:02:41						18,68	67,1	2,13	9,54	0,			18,65	59,7	2,13	9,86	0,			13,88	97,2	0,55	0,	25,67				14,18	101,3	0,55	0,	25,5				12,96	49,1					
24-04-2022 18:07:42						18,62	68,6	2,05	9,57	0,			18,58	59,7	2,39	9,85	0,			14,00	97,2	0,52	0,	25,67				14,18	101,3	0,52	0,	25,5				13,15	48,2					
24-04-2022 18:12:42						18,75	68,	2,13	9,54	0,			18,52	60,9	2,45	9,87	0,			14,06	97,2	0,56	0,	25,67				12,50	101,3	0,55	0,	25,5				12,83	49,5					
24-04-2022 18:17:41						18,43	67,4	2,05	9,56	0,			18,77	64,1	2,59	9,86	0,			12,88	97,1	0,55	0,	25,67				13,75	101,3	0,54	0,	25,5				12,40	49,7					
24-04-2022 18:22:42						18,43	68,7	2,32	9,55	0,			18,90	60,6	2,54	9,86	0,			13,44	97,1	0,52	0,	25,67				14,00	101,3	0,56	0,	25,5				12,90	51,3					
24-04-2022 18:27:41						18,43	68,8	2,27	9,55	0,			18,15	61,	2,47	9,86	0,			13,75	97,2	0,56	0,	25,67				14,12	101,3	0,58	0,	25,5				13,58	50,1					
24-04-2022 18:32:44						18,75	72,9	2,12	9,54	0,			18,08	60,9	2,5	9,86	0,			13,94	97,2	0,52	0,	25,67				14,06	101,3	0,54	0,	25,5				13,02	49,					
24-04-2022 18:37:41						19,37	72,9	2,05	9,58	0,			18,27	64,5	2,38	9,86	0,			14,06	97,2	0,54	0,	25,67				14,18	101,3	0,51	0,	25,5				13,65	51,3					
24-04-2022 18:42:42						19,31	73,4	2,22	9,56	0,			18,90	67,4	2,27	9,86	0,			14,06	97,2	0,56	0,	25,67				12,43	101,3	0,59	0,	25,5				13,96	50,6					
24-04-2022 18:47:41						19,50	75,7	2,2	9,54	0,			19,08	66,6	2,55	9,86	0,			12,94	97,2	0,69	0,	25,67				13,50	101,3	0,61	0,	25,5				13,52	48,2					
24-04-2022 18:52:41						18,62	71,2	2,16	9,56	0,			19,27	70,3	2,47	9,85	0,			13,50	97,1	0,6	0,	25,67				14,06	101,3	0,57	0,	25,5				12,90	50,9					
24-04-2022 18:57:41						18,25	71,8	2,14	9,58	0,			18,58	64,3	2,35	9,86	0,			13,75	97,2	0,53	0,	25,67				14,06	101,3	0,55	0,	25,5				12,52	49,1					
24-04-2022 19:02:41						18,06	71,8	1,92	9,54	0,			17,83	64,9	2,52	9,86	0,			13,88	97,2	0,48	0,	25,67				14,00	101,3	0,51	0,	25,5				12,40	50,7					
24-04-2022 19:07:42						17,87	71,2	2,09	9,54	0,			17,83	63,9	2,41	9,87	0,			14,06	97,2	0,52	0,	25,67				14,12	101,3	0,56	0,	25,5				12,46	52,5					
24-04-2022 19:12:41						17,81	72,2	2,11	9,53	0,			17,52	63,8	2,19	9,86	0,			14,00	97,2	0,53	0,	25,67				12,50	101,3	0,53	0,	25,5				12,40	51,7					
24-04-2022 19:17:42						17,62	70,2	2,	9,56	0,			17,58	63,3	2,4	9,86	0,			12,81	96,9	0,49	0,	25,67				13,75	101,3	0,49	0,	25,5				12,02	53,1					
24-04-2022 19:22:41						17,56	70,2	2,14	9,56	0,			17,27	62,5	2,48	9,85	0,			13,44	97,	0,52	0,	25,67				13,93	101,3	0,55	0,	25,5				11,83	53,8					
24-04-2022 19:27:42						17,31	69,9	2,17	9,57	0,			17,33	63,5	2,46	9,85	0,			13,81	97,2	0,52	0,	25,67				14,06	101,3	0,53	0,	25,5				11,83	54,5					
24-04-2022 19:32:40						17,00	69,8	2,18	9,55	0,			16,96	62,7	2,5	9,85	0,			13,94	97,2	0,56	0,	25,67				14,00	101,3	0,5	0,	25,5				12,33	45,4					
24-04-2022 19:37:41						16,87	70,6	2,01	9,55	0,			16,83	62,5	2,48	9,86	0,			14,00	97,2	0,52	0,	25,67				14,31	101,3	0,51	0,	25,5				11,83	50,					
24-04-2022 19:42:42						17,06	70,6	2,23	9,55	0,			16,71	62,4	2,49	9,86	0,			14,06	97,2	0,52	0,	25,67				12,50	101,3	0,52	0,	25,5				11,58	54,2					
24-04-2022 19:47:41						17,06	71,3	2,24	9,54	0,			16,52	62,4	2,46	9,85	0,			12,75	96,9	0,52	0,	25,67				13,75	101,3	0,53	0,	25,5				11,96	48,2					
24-04-2022 19:52:42						16,75	69,9	2,15	9,53	0,			16,58	62,5	2,55	9,85	0,			13,44	96,9	0,52	0,	25,67				13,93	101,3	0,53	0,	25,5				11,52	51,3					
24-04-2022 19:57:42						16,68	70,2	2,25	9,56	0,			16,52	62,9	2,61	9,87	0,			13,69	97,2	0,56	0,	25,67				14,00	101,3	0,54	0,	25,5				11,83	52,9					
24-04-2022 20:02:42						16,56	69,9	2,02	9,58	0,			16,46	62,5	2,42	9,87	0,			13,88	97,2	0,52	0,	25,67				14,06	101,3	0,51	0,	25,5				12,40	49,8					
24-04-2022 20:07:41						16,68	71,	2,09	9,55	0,			16,46	62,5	2,54	9,86	0,			14,06	97,2	0,48	0,	25,67				14,00	101,3	0,48	0,	25,5				12,46	47,3					
24-04-2022 20:12:41						16,68	71,8	1,93	9,56	0,			16,46	63,3	2,54	9,85	0,			14,06	97,2	0,48	0,	25,67				12,50	101,3	0,48	0,	25,5				11,96	51,4					
24-04-2022 20:17:41						16,56	71,3	2,14	9,55	0,			16,58	63,4	2,36	9,86	0,			12,88	97,1	0,48	0,	25,67				13,68	101,3	0,47	0,	25,5				12,46	51,3					
24-04-2022 20:22:42						16,62	72,6	2,23	9,55	0,			16,71	64,1	2,54	9,86	0,			13,44	97,	0,52	0,	25,67				14,00	101,3	0,51	0,	25,5				12,40	49,1					
24-04-2022 20:27:42						16,81	72,2	2,18	9,54	0,			16,58	63,8	2,52	9,86	0,			13,69	97,2	0,52	0,	25,67				13,87	101,3	0,51	0,	25,5				12,15	48,6					
24-04-2022 20:32:41						16,31	71,3	2,07	9,56	0,			16,46	64,4	2,58	9,86	0,			13,94	97,2	0,49	0,	25,67				14,06	101,3	0,5	0,	25,5				12,02	47,8					
24-04-2022 20:37:41						16,37	71,8	2,27	9,53	0,			16,33	63,9	2,58	9,86	0,			14,00	97,2	0,52	0,	25,67				13,87	101,3	0,51	0,	25,5				11,71	49,9					
24-04-2022 20:42:41						16,25	71,7	2,18	9,56	0,			16,15	62,1	2,25	9,85	0,			14,06	97,2	0,51	0,	25,67				12,50	101,3	0,51	0,	25,5				11,46	52,5					
24-04-2022 20:47:42						16,25	71,4	2,06	9,52	0,			16,21	62,9	2,13	9,85	0,			12,81	97,	0,48	0,	25,67				13,68	101,3	0,51	0,	25,5				11,02	56,1					
24-04-2022 20:52:41						16,31	71,4	1,99	9,55	0,			16,27	63,	2,19	9,86	0,			13,38	96,9	0,52	0,	25,67				13,81	101,3	0,51	0,	25,5				10,83	57,4					
24-04-2022 20:57:42						16,37	71,5	2,32	9,56	0,			16,21	63,3	2,	9,85	0,			13,75	97,2	0,52	0,	25,67				13,81	101,3	0,55	0,	25,5				10,58	58,4					
24-04-2022 21:02:41						16,12	71,8	2,17	9,54	0,			16,15	62,5	1,95	9,85	0,			13,88	97,2	0,49	0,	25,67				14,12	101,3	0,51	0,	25,5				10,33	59,3					
24-04-2022 21:07:42						15,93	71,8	2,13	9,54	0,			16,15	62,7	2,1	9,86	0,			13,94	97,2	0,56	0,	25,67				14,00	101,3	0,55	0,	25,5				10,27	58,9					
24-04-2022 21:12:42						15,81	71,	2,01	9,54	0,			16,08	62,9	1,99	9,86	0,			13,94	97,2	0,53	0,	25,67				12,68	101,3	0,56	0,	25,5				10,02	59,2					
24-04-2022 21:17:41						15,68	71,	2,19	9,54	0,			15,71	61,7	2,05	9,86	0,			12,75	97,	0,52	0,	25,67				13,50	101,3	0,51	0,	25,5				9,83	60,5					
24-04-2022 21:22:42						15,56	71,4	2,12	9,21	0,			15,65	63,	1,91	9,86	0,			13,38	96,9	0,54	0,	25,67				13,87	101,3	0,51	0,	25,5				9,71	60,5					
24-04-2022 21:27:41						15,62	70,6	2,16	9,31	0,			15,71	63,3	2,03	9,86	0,			13,69	97,2	0,5	0,	25,67				13,93	101,3	0,48	0,	25,5				9,52	61,7					
24-04-2022 21:32:43						15,62	72,2	2,38	9,03	0,			15,65	66,1	2,21	9,85	0,			13,81	97,2	0,58	0,	25,67				14,00	101,3	0,54	0,	25,5				9,52	59,7					
24-04-2022 21:37:40						15,50	73,5	2,18	8,9	0,			15,65	64,9	2,59	9,86	0,			13,94	97,2	0,52	0,	25,67				14,06	101,3	0,53	0,	25,5				9,46	59,3					
24-04-2022 21:42:42						15,12	72,2	2,25	8,89	0,			15,27	64,1	2,01	9,85	0,			13,94	97,2	0,52	0,	25,67				12,37	101,3	0,52	0,	25,5				9,33	58,5					
24-04-2022 21:47:41						14,68	71,	2,26	8,99	0,			15,15	65,	1,71	9,85	0,			12,69	97,	0,54	0,	25,67				13,68	101,3	0,51	0,	25,5				9,27	57,2					
24-04-2022 21:52:42						14,56	72,2	2,17	8,41	0,			15,15	63,7	1,53	9,87	0,			13,38	97,1	0,58	0,	25,67				13,87	101,3	0,54	0,	25,5				9,08	58,1					
24-04-2022 21:57:42						14,43	71,8	2,1	8,05	0,			15,15	63,7	1,57	9,86	0,			13,69	97,2	0,51	0,	25,67				13,93	101,3	0,51	0,	25,5				9,02	58,1					
24-04-2022 22:02:42						14,37	70,5	1,98	7,72	0,			15,08	63,5	1,44	9,87	0,			13,81	97,2	0,55	0,	25,67				14,00	101,3	0,51	0,	25,5				8,96	58,5					
24-04-2022 22:07:42						14,62	71,8	1,87	7,6	0,			15,02	63,7	1,33	9,86	0,			13,94	97,2	0,52	0,	25,67				14,12	101,3	0,5	0,	25,5				8,83	58,4					
24-04-2022 22:12:41						14,75	72,6	1,86	7,54	0,			15,15	63,3	1,33	9,86	0,			13,88	97,2	0,52	0,	25,67				12,31	101,3	0,51	0,	25,5				8,77	58,4					
24-04-2022 22:17:42						14,43	71,1	1,9	7,53	0,			15,08	63,2	1,24	9,85	0,			12,63	96,9	0,52	0,	25,67				13,56	101,3	0,51	0,	25,5				8,58	58,9					
24-04-2022 22:22:41						14,25	71,6	1,92	7,52	0,			14,90	62,9	1,44	9,85	0,			13,25	96,9	0,52	0,	25,67				13,87	101,3	0,54	0,	25,5				8,40	59,7					
24-04-2022 22:27:42						14,31	71,4	1,83	7,53	0,			14,71	62,9	1,46	9,87	0,			13,63	97,1	0,51	0,	25,67				13,87	101,3	0,51	0,	25,5				8,40	58,9					
24-04-2022 22:32:41						14,25	71,9	1,72	7,14	0,			14,77	62,7	1,25	9,36	0,			13,75	97,2	0,49	0,	25,67				13,87	101,3	0,51	0,	25,5				8,33	59,3					
24-04-2022 22:37:42						14,50	71,8	1,37	7,02	0,			14,77	62,9	1,19	8,53	0,			13,94	97,2	0,49	0,	25,67				14,00	101,3	0,52	0,	25,5				8,21	59,7					
24-04-2022 22:42:42						14,25	71,	1,41	6,98	0,			14,90	63,3	1,07	8,53	0,			13,88	97,2	0,49	0,	25,67				12,31	101,3	0,47	0,	25,5				7,96	59,9					
24-04-2022 22:47:42						14,50	71,9	1,4	6,76	0,			14,96	62,5	1,08	7,89	0,			12,81	97,1	0,54	0,	25,67				13,62	101,3	0,51	0,	25,5				8,21	59,4					
24-04-2022 22:52:42						14,37	70,2	1,1	6,37	0,			14,90	62,3	0,8	7,27	0,			13,38	96,9	0,52	0,	25,67				13,68	101,3	0,48	0,	25,5				8,02	59,7					
24-04-2022 22:57:41						14,37	71,8	1,08	6,48	0,			15,02	62,1	0,78	7,03	0,			13,63	97,2	0,51	0,	25,67				13,81	101,3	0,49	0,	25,5				7,77	60,9					
24-04-2022 23:02:41						14,75	72,	1,03	6,24	0,			15,27	62,9	0,73	6,83	0,			13,81	97,2	0,5	0,	25,67				14,00	101,3	0,48	0,	25,5				7,71	61,6					
24-04-2022 23:07:41						14,62	71,	0,9	6,11	0,			15,40	63,3	0,74	6,83	0,			13,88	97,2	0,48	0,	25,67				14,00	101,3	0,49	0,	25,5				7,71	61,7					
24-04-2022 23:12:42						14,81	72,6	0,92	5,96	0,			15,40	63,5	0,72	6,61	0,			13,94	97,2	0,48	0,	25,67				12,37	101,3	0,47	0,	25,5				7,46	62,9					
24-04-2022 23:17:40						15,75	75,3	0,92	6,43	0,			15,33	61,6	0,75	6,4	0,			12,81	97,2	0,49	0,	25,67				13,62	101,3	0,47	0,	25,5				7,52	62,9					
24-04-2022 23:22:41						15,68	77,5	1,73	7,63	0,			16,46	70,2	0,78	6,77	0,			13,38	97,1	0,48	0,	25,67				13,81	101,3	0,51	0,	25,5				7,52	62,9					
24-04-2022 23:27:41						14,87	77,7	1,82	7,82	0,			17,02	73,7	1,03	8,03	0,			13,69	97,2	0,48	0,	25,67				13,81	101,3	0,5	0,	25,5				7,33	63,7					
24-04-2022 23:32:42						14,06	76,7	1,56	7,53	0,			15,96	70,9	1,32	9,45	0,			13,88	97,2	0,48	0,	25,67				14,00	101,3	0,48	0,	25,5				7,27	64,					
24-04-2022 23:37:41						13,75	77,3	1,42	6,91	0,			15,52	71,2	1,28	9,36	0,			13,88	97,2	0,48	0,	25,67				14,12	101,3	0,47	0,	25,5				7,08	64,9					
24-04-2022 23:42:41						14,12	78,2	0,93	6,25	0,			15,02	71,2	1,28	8,82	0,			13,94	97,2	0,48	0,	25,67				12,18	101,3	0,48	0,	25,5				7,02	65,2					
24-04-2022 23:47:42						14,37	78,5	0,88	5,96	0,			14,65	69,4	1,2	8,58	0,			12,69	97,1	0,5	0,	25,67				13,50	101,3	0,49	0,	25,5				7,02	64,9					
24-04-2022 23:52:41						14,18	77,3	0,84	5,57	0,			14,52	69,	0,9	8,07	0,			13,31	96,9	0,48	0,	25,67				13,81	101,3	0,49	0,	25,5				6,83	66,1					
24-04-2022 23:57:43						14,25	76,5	0,79	5,15	0,			14,65	69,1	0,77	7,09	0,			13,63	97,2	0,48	0,	25,67				13,87	101,3	0,51	0,	25,5				6,83	66,5					
