Net no:						1	1	1	1	1			1	1	1	1	1			1	1	1	1	1				1	1	1	1	1				1	1					
Object no:						131	141	150	151	152			134	144	159	160	161			133	143	156	157	158				132	142	153	154	155				130	140					
Table no:						0	0	0	0	0			0	0	0	0	0			0	0	0	0	0				0	0	0	0	0				0	0					
Code no:						48	48	48	48	48			48	48	136	136	136			48	48	48	48	48				48	48	48	48	48				48	48					
Calculation:						T	/10	/100	/100	/100			T	/10	/100	/100	/100			T	/10	/100	/100	/100				T	/10	/100	/100	/100				T	/10					
Date/time:	Afp. 1776	Bes. 97184			Stald 1	Temp_stald1	Fugt_stald1	DynamicAir_trinlřs_stald1	Spjćld_trinlřs_stald 1	On/off_stald1		Stald 2	Temp_stald2	Fugt_stald2	DynamicAir_trinlřs_stald2	Spjćld_trinlřs_stald2	On/off_stald2		Stald5	Temp_stald5	Fugt_stald5	DynamicAir_trinlřs_stald5	Spjćld_trinlřs_stald5	On/off_stald 5			Stald6	Temp_stald6	Fugt_stald 6	DynamicAir_trinlřs_stald6	Spjćld_trinlřs_stald6	On/off_stald6			UDE	Temp_ude	Fugt_ude					
05/11/2022 00.04.11						14,87	101,1	2,25	7,43	25,55			15,83	79,8	0,64	5,82	0,			17,50	0,	1,77	7,23	25,67				21,12	84,1	0,51	0,	25,5				9,33	91,2					
05/11/2022 00.09.09						15,00	101,1	2,16	7,57	25,55			16,15	80,8	0,61	5,27	0,			17,38	0,	1,69	7,24	25,67				21,18	84,	0,47	0,	25,5				9,46	91,2					
05/11/2022 00.14.11						15,18	101,1	2,28	7,58	25,55			15,96	79,4	0,7	5,27	0,			17,44	0,	1,55	7,23	25,67				21,12	83,9	0,47	0,	25,5				9,46	91,3					
05/11/2022 00.19.11						15,00	101,1	2,3	7,53	25,55			16,02	79,9	0,68	5,27	0,			17,56	0,	1,73	6,79	25,67				21,12	84,1	0,5	0,	25,5				9,33	91,2					
05/11/2022 00.24.11						15,18	101,1	2,55	7,44	25,55			16,27	81,7	0,74	5,27	0,			17,69	0,	1,77	6,79	25,67				21,18	83,9	0,5	0,	25,5				9,33	91,5					
05/11/2022 00.29.10						15,12	101,1	2,13	7,41	25,55			16,33	80,6	0,69	5,27	0,			17,81	0,	1,63	6,8	25,67				21,25	83,9	0,47	0,	25,5				9,33	91,6					
05/11/2022 00.34.11						15,12	101,1	2,02	7,48	25,55			16,15	79,4	0,62	5,27	0,			17,88	0,	1,72	6,79	25,67				21,25	83,9	0,49	0,	25,5				9,27	92,					
05/11/2022 00.39.09						15,12	101,1	1,98	7,55	25,55			16,08	79,4	0,61	5,27	0,			17,94	0,	1,54	6,55	25,67				21,18	83,9	0,47	0,	25,5				9,21	92,					
05/11/2022 00.44.11						15,18	101,1	2,01	7,43	25,55			16,08	79,4	0,57	5,27	0,			18,00	0,	1,52	6,54	25,67				21,31	84,	0,47	0,	25,5				9,21	92,2					
05/11/2022 00.49.10						15,37	101,1	1,84	7,44	25,55			16,15	79,4	0,61	5,27	0,			18,00	0,	1,52	6,54	25,67				21,18	84,	0,48	0,	25,5				9,15	92,3					
05/11/2022 00.54.09						15,43	101,1	1,98	7,4	25,55			16,27	79,5	0,6	5,27	0,			18,00	0,	1,64	6,54	25,67				21,31	84,	0,47	0,	25,5				9,27	92,4					
05/11/2022 00.59.10						15,37	101,1	1,95	7,35	25,55			16,27	79,4	0,62	5,27	0,			18,06	0,	1,46	6,54	25,67				21,18	84,2	0,47	0,	25,5				9,21	92,8					
05/11/2022 01.04.10						15,31	101,1	1,99	7,37	25,55			16,40	78,3	0,63	5,27	0,			18,06	0,	1,51	6,55	25,67				21,12	84,	0,47	0,	25,5				9,27	92,9					
05/11/2022 01.09.10						15,43	101,1	2,08	7,36	25,55			16,27	77,9	0,63	5,28	0,			18,13	0,	1,58	6,54	25,67				21,18	84,2	0,51	0,	25,5				9,21	93,2					
05/11/2022 01.14.09						15,56	101,1	2,16	7,44	25,55			16,27	77,9	0,58	5,28	0,			18,25	0,	1,51	6,55	25,67				21,25	83,9	0,47	0,	25,5				9,27	93,2					
05/11/2022 01.19.11						15,50	101,1	2,01	7,4	25,55			16,40	78,3	0,6	5,27	0,			18,25	0,	1,67	6,9	25,67				21,25	83,9	0,47	0,	25,5				9,15	93,5					
05/11/2022 01.24.09						15,62	101,1	1,77	7,34	25,55			16,40	78,2	0,6	5,28	0,			18,19	0,	1,73	6,9	25,67				21,18	84,1	0,47	0,	25,5				9,21	93,6					
05/11/2022 01.29.10						15,68	101,1	2,04	7,35	25,55			16,21	77,4	0,61	5,28	0,			18,25	0,	1,99	6,89	25,67				21,18	84,2	0,52	0,	25,5				9,27	93,6					
05/11/2022 01.34.11						15,68	101,1	2,06	7,06	25,55			16,46	78,2	0,62	5,27	0,			18,19	0,	1,76	6,89	25,67				21,18	84,2	0,48	0,	25,5				9,21	93,6					
05/11/2022 01.39.10						15,87	101,1	2,15	7,19	25,55			16,46	78,6	0,62	5,27	0,			18,19	0,	1,72	6,9	25,67				21,31	84,2	0,47	0,	25,5				9,33	93,6					
05/11/2022 01.44.11						15,81	101,1	2,14	7,15	25,55			16,52	78,6	0,69	5,28	0,			18,13	0,	1,87	6,9	25,67				21,37	84,2	0,52	0,	25,5				9,33	93,6					
05/11/2022 01.49.10						15,93	101,1	2,15	7,05	25,55			16,40	77,8	0,64	5,27	0,			18,06	0,	1,92	6,9	25,67				21,18	83,9	0,48	0,	25,5				9,21	93,6					
05/11/2022 01.54.11						15,93	101,1	1,75	7,	25,55			16,27	77,1	0,66	5,28	0,			18,00	0,	1,64	6,9	25,67				21,12	83,9	0,58	0,	25,5				9,33	93,6					
05/11/2022 01.59.10						15,81	101,1	1,65	6,97	25,55			16,27	76,9	0,72	5,27	0,			18,00	0,	1,71	6,89	25,67				21,31	84,2	0,51	0,	25,5				9,33	93,3					
05/11/2022 02.04.11						15,87	101,1	1,9	6,82	25,55			16,40	77,	0,69	5,27	0,			17,94	0,	1,84	7,05	25,67				21,25	84,	0,51	0,	25,5				9,46	93,5					
05/11/2022 02.09.10						16,00	101,1	1,58	6,82	25,55			16,58	78,	0,62	5,28	0,			17,88	0,	1,73	7,05	25,67				21,25	84,	0,47	0,	25,5				9,58	93,6					
05/11/2022 02.14.10						16,00	101,1	1,65	6,88	25,55			16,58	77,4	0,58	5,27	0,			18,00	0,	1,83	7,05	25,67				21,31	83,9	0,47	0,	25,5				9,65	93,6					
05/11/2022 02.19.11						16,25	101,1	1,92	6,83	25,55			16,52	77,	0,61	5,91	0,			17,94	0,	1,87	6,9	25,67				21,37	83,9	0,51	0,	25,5				9,65	93,7					
05/11/2022 02.24.10						16,31	101,1	1,82	6,83	25,55			16,46	77,2	0,61	5,91	0,			18,06	0,	1,84	6,89	25,67				21,43	83,8	0,49	0,	25,5				9,52	93,6					
05/11/2022 02.29.11						16,06	101,1	1,77	6,84	25,55			16,40	77,2	0,74	5,91	0,			18,06	0,	2,	6,89	25,67				21,37	83,5	0,48	0,	25,5				9,46	93,7					
05/11/2022 02.34.11						16,12	101,1	1,68	6,85	25,55			16,52	77,	0,61	5,91	0,			18,06	0,	1,86	6,89	25,67				21,31	83,5	0,47	0,	25,5				9,33	94,					
05/11/2022 02.39.11						16,00	101,1	1,54	6,93	25,55			16,46	77,	0,61	5,91	0,			18,00	0,	1,81	7,08	25,67				21,43	83,6	0,49	0,	25,5				9,27	94,					
05/11/2022 02.44.10						15,93	101,1	1,83	6,8	25,55			16,33	76,6	0,73	5,91	0,			18,06	0,	2,18	7,08	25,67				21,31	83,8	0,47	0,	25,5				9,27	94,					
05/11/2022 02.49.10						16,00	101,1	1,66	6,71	25,55			16,27	76,5	0,65	6,21	0,			17,94	0,	1,98	7,08	25,67				21,18	83,9	0,47	0,	25,5				9,08	94,					
05/11/2022 02.54.10						15,87	101,1	1,69	6,82	25,55			16,27	76,6	0,66	6,21	0,			17,88	0,	2,01	7,09	25,67				21,25	84,	0,48	0,	25,5				9,21	94,					
05/11/2022 02.59.10						15,75	101,1	1,65	6,83	25,55			16,21	77,	0,61	6,21	0,			17,94	0,	1,72	7,08	25,67				21,25	84,	0,47	0,	25,5				9,08	94,					
05/11/2022 03.04.11						15,68	101,1	1,41	6,75	25,55			16,40	77,4	0,65	6,21	0,			17,88	0,	2,03	7,07	25,67				21,37	83,8	0,47	0,	25,5				9,08	94,1					
05/11/2022 03.09.11						15,81	101,1	1,5	6,74	25,55			16,08	76,4	0,64	6,21	0,			17,88	0,	2,07	7,23	25,67				21,43	83,5	0,47	0,	25,5				9,21	94,					
05/11/2022 03.14.11						15,87	101,1	1,46	6,64	25,55			16,27	77,1	0,65	6,21	0,			17,75	0,	1,69	7,24	25,67				21,37	83,8	0,47	0,	25,5				9,08	94,					
05/11/2022 03.19.09						15,81	101,1	1,44	6,64	25,55			16,27	77,2	0,63	6,2	0,			17,69	0,	2,03	7,23	25,67				21,18	83,8	0,47	0,	25,5				9,15	94,					
05/11/2022 03.24.12						15,93	101,1	1,55	6,74	25,55			16,27	77,1	0,64	6,44	0,			17,75	0,	1,8	7,23	25,67				21,18	84,	0,47	0,	25,5				9,15	94,					
05/11/2022 03.29.10						15,93	101,1	1,39	6,62	25,55			16,21	77,	0,63	6,44	0,			17,81	0,	1,89	7,23	25,67				21,25	84,	0,47	0,	25,5				9,08	94,					
05/11/2022 03.34.10						15,93	101,1	1,54	6,7	25,55			16,21	77,2	0,63	6,44	0,			17,75	0,	1,88	7,22	25,67				21,31	83,8	0,47	0,	25,5				8,96	94,1					
05/11/2022 03.39.09						15,93	101,1	1,81	6,7	25,55			16,15	77,	0,64	6,44	0,			17,75	0,	1,81	7,23	25,67				21,37	83,8	0,47	0,	25,5				8,77	94,4					
05/11/2022 03.44.10						15,93	101,1	1,53	6,63	25,55			16,15	77,	0,63	6,44	0,			17,75	0,	2,03	7,24	25,67				21,31	83,8	0,47	0,	25,5				8,77	94,4					
05/11/2022 03.49.10						15,87	101,1	1,56	6,64	25,55			16,02	77,1	0,66	6,44	0,			17,69	0,	1,63	7,25	25,67				21,25	83,8	0,47	0,	25,5				8,83	94,4					
05/11/2022 03.54.10						16,00	101,1	1,52	6,63	25,55			16,02	76,6	0,64	6,44	0,			17,81	0,	1,68	7,23	25,67				21,25	84,2	0,47	0,	25,5				8,71	94,4					
05/11/2022 03.59.11						15,93	101,1	1,6	6,7	25,55			16,02	77,3	0,6	6,44	0,			18,00	0,	1,86	7,24	25,67				21,18	84,2	0,47	0,	25,5				8,71	94,4					
05/11/2022 04.04.10						15,87	101,1	1,52	6,6	25,55			15,90	76,4	0,61	6,44	0,			18,00	0,	1,87	7,23	25,67				21,37	84,2	0,47	0,	25,5				8,83	94,7					
05/11/2022 04.09.10						16,06	101,1	1,67	6,65	25,55			16,08	78,2	0,64	6,21	0,			17,94	0,	2,15	7,23	25,67				21,43	83,9	0,47	0,	25,5				8,65	94,5					
05/11/2022 04.14.09						16,12	101,1	1,77	6,54	25,55			15,90	76,9	0,63	6,21	0,			17,75	0,	1,62	7,24	25,67				21,43	83,8	0,47	0,	25,5				8,71	94,6					
05/11/2022 04.19.11						16,12	101,1	1,53	6,54	25,55			15,90	76,2	0,63	6,21	0,			17,63	0,	2,14	7,23	25,67				21,37	83,8	0,47	0,	25,5				8,83	94,8					
05/11/2022 04.24.10						16,25	101,1	1,62	6,63	25,55			15,96	76,3	0,62	6,22	0,			17,44	0,	1,82	7,24	25,67				21,31	83,9	0,47	0,	25,5				8,96	94,8					
05/11/2022 04.29.10						16,06	101,1	1,37	6,64	25,55			16,15	77,4	0,63	6,22	0,			17,56	0,	1,69	7,24	25,67				21,18	83,9	0,47	0,	25,5				9,02	94,8					
05/11/2022 04.34.10						16,18	101,1	1,64	6,54	25,55			16,15	76,3	0,58	6,05	0,			17,63	0,	1,71	6,98	25,67				21,37	84,2	0,47	0,	25,5				9,02	94,8					
05/11/2022 04.39.10						16,18	101,1	1,23	6,48	25,55			16,21	77,2	0,6	6,05	0,			17,63	0,	1,61	6,98	25,67				21,31	83,9	0,47	0,	25,5				8,90	94,8					
05/11/2022 04.44.10						16,31	101,1	1,52	6,45	25,55			16,02	76,	0,61	6,04	0,			17,63	0,	1,73	6,98	25,67				21,43	83,9	0,47	0,	25,5				8,83	94,8					
05/11/2022 04.49.10						16,18	101,1	1,5	6,43	25,55			16,02	77,8	0,62	6,25	0,			17,75	0,	1,74	6,98	25,67				21,50	83,8	0,47	0,	25,5				8,65	94,8					
05/11/2022 04.54.12						16,12	101,1	1,59	6,44	25,55			16,02	77,	0,6	6,24	0,			17,81	0,	1,59	6,99	25,67				21,37	84,	0,47	0,	25,5				8,58	94,8					
05/11/2022 04.59.09						16,25	101,1	1,44	6,28	25,55			15,90	75,8	0,59	6,09	0,			17,75	0,	1,7	6,99	25,67				21,25	84,2	0,47	0,	25,5				8,52	94,8					
05/11/2022 05.04.11						16,00	101,1	1,15	6,24	25,55			15,90	76,1	0,59	6,1	0,			17,69	0,	1,95	6,98	25,67				21,25	84,2	0,47	0,	25,5				8,46	94,9					
05/11/2022 05.09.09						16,43	101,1	1,47	6,33	25,55			15,83	76,1	0,61	5,83	0,			17,69	0,	1,73	6,99	25,67				21,25	84,2	0,47	0,	25,5				8,46	94,8					
05/11/2022 05.14.10						16,37	101,1	1,17	6,24	25,55			15,90	76,8	0,57	5,82	0,			17,75	0,	1,82	6,74	25,67				21,37	84,2	0,47	0,	25,5				8,40	95,					
05/11/2022 05.19.12						16,43	101,1	1,49	6,17	25,55			15,90	76,5	0,59	5,82	0,			17,75	0,	1,69	6,74	25,67				21,43	84,	0,47	0,	25,5				8,52	95,					
05/11/2022 05.24.10						16,43	101,1	1,3	6,16	25,55			15,96	75,5	0,58	5,63	0,			17,75	0,	1,65	6,74	25,67				21,50	84,	0,47	0,	25,5				8,65	95,1					
05/11/2022 05.29.11						16,37	101,1	1,38	6,05	25,55			15,96	75,5	0,58	5,54	0,			17,94	0,	1,49	6,73	25,67				21,37	83,9	0,47	0,	25,5				8,83	95,1					
05/11/2022 05.34.10						16,56	101,1	1,47	6,14	25,55			16,02	76,	0,56	5,53	0,			17,94	0,	1,55	6,5	25,67				21,37	84,2	0,47	0,	25,5				8,83	95,1					
05/11/2022 05.39.10						16,56	101,1	1,36	6,15	25,55			15,96	76,2	0,59	5,44	0,			18,00	0,	1,46	6,5	25,67				21,25	84,3	0,49	0,	25,5				8,96	94,9					
05/11/2022 05.44.10						16,62	101,1	1,44	6,16	25,55			16,27	77,	0,58	5,44	0,			18,13	0,	1,37	6,5	25,67				21,43	84,2	0,47	0,	25,5				8,77	94,8					
05/11/2022 05.49.11						16,62	101,1	1,11	6,04	25,55			16,33	77,4	0,58	5,44	0,			18,13	0,	1,5	6,5	25,67				21,43	84,2	0,47	0,	25,5				8,77	94,8					
05/11/2022 05.54.09						16,62	101,1	1,2	6,13	25,55			16,52	77,	0,59	5,44	0,			18,25	0,	1,52	6,36	25,67				21,50	84,1	0,47	0,	25,5				8,90	94,8					
05/11/2022 05.59.11						16,56	101,1	1,2	6,03	25,55			16,40	77,	0,58	5,44	0,			18,31	0,	1,42	6,36	25,67				21,56	83,8	0,47	0,	25,5				8,77	94,8					
05/11/2022 06.04.11						16,43	101,1	1,14	6,05	25,55			16,33	77,	0,59	5,44	0,			18,38	0,	1,42	6,37	25,67				21,50	84,1	0,47	0,	25,5				8,58	94,8					
05/11/2022 06.09.09						16,68	101,1	1,17	6,06	25,55			16,40	77,3	0,6	5,44	0,			18,38	0,	1,41	6,37	25,67				21,37	84,2	0,47	0,	25,5				8,58	94,8					
05/11/2022 06.14.10						16,87	101,1	1,21	6,03	25,55			16,21	77,	0,58	5,43	0,			18,44	0,	1,41	6,37	25,67				21,31	84,6	0,47	0,	25,5				8,52	94,8					
05/11/2022 06.19.10						16,87	101,1	1,27	6,15	25,55			16,27	77,1	0,61	5,44	0,			18,50	0,	1,48	6,36	25,67				21,37	84,2	0,47	0,	25,5				8,58	94,8					
05/11/2022 06.24.11						16,81	101,1	1,41	6,16	25,55			16,02	75,9	0,6	5,44	0,			18,56	0,	1,46	6,57	25,67				21,50	84,2	0,47	0,	25,5				8,58	94,9					
05/11/2022 06.29.09						16,75	101,1	1,43	6,2	25,55			16,27	77,8	0,58	5,22	0,			18,56	0,	1,45	6,57	25,67				21,62	84,	0,47	0,	25,5				8,52	94,9					
05/11/2022 06.34.11						16,50	101,1	1,33	6,21	25,55			16,27	78,1	0,6	5,23	0,			18,50	0,	1,75	6,56	25,67				21,62	83,9	0,47	0,	25,5				8,52	95,					
05/11/2022 06.39.10						16,62	101,1	1,35	6,25	25,55			16,46	78,6	0,59	5,23	0,			18,50	0,	1,58	6,57	25,67				21,37	84,2	0,47	0,	25,5				8,52	95,1					
05/11/2022 06.44.10						16,43	101,1	1,3	6,26	25,55			16,46	78,6	0,59	5,91	0,			18,44	0,	1,53	6,56	25,67				21,25	84,4	0,47	0,	25,5				8,46	95,2					
05/11/2022 06.49.11						16,37	101,1	1,26	6,31	25,55			16,27	78,2	0,59	5,91	0,			18,25	0,	1,69	6,79	25,67				21,43	84,4	0,47	0,	25,5				8,46	95,					
05/11/2022 06.54.10						16,75	101,1	1,38	6,35	25,55			16,02	78,2	0,59	5,91	0,			18,25	0,	1,91	7,18	25,67				21,50	84,3	0,47	0,	25,5				8,33	95,					
05/11/2022 06.59.11						16,68	101,1	1,36	6,35	25,55			15,96	78,1	0,61	5,92	0,			18,00	0,	2,18	7,18	25,67				21,50	84,2	0,47	0,	25,5				8,40	95,					
05/11/2022 07.04.10						16,50	101,1	1,67	6,33	25,55			16,21	80,2	0,6	5,91	0,			17,94	0,	1,86	7,2	25,67				21,62	84,2	0,47	0,	25,5				8,52	94,8					
05/11/2022 07.09.11						16,62	101,1	1,46	6,44	25,55			16,15	79,4	0,59	5,46	0,			17,81	0,	1,8	7,2	25,67				21,50	84,	0,47	0,	25,5				8,52	94,8					
05/11/2022 07.14.10						16,31	101,1	1,44	6,34	25,55			16,15	79,4	0,6	4,96	0,			17,63	0,	2,19	7,2	25,67				21,31	84,2	0,47	0,	25,5				8,65	94,8					
05/11/2022 07.19.11						16,62	101,1	1,52	6,52	25,55			16,65	82,4	0,69	4,96	0,			17,69	0,	1,68	7,2	25,67				21,25	84,5	0,47	0,	25,5				8,83	94,8					
05/11/2022 07.24.10						16,93	101,1	1,37	6,64	25,55			16,77	80,7	0,59	5,94	0,			17,56	0,	1,86	7,19	25,67				21,43	84,4	0,47	0,	25,5				8,71	94,5					
05/11/2022 07.29.11						16,81	101,1	1,61	6,74	25,55			16,65	81,	0,6	5,94	0,			17,75	0,	2,15	7,19	25,67				21,43	84,2	0,47	0,	25,5				8,77	94,7					
05/11/2022 07.34.11						16,37	101,1	1,49	6,67	25,55			16,65	83,4	0,63	5,95	0,			17,69	0,	2,3	7,2	25,67				21,56	84,2	0,49	0,	25,5				8,96	94,6					
05/11/2022 07.39.09						16,06	101,1	1,51	6,72	25,55			16,40	82,7	0,63	5,94	0,			17,81	0,	2,32	7,21	25,67				21,62	83,9	0,47	0,	25,5				9,15	94,4					
05/11/2022 07.44.11						16,18	101,1	1,7	6,74	25,55			16,40	83,2	0,63	5,94	0,			17,69	0,	2,29	7,2	25,67				21,56	83,7	0,47	0,	25,5				9,27	94,2					
05/11/2022 07.49.10						16,00	101,1	1,59	6,69	25,55			16,40	82,6	0,64	5,94	0,			17,88	0,	2,11	7,2	25,67				21,37	83,9	0,47	0,	25,5				9,33	94,1					
05/11/2022 07.54.11						15,87	101,1	1,73	6,74	25,55			16,27	82,5	0,65	5,95	0,			18,44	0,	2,35	7,69	25,67				21,43	83,9	0,47	0,	25,5				9,40	94,					
05/11/2022 07.59.10						15,93	101,1	1,58	6,82	25,55			16,33	82,	0,64	6,27	0,			18,56	0,	2,32	7,69	25,67				21,43	84,2	0,47	0,	25,5				9,52	94,					
05/11/2022 08.04.11						16,12	101,1	1,71	6,87	25,55			16,40	82,6	0,67	6,26	0,			18,44	0,	2,04	7,68	25,67				21,43	83,9	0,48	0,	25,5				9,58	93,6					
05/11/2022 08.09.10						16,25	101,1	1,61	6,92	25,55			16,21	82,2	0,61	6,26	0,			18,06	0,	2,02	7,69	25,67				21,62	83,8	0,47	0,	25,5				9,58	93,6					
05/11/2022 08.14.10						16,00	101,1	1,78	6,81	25,55			16,15	81,1	0,62	6,26	0,			17,63	0,	2,09	7,69	25,67				21,62	83,5	0,47	0,	25,5				9,46	93,4					
05/11/2022 08.19.11						15,75	101,1	1,91	6,93	25,55			16,27	81,	0,64	6,25	0,			17,50	0,	2,22	7,69	25,67				21,50	83,5	0,48	0,	25,5				9,52	93,3					
05/11/2022 08.24.09						15,75	101,1	1,75	6,94	25,55			16,08	80,9	0,61	6,27	0,			17,38	0,	2,12	7,5	25,67				21,43	83,8	0,47	0,	25,5				9,65	93,4					
05/11/2022 08.29.11						15,75	101,1	1,68	6,94	25,55			16,27	81,8	0,63	6,01	0,			17,50	0,	1,76	7,49	25,67				21,31	83,9	0,47	0,	25,5				9,77	93,2					
05/11/2022 08.34.10						15,81	101,1	1,68	6,94	25,55			16,15	81,6	0,62	6,01	0,			17,56	0,	1,92	7,29	25,67				21,37	83,9	0,47	0,	25,5				10,02	92,8					
05/11/2022 08.39.11						15,87	101,1	1,9	6,97	25,55			16,33	81,8	0,62	6,01	0,			17,75	0,	2,18	7,28	25,67				21,37	83,8	0,47	0,	25,5				10,21	92,5					
05/11/2022 08.44.09						15,93	101,1	1,66	6,95	25,55			16,40	81,	0,63	6,01	0,			17,81	0,	1,9	7,3	25,67				21,50	83,6	0,47	0,	25,5				10,27	92,1					
05/11/2022 08.49.11						15,87	101,1	2,01	6,96	25,55			16,27	80,7	0,72	6,	0,			17,75	0,	1,83	7,29	25,67				21,68	83,4	0,48	0,	25,5				10,33	91,8					
05/11/2022 08.54.10						15,93	101,1	1,75	7,05	25,55			16,33	80,5	0,73	6,01	0,			17,81	0,	1,85	7,3	25,67				21,50	83,4	0,48	0,	25,5				10,33	91,2					
05/11/2022 08.59.10						15,93	101,1	1,73	7,04	25,55			16,52	81,3	0,69	6,41	0,			17,88	0,	1,9	7,29	25,67				21,31	83,6	0,49	0,	25,5				10,65	91,					
05/11/2022 09.04.11						16,12	101,1	1,8	7,12	25,55			16,58	80,6	0,65	6,4	0,			18,00	0,	2,01	7,29	25,67				21,31	83,8	0,47	0,	25,5				10,65	90,7					
05/11/2022 09.09.09						16,12	101,1	1,82	7,08	25,55			16,46	79,9	0,67	6,4	0,			18,00	0,	2,07	7,58	25,67				21,50	83,8	0,47	0,	25,5				10,83	90,8					
05/11/2022 09.14.12						16,06	101,1	2,01	7,08	25,55			16,71	80,6	0,64	6,59	0,			17,81	0,	2,37	7,57	25,67				21,50	83,6	0,48	0,	25,5				10,83	90,7					
05/11/2022 09.19.09						16,06	101,1	1,74	7,04	25,55			16,46	79,8	0,73	7,15	0,			17,69	0,	2,08	7,58	25,67				21,62	83,4	0,5	0,	25,5				10,96	90,7					
05/11/2022 09.24.11						15,93	101,1	1,7	7,03	25,55			16,46	80,6	0,74	7,55	0,			17,81	0,	1,93	7,74	25,67				21,56	83,3	0,47	0,	25,5				11,02	90,4					
05/11/2022 09.29.09						15,93	101,1	1,83	7,04	25,55			16,21	80,2	0,89	7,98	0,			17,88	0,	2,35	7,75	25,67				21,50	83,4	0,51	0,	25,5				11,08	90,4					
05/11/2022 09.34.11						16,18	101,1	1,92	7,15	25,55			16,15	80,6	0,99	8,63	0,			17,88	0,	2,02	7,74	25,67				21,50	83,4	0,5	0,	25,5				11,21	89,9					
05/11/2022 09.39.10						16,12	101,1	1,91	7,14	25,55			15,90	81,	1,36	9,27	0,			17,75	0,	2,17	7,89	25,67				21,37	83,4	0,47	0,	25,5				11,15	88,8					
05/11/2022 09.44.10						16,18	101,1	2,11	7,23	25,55			15,77	80,7	1,19	9,84	0,			17,69	0,	2,46	7,88	25,67				21,43	83,4	0,5	0,	25,5				11,27	87,7					
05/11/2022 09.49.11						16,12	101,1	1,93	7,18	25,55			15,46	80,2	1,24	9,84	0,			17,56	0,	2,22	7,89	25,67				21,62	83,4	0,5	0,	25,5				11,33	87,5					
05/11/2022 09.54.10						16,18	101,1	2,17	7,25	25,55			15,65	80,9	1,29	9,48	0,			17,44	0,	2,53	7,73	25,67				21,62	83,1	0,49	0,	25,5				11,40	87,2					
05/11/2022 09.59.10						16,25	101,1	2,1	7,24	25,55			15,52	80,6	1,32	9,68	0,			17,50	0,	2,44	7,73	25,67				21,68	83,2	0,51	0,	25,5				11,65	87,2					
05/11/2022 10.04.09						16,18	101,1	1,89	7,19	25,55			15,46	81,4	1,35	9,83	0,			17,50	0,	2,4	7,73	25,67				21,43	83,4	0,47	0,	25,5				11,65	86,8					
05/11/2022 10.09.11						16,37	101,1	2,29	7,32	25,55			15,33	81,	1,5	9,83	0,			17,50	0,	2,53	7,72	25,67				21,37	83,5	0,55	0,	25,5				11,71	86,6					
05/11/2022 10.14.09						16,12	101,1	2,03	7,3	25,55			15,46	81,5	1,45	9,84	0,			17,56	0,	2,42	7,73	25,67				21,56	83,4	0,54	0,	25,5				11,71	85,2					
05/11/2022 10.19.11						16,31	101,1	2,07	7,27	25,55			15,71	81,8	1,53	9,84	0,			17,63	0,	2,39	7,73	25,67				21,56	83,4	0,54	0,	25,5				11,71	84,9					
05/11/2022 10.24.11						16,12	101,1	1,98	7,32	25,55			15,83	81,4	1,65	9,83	0,			17,69	0,	2,11	7,72	25,67				21,68	83,2	0,6	0,	25,5				11,77	84,9					
05/11/2022 10.29.11						16,50	101,1	2,23	7,45	25,55			15,58	81,3	1,66	9,84	0,			17,81	0,	2,19	7,73	25,67				21,62	83,	0,51	0,	25,5				12,02	84,8					
05/11/2022 10.34.11						16,68	101,1	2,09	7,6	25,55			15,33	81,5	1,89	9,83	0,			17,88	0,	2,47	7,72	25,67				21,56	83,	0,51	0,	25,5				11,90	84,4					
05/11/2022 10.39.10						16,56	101,1	1,88	7,54	25,55			15,27	81,8	1,94	9,83	0,			18,00	0,	2,43	7,73	25,67				21,56	83,3	0,51	0,	25,5				11,96	84,4					
05/11/2022 10.44.10						16,50	101,1	2,2	7,44	25,55			15,52	82,6	2,1	9,83	0,			17,94	0,	2,36	7,97	25,67				21,37	83,4	0,48	0,	25,5				12,15	84,5					
05/11/2022 10.49.10						16,62	101,1	2,22	7,56	25,55			15,52	81,8	2,37	9,83	0,			17,88	0,	2,57	7,97	25,67				21,56	83,2	0,47	0,	25,5				12,27	84,5					
05/11/2022 10.54.12						16,56	101,1	2,04	7,51	25,55			15,58	82,1	2,41	9,83	0,			18,06	0,	2,59	8,4	25,67				21,56	83,	0,52	0,	25,5				12,27	84,3					
05/11/2022 10.59.09						16,43	101,1	2,18	7,53	25,55			15,58	82,2	2,47	9,83	0,			18,69	0,	2,34	9,06	25,67				21,68	82,9	0,48	0,	25,5				12,27	84,					
05/11/2022 11.04.10						16,50	101,1	2,15	7,54	25,55			15,96	83,6	2,49	9,84	0,			18,56	0,	2,13	9,22	25,67				21,62	82,7	0,51	0,	25,5				12,40	83,5					
05/11/2022 11.09.09						17,00	101,1	2,04	7,63	25,55			16,02	83,5	2,58	9,83	0,			18,69	0,	2,38	9,23	25,67				21,56	82,9	0,47	0,	25,5				12,65	83,6					
05/11/2022 11.14.11						16,87	101,1	2,36	7,52	25,55			15,77	82,4	2,48	9,86	0,			18,56	0,	0,57	0,43	0,				21,43	83,	0,49	0,	25,5				12,58	82,8					
05/11/2022 11.19.11						17,00	101,1	2,1	7,53	25,55			15,65	82,6	2,63	9,85	0,			18,31	0,	0,56	0,08	0,				21,50	83,	0,56	0,	25,5				12,40	81,6					
05/11/2022 11.24.09						17,06	101,1	2,52	7,54	25,55			16,27	84,6	2,44	9,84	0,			18,06	0,	0,48	0,	0,				21,56	82,8	0,5	0,	25,5				12,33	80,4					
05/11/2022 11.29.11						16,87	101,1	2,62	7,61	25,55			15,96	83,4	2,56	9,84	0,			17,94	0,	2,58	8,79	25,67				21,68	82,7	0,62	0,	25,5				12,46	79,6					
05/11/2022 11.34.10						16,56	101,1	2,21	7,53	25,55			15,77	83,6	2,43	9,84	0,			17,38	0,	2,46	8,78	25,67				21,62	82,4	0,57	0,	25,5				12,46	78,8					
05/11/2022 11.39.11						16,56	101,1	2,46	7,54	25,55			15,40	83,	2,3	9,84	0,			17,19	0,	2,7	8,77	25,67				21,62	82,7	0,48	0,	25,5				12,40	80,					
05/11/2022 11.44.09						16,37	101,1	2,3	7,62	25,55			15,27	83,1	2,07	9,84	0,			17,06	0,	2,55	8,53	25,67				21,62	82,7	0,5	0,	25,5				12,33	80,4					
05/11/2022 11.49.11						16,31	101,1	2,37	7,46	25,55			15,40	84,8	1,84	9,85	0,			17,38	0,	2,63	8,53	25,67				21,56	82,8	0,51	0,	25,5				12,15	80,1					
05/11/2022 11.54.09						16,25	101,1	2,23	7,44	25,55			15,40	84,5	1,79	9,84	0,			17,44	0,	2,47	8,35	25,67				21,62	82,8	0,49	0,	25,5				12,27	80,8					
05/11/2022 11.59.12						16,12	101,1	2,25	7,46	25,55			15,33	83,4	1,48	9,85	0,			17,31	0,	2,56	8,36	25,67				21,50	82,7	0,47	0,	25,5				12,21	80,6					
05/11/2022 12.04.11						16,18	101,1	2,	7,54	25,55			15,27	83,	1,27	9,84	0,			17,44	0,	2,27	8,01	25,67				21,62	82,7	0,51	0,	25,5				12,21	80,4					
05/11/2022 12.09.09						16,31	101,1	2,23	7,48	25,55			15,27	82,5	1,34	9,36	0,			17,44	0,	2,2	8,02	25,67				21,81	82,5	0,51	0,	25,5				12,08	80,6					
05/11/2022 12.14.11						16,50	101,1	1,95	7,55	25,55			15,40	82,8	1,25	9,47	0,			17,44	0,	2,28	8,01	25,67				21,68	82,7	0,47	0,	25,5				11,90	81,4					
05/11/2022 12.19.09						16,62	101,1	2,19	7,54	25,55			15,52	82,4	1,24	9,08	0,			17,56	0,	2,18	8,	25,67				21,50	82,7	0,47	0,	25,5				11,90	82,					
05/11/2022 12.24.10						16,43	101,1	2,01	7,47	25,55			15,71	83,3	1,18	9,08	0,			18,19	0,	2,36	8,27	25,67				21,43	82,9	0,47	0,	25,5				12,08	82,5					
05/11/2022 12.29.09						16,62	101,1	1,99	7,5	25,55			15,71	82,6	1,41	9,84	0,			17,81	0,	2,32	8,58	25,67				21,62	83,	0,47	0,	25,5				12,15	82,8					
05/11/2022 12.34.11						16,50	101,1	1,98	7,48	25,55			15,71	83,	1,31	9,84	0,			17,56	0,	2,48	8,88	25,67				21,75	83,	0,47	0,	25,5				12,15	82,8					
05/11/2022 12.39.09						16,50	101,1	1,83	7,58	25,55			15,52	81,7	1,28	9,84	0,			17,38	0,	2,28	8,89	25,67				21,81	82,7	0,47	0,	25,5				12,02	83,					
05/11/2022 12.44.10						16,43	101,1	2,05	7,47	25,55			15,40	81,7	1,6	9,84	0,			17,25	0,	2,52	9,22	25,67				21,75	82,6	0,47	0,	25,5				11,83	83,3					
05/11/2022 12.49.10						16,37	101,1	2,26	7,47	25,55			15,21	80,2	1,29	9,84	0,			17,06	0,	2,27	9,22	25,67				21,56	82,7	0,47	0,	25,5				11,77	83,6					
05/11/2022 12.54.11						16,25	101,1	1,84	7,55	25,55			15,21	81,4	1,21	9,84	0,			16,81	0,	2,38	9,22	25,67				21,50	83,	0,49	0,	25,5				11,58	84,					
05/11/2022 12.59.10						16,31	101,1	1,95	7,49	25,55			15,46	80,6	1,28	9,3	0,			17,00	0,	2,31	9,22	25,67				21,62	83,	0,47	0,	25,5				11,58	84,4					
05/11/2022 13.04.10						16,00	101,1	1,88	7,52	25,55			15,33	79,	1,22	9,3	0,			16,94	0,	2,56	9,22	25,67				21,68	82,8	0,47	0,	25,5				11,65	85,2					
05/11/2022 13.09.11						16,00	101,1	1,87	7,6	25,55			15,65	80,2	1,26	9,84	0,			16,75	0,	2,38	9,21	25,67				21,87	82,7	0,47	0,	25,5				11,58	85,7					
05/11/2022 13.14.10						15,93	101,1	2,03	7,54	25,55			15,46	79,5	1,21	9,49	0,			16,75	0,	2,38	9,02	25,67				21,75	82,6	0,47	0,	25,5				11,58	86,					
05/11/2022 13.19.11						16,06	101,1	2,19	7,61	25,55			15,58	80,	1,21	9,83	0,			16,69	0,	2,48	8,9	25,67				21,75	82,7	0,47	0,	25,5				11,58	86,1					
05/11/2022 13.24.10						16,18	101,1	1,81	7,54	25,55			15,65	79,	1,3	9,45	0,			16,88	0,	2,13	8,9	25,67				21,62	82,8	0,5	0,	25,5				11,71	85,8					
05/11/2022 13.29.11						16,12	101,1	2,26	7,56	25,55			15,77	79,4	1,28	9,45	0,			17,00	0,	2,36	8,91	25,67				21,43	83,	0,5	0,	25,5				11,58	85,2					
05/11/2022 13.34.10						16,37	101,1	2,03	7,61	25,55			15,90	79,2	1,24	9,45	0,			17,00	0,	2,21	9,22	25,67				21,50	83,	0,47	0,	25,5				11,21	84,9					
05/11/2022 13.39.09						16,31	101,1	2,07	7,59	25,55			15,90	78,5	1,23	9,83	0,			17,00	0,	2,21	9,22	25,67				21,56	82,7	0,48	0,	25,5				10,83	85,2					
05/11/2022 13.44.11						16,18	101,1	2,09	7,52	25,55			15,58	77,6	1,34	9,84	0,			16,88	0,	2,35	9,22	25,67				21,68	82,7	0,47	0,	25,5				10,58	86,1					
05/11/2022 13.49.11						16,18	101,1	1,8	7,47	25,55			15,58	78,6	1,39	9,83	0,			17,13	0,	2,28	9,22	25,67				21,75	82,6	0,47	0,	25,5				10,71	87,2					
05/11/2022 13.54.11						16,12	101,1	2,01	7,52	25,55			15,65	78,9	1,45	9,83	0,			17,19	0,	2,47	8,18	25,67				21,50	82,7	0,47	0,	25,5				10,83	88,1					
05/11/2022 13.59.10						16,18	101,1	2,15	7,54	25,55			15,52	79,	1,38	9,83	0,			17,31	0,	2,29	7,96	25,67				21,50	83,	0,47	0,	25,5				10,96	88,3					
05/11/2022 14.04.11						16,37	101,1	2,14	7,55	25,55			15,77	80,2	1,54	9,84	0,			17,63	0,	2,09	7,74	25,67				21,56	83,	0,47	0,	25,5				11,02	88,4					
05/11/2022 14.09.09						16,37	101,1	2,32	7,55	25,55			16,02	80,2	1,91	9,84	0,			17,75	0,	2,25	7,74	25,67				21,56	82,8	0,47	0,	25,5				11,08	88,4					
05/11/2022 14.14.10						16,31	101,1	2,07	7,49	25,55			16,08	79,8	2,57	9,83	0,			18,00	0,	2,25	7,74	25,67				21,68	82,7	0,47	0,	25,5				11,02	88,4					
05/11/2022 14.19.11						16,37	101,1	2,	7,49	25,55			15,90	79,5	2,27	9,83	0,			18,06	0,	2,14	7,54	25,67				21,68	82,7	0,48	0,	25,5				11,02	88,4					
05/11/2022 14.24.10						16,50	101,1	2,	7,59	25,55			15,71	79,8	2,36	9,84	0,			18,00	0,	1,85	7,38	25,67				21,68	82,7	0,47	0,	25,5				10,90	88,2					
05/11/2022 14.29.10						16,62	101,1	2,28	7,59	25,55			15,52	79,5	2,58	9,83	0,			17,81	0,	1,88	7,39	25,67				21,68	82,7	0,47	0,	25,5				10,71	88,4					
05/11/2022 14.34.10						16,50	101,1	2,26	7,58	25,55			15,52	79,2	2,33	9,84	0,			17,94	0,	1,77	7,18	25,67				21,56	83,	0,47	0,	25,5				10,46	88,4					
05/11/2022 14.39.11						16,50	101,1	1,88	7,53	25,55			15,58	80,7	2,26	9,83	0,			18,06	0,	1,68	7,19	25,67				21,50	83,	0,47	0,	25,5				10,27	88,5					
05/11/2022 14.44.10						16,18	101,1	1,83	7,52	25,55			15,46	78,4	2,1	9,84	0,			18,13	0,	1,79	7,19	25,67				21,68	83,	0,47	0,	25,5				10,15	89,2					
05/11/2022 14.49.11						16,31	101,1	2,16	7,55	25,55			15,21	79,4	2,38	9,84	0,			18,13	0,	1,76	7,18	25,67				21,68	83,	0,47	0,	25,5				10,08	89,6					
05/11/2022 14.54.11						15,93	101,1	1,76	7,6	25,55			15,52	79,	2,05	9,84	0,			18,13	0,	1,74	7,2	25,67				21,75	82,8	0,47	0,	25,5				10,02	89,9					
05/11/2022 14.59.11						16,18	101,1	1,76	7,63	25,55			15,21	79,8	1,91	9,84	0,			18,13	0,	1,8	6,77	25,67				21,75	82,7	0,47	0,	25,5				9,96	90,4					
05/11/2022 15.04.10						16,31	101,1	2,04	7,44	25,55			15,27	80,1	1,89	9,84	0,			18,19	0,	1,74	6,77	25,67				21,62	82,8	0,47	0,	25,5				9,96	90,4					
05/11/2022 15.09.09						16,18	101,1	2,18	7,5	25,55			15,08	79,5	1,81	9,83	0,			18,13	0,	1,75	6,78	25,67				21,43	83,2	0,47	0,	25,5				9,77	90,4					
05/11/2022 15.14.11						16,18	101,1	2,14	7,53	25,55			14,90	79,3	1,97	9,84	0,			18,19	0,	1,55	6,78	25,67				21,56	83,3	0,47	0,	25,5				9,65	90,8					
05/11/2022 15.19.09						16,12	101,1	1,8	7,53	25,55			14,90	79,4	1,53	9,83	0,			18,25	0,	1,77	6,77	25,67				21,62	83,	0,47	0,	25,5				9,52	90,8					
05/11/2022 15.24.11						15,87	101,1	2,11	7,47	25,55			15,02	80,2	1,31	9,83	0,			18,25	0,	1,77	6,77	25,67				21,62	83,	0,47	0,	25,5				9,46	90,9					
05/11/2022 15.29.09						16,00	101,1	2,27	7,53	25,55			15,02	79,	1,45	9,83	0,			18,38	0,	1,69	6,77	25,67				21,68	82,7	0,47	0,	25,5				9,40	91,2					
05/11/2022 15.34.11						15,87	101,1	2,04	7,59	25,55			15,02	80,2	1,28	9,55	0,			18,38	0,	1,79	6,99	25,67				21,62	82,9	0,47	0,	25,5				9,52	91,4					
05/11/2022 15.39.11						15,87	101,1	2,21	7,55	25,55			15,33	81,4	1,07	8,91	0,			18,25	0,	1,74	6,98	25,67				21,56	83,1	0,47	0,	25,5				9,40	91,6					
05/11/2022 15.44.11						15,81	101,1	1,87	7,52	25,55			15,33	80,1	1,08	9,16	0,			18,13	0,	1,7	6,98	25,67				21,43	83,1	0,47	0,	25,5				9,46	91,6					
05/11/2022 15.49.11						16,06	101,1	1,95	7,51	25,55			15,40	80,3	1,09	8,94	0,			18,19	0,	1,73	6,98	25,67				21,56	83,1	0,47	0,	25,5				9,40	91,7					
05/11/2022 15.54.10						15,75	101,1	1,88	7,55	25,55			15,58	81,4	1,09	8,94	0,			18,25	0,	1,97	6,99	25,67				21,56	83,1	0,47	0,	25,5				9,33	91,7					
05/11/2022 15.59.10						15,68	101,1	1,8	7,52	25,55			15,52	80,9	1,23	9,25	0,			18,25	0,	1,53	6,77	25,67				21,75	83,	0,47	0,	25,5				9,27	92,					
05/11/2022 16.04.10						15,68	101,1	2,	7,6	25,55			15,46	80,8	0,95	9,25	0,			18,31	0,	1,73	6,77	25,67				21,75	82,8	0,47	0,	25,5				9,08	92,					
05/11/2022 16.09.11						15,75	101,1	1,89	7,59	25,55			15,52	81,5	1,26	9,25	0,			18,31	0,	1,57	6,78	25,67				21,62	82,8	0,47	0,	25,5				8,90	92,1					
05/11/2022 16.14.09						15,68	101,1	1,91	7,58	25,55			15,46	81,7	1,21	9,25	0,			18,38	0,	1,55	6,77	25,67				21,50	83,	0,47	0,	25,5				8,90	92,4					
05/11/2022 16.19.11						15,50	101,1	1,81	7,54	25,55			14,96	79,3	1,04	9,32	0,			18,56	0,	1,73	6,77	25,67				21,50	83,1	0,47	0,	25,5				8,77	92,7					
05/11/2022 16.24.09						15,50	101,1	2,01	7,44	25,55			14,83	79,9	1,11	9,84	0,			18,38	0,	1,74	6,77	25,67				21,56	83,1	0,47	0,	25,5				8,71	92,8					
05/11/2022 16.29.11						15,31	101,1	2,13	7,6	25,55			14,96	81,	1,14	9,08	0,			18,19	0,	1,52	6,77	25,67				21,56	83,1	0,47	0,	25,5				8,77	93,					
05/11/2022 16.34.10						15,25	101,1	2,07	7,61	25,55			15,08	79,3	0,84	8,32	0,			18,38	0,	1,52	6,77	25,67				21,68	83,	0,47	0,	25,5				8,71	93,1					
05/11/2022 16.39.09						15,37	101,1	2,21	7,53	25,55			15,08	79,4	0,92	8,09	0,			18,25	0,	1,7	6,78	25,67				21,81	82,8	0,47	0,	25,5				8,71	93,1					
05/11/2022 16.44.11						15,50	101,1	1,93	7,6	25,55			15,15	80,7	0,8	7,6	0,			18,25	0,	1,59	6,47	25,67				21,62	82,7	0,47	0,	25,5				8,65	93,2					
05/11/2022 16.49.10						15,56	101,1	2,03	7,42	25,55			15,46	81,1	0,79	7,6	0,			18,38	0,	1,4	6,48	25,67				21,50	83,2	0,47	0,	25,5				8,65	93,					
05/11/2022 16.54.11						16,00	101,1	1,94	7,6	25,55			15,77	82,6	0,87	8,26	0,			18,56	0,	1,56	6,49	25,67				21,50	83,1	0,47	0,	25,5				8,58	92,9					
05/11/2022 16.59.10						16,00	101,1	1,73	7,5	25,55			15,77	82,4	1,09	8,27	0,			18,63	0,	1,46	6,48	25,67				21,62	83,	0,47	0,	25,5				8,52	92,9					
05/11/2022 17.04.10						15,81	101,1	2,04	7,55	25,55			15,58	82,2	0,92	8,27	0,			18,69	0,	1,58	6,68	25,67				21,68	83,	0,47	0,	25,5				8,46	93,2					
05/11/2022 17.09.10						15,68	101,1	2,19	7,53	25,55			15,33	81,	0,84	8,26	0,			19,00	0,	1,54	6,69	25,67				21,87	82,7	0,47	0,	25,5				8,52	93,1					
05/11/2022 17.14.11						15,25	101,1	1,75	7,48	25,55			15,46	82,5	0,77	7,69	0,			18,81	0,	1,97	6,9	25,67				21,68	82,5	0,47	0,	25,5				8,46	93,1					
05/11/2022 17.19.11						15,50	101,1	2,17	7,44	25,55			15,33	82,4	0,7	7,8	0,			19,00	0,	1,83	6,89	25,67				21,50	82,7	0,47	0,	25,5				8,40	93,1					
05/11/2022 17.24.09						15,31	101,1	2,24	7,54	25,55			15,15	81,8	0,72	7,79	0,			19,13	0,	1,74	7,1	25,67				21,50	82,7	0,47	0,	25,5				8,46	93,2					
05/11/2022 17.29.11						15,25	101,1	2,27	7,43	25,55			15,40	81,8	0,74	7,44	0,			19,06	0,	1,67	7,46	25,67				21,62	82,8	0,47	0,	25,5				8,40	93,2					
05/11/2022 17.34.10						15,00	101,1	1,98	7,54	25,55			15,33	81,8	0,67	6,96	0,			18,56	0,	1,79	7,46	25,67				21,62	82,7	0,47	0,	25,5				8,46	93,2					
05/11/2022 17.39.10						15,31	101,1	1,8	7,53	25,55			15,52	82,8	0,63	6,77	0,			18,31	0,	1,78	7,46	25,67				21,75	82,7	0,47	0,	25,5				8,46	93,3					
05/11/2022 17.44.09						15,06	101,1	2,06	7,55	25,55			15,58	82,2	0,62	6,25	0,			18,13	0,	2,11	7,46	25,67				21,68	82,7	0,47	0,	25,5				8,46	93,2					
05/11/2022 17.49.12						14,93	101,1	2,07	7,43	25,55			15,40	81,	0,63	6,25	0,			17,94	0,	2,12	7,46	25,67				21,68	82,6	0,47	0,	25,5				8,58	93,1					
05/11/2022 17.54.09						14,62	101,1	2,01	7,53	25,55			15,33	81,	0,61	6,25	0,			17,81	0,	1,53	7,08	25,67				21,62	82,5	0,47	0,	25,5				8,46	92,9					
05/11/2022 17.59.10						14,87	101,1	2,34	7,53	25,55			15,40	80,8	0,6	6,25	0,			17,63	0,	1,79	7,08	25,67				21,31	82,7	0,47	0,	25,5				8,46	92,8					
05/11/2022 18.04.11						14,87	101,1	2,1	7,44	25,55			15,46	80,2	0,6	5,74	0,			17,69	0,	1,84	6,66	25,67				21,43	82,7	0,47	0,	25,5				8,52	92,8					
05/11/2022 18.09.10						15,06	101,1	2,3	7,55	25,55			15,46	80,4	0,58	5,74	0,			17,88	0,	1,62	6,65	25,67				21,37	82,7	0,47	0,	25,5				8,46	92,8					
05/11/2022 18.14.10						14,93	101,1	2,1	7,46	25,55			15,46	79,7	0,58	5,74	0,			18,00	0,	1,53	6,66	25,67				21,50	83,	0,47	0,	25,5				8,46	92,7					
05/11/2022 18.19.09						14,93	101,1	2,28	7,48	25,55			15,52	79,3	0,56	4,91	0,			18,00	0,	1,49	6,66	25,67				21,62	83,	0,47	0,	25,5				8,40	92,7					
05/11/2022 18.24.11						15,00	101,1	2,28	7,54	25,55			15,65	79,9	0,59	4,91	0,			18,00	0,	1,48	6,45	25,67				21,56	82,7	0,47	0,	25,5				8,27	92,8					
05/11/2022 18.29.09						15,00	101,1	2,23	7,61	25,55			15,65	79,3	0,61	4,91	0,			18,06	0,	1,59	6,45	25,67				21,50	82,7	0,47	0,	25,5				8,33	92,8					
05/11/2022 18.34.11						15,06	101,1	2,07	7,52	25,55			15,71	78,9	0,61	4,46	0,			18,06	0,	1,43	6,45	25,67				21,62	82,7	0,47	0,	25,5				8,33	92,9					
05/11/2022 18.39.10						15,12	101,1	2,15	7,53	25,55			15,65	78,6	0,55	3,93	0,			18,19	0,	1,49	6,46	25,67				21,56	83,	0,47	0,	25,5				8,33	92,9					
05/11/2022 18.44.11						15,06	101,1	2,08	7,53	25,55			15,83	79,6	0,55	3,63	0,			18,19	0,	1,44	6,45	25,67				21,43	83,	0,47	0,	25,5				8,33	92,9					
05/11/2022 18.49.11						15,12	101,1	2,39	7,53	25,55			15,77	78,3	0,53	3,34	0,			18,19	0,	1,31	6,22	25,67				21,56	82,7	0,47	0,	25,5				8,40	93,1					
05/11/2022 18.54.09						15,12	101,1	1,99	7,51	25,55			15,90	79,	0,56	3,05	0,			18,25	0,	1,52	6,23	25,67				21,62	82,8	0,47	0,	25,5				8,40	92,8					
05/11/2022 18.59.11						15,12	101,1	1,68	7,43	25,55			16,02	79,	0,58	2,57	0,			18,31	0,	1,31	6,22	25,67				21,68	83,	0,47	0,	25,5				8,46	92,8					
05/11/2022 19.04.11						15,18	101,1	2,26	7,41	25,55			16,08	78,2	0,53	2,6	0,			18,38	0,	1,58	6,23	25,67				21,62	82,9	0,47	0,	25,5				8,40	92,8					
05/11/2022 19.09.12						15,31	101,1	2,02	7,35	25,55			15,90	77,2	0,52	2,2	0,			18,50	0,	1,51	6,4	25,67				21,68	82,8	0,47	0,	25,5				8,40	92,8					
05/11/2022 19.14.09						15,18	101,1	2,01	7,44	25,55			15,90	78,	0,58	1,99	0,			18,44	0,	1,42	6,4	25,67				21,68	82,8	0,47	0,	25,5				8,46	92,9					
05/11/2022 19.19.10						15,31	101,1	2,06	7,34	25,55			15,71	77,	0,5	1,78	0,			18,56	0,	1,48	6,54	25,67				21,75	82,7	0,47	0,	25,5				8,52	93,1					
05/11/2022 19.24.10						15,25	101,1	1,82	7,3	25,55			15,90	77,4	0,49	1,39	0,			18,44	0,	1,64	6,67	25,67				21,75	82,7	0,47	0,	25,5				8,58	93,					
05/11/2022 19.29.12						15,37	101,1	2,14	7,24	25,55			15,90	77,2	0,47	1,38	0,			18,44	0,	1,85	6,66	25,67				21,68	82,6	0,47	0,	25,5				8,58	92,9					
05/11/2022 19.34.11						15,43	101,1	2,12	7,24	25,55			15,83	76,7	0,47	1,38	0,			18,31	0,	1,85	6,82	25,67				21,62	82,7	0,47	0,	25,5				8,52	92,9					
05/11/2022 19.39.10						15,43	101,1	2,01	7,14	25,55			15,96	77,4	0,47	1,2	0,			18,25	0,	1,91	6,82	25,67				21,68	82,6	0,47	0,	25,5				8,52	92,8					
05/11/2022 19.44.11						15,50	101,1	2,1	7,07	25,55			15,96	78,2	0,47	1,19	0,			18,06	0,	1,98	7,06	25,67				21,75	82,4	0,47	0,	25,5				8,52	92,9					
05/11/2022 19.49.11						15,50	101,1	1,64	7,15	25,55			16,21	79,4	0,48	1,19	0,			18,06	0,	1,83	7,05	25,67				21,81	82,6	0,47	0,	25,5				8,52	92,9					
05/11/2022 19.54.10						15,50	101,1	2,01	7,03	25,55			16,08	77,5	0,48	1,47	0,			18,13	0,	1,89	7,06	25,67				21,81	82,3	0,47	0,	25,5				8,52	92,9					
05/11/2022 19.59.10						15,50	101,1	2,17	7,02	25,55			16,08	77,8	0,52	1,7	0,			18,13	0,	1,84	7,05	25,67				21,75	82,4	0,47	0,	25,5				8,46	92,8					
05/11/2022 20.04.11						15,56	101,1	1,64	7,04	25,55			16,27	78,5	0,51	1,69	0,			18,13	0,	1,73	7,05	25,67				21,81	82,3	0,47	0,	25,5				8,46	92,8					
05/11/2022 20.09.09						15,56	101,1	1,89	6,93	25,55			16,15	78,6	0,53	1,89	0,			18,13	0,	1,76	7,04	25,67				21,87	82,3	0,47	0,	25,5				8,46	92,8					
05/11/2022 20.14.10						15,62	101,1	1,89	6,9	25,55			16,40	80,2	0,57	3,12	0,			17,94	0,	1,69	7,05	25,67				21,68	82,5	0,47	0,	25,5				8,40	93,					
05/11/2022 20.19.11						15,56	101,1	1,84	6,95	25,55			16,40	77,6	0,54	2,73	0,			17,94	0,	1,83	7,05	25,67				21,50	82,7	0,47	0,	25,5				8,33	92,9					
05/11/2022 20.24.10						15,43	101,1	1,75	6,89	25,55			16,58	79,3	0,56	2,74	0,			17,88	0,	1,73	7,05	25,67				21,50	82,7	0,47	0,	25,5				8,40	92,9					
05/11/2022 20.29.11						15,50	101,1	1,97	6,88	25,55			16,21	77,1	0,54	2,95	0,			17,81	0,	1,69	7,05	25,67				21,68	82,8	0,47	0,	25,5				8,33	92,9					
05/11/2022 20.34.10						15,37	101,1	1,66	6,84	25,55			16,46	78,6	0,56	2,75	0,			17,75	0,	1,92	7,05	25,67				21,81	82,7	0,47	0,	25,5				8,40	92,9					
05/11/2022 20.39.10						15,50	101,1	1,58	6,97	25,55			16,27	76,4	0,6	2,76	0,			17,81	0,	1,67	7,05	25,67				21,81	82,5	0,47	0,	25,5				8,40	92,9					
05/11/2022 20.44.10						15,43	101,1	1,62	6,94	25,55			16,02	76,1	0,58	2,28	0,			17,88	0,	1,9	6,79	25,67				21,75	82,6	0,47	0,	25,5				8,46	92,9					
05/11/2022 20.49.10						15,43	101,1	1,86	6,94	25,55			16,15	76,6	0,55	2,28	0,			17,81	0,	1,48	6,79	25,67				21,56	82,7	0,47	0,	25,5				8,52	92,8					
05/11/2022 20.54.10						15,37	101,1	1,54	6,93	25,55			16,40	77,8	0,54	2,28	0,			17,81	0,	1,69	6,8	25,67				21,43	83,	0,47	0,	25,5				8,58	92,9					
05/11/2022 20.59.11						15,31	101,1	1,84	6,87	25,55			16,21	76,5	0,5	1,76	0,			17,88	0,	1,76	6,8	25,67				21,56	82,9	0,47	0,	25,5				8,52	93,					
05/11/2022 21.04.10						15,43	101,1	1,75	6,9	25,55			16,15	77,	0,49	1,76	0,			17,88	0,	1,65	6,8	25,67				21,56	82,8	0,47	0,	25,5				8,52	92,9					
05/11/2022 21.09.10						15,37	101,1	1,51	6,92	25,55			16,08	76,1	0,48	1,39	0,			18,00	0,	1,68	6,8	25,67				21,68	82,7	0,47	0,	25,5				8,58	93,					
05/11/2022 21.14.11						15,37	101,1	1,74	6,84	25,55			16,08	76,3	0,51	1,39	0,			18,19	0,	1,7	6,8	25,67				21,81	82,4	0,47	0,	25,5				8,65	93,1					
05/11/2022 21.19.10						15,43	101,1	1,86	6,82	25,55			16,21	77,5	0,48	1,39	0,			17,94	0,	1,62	6,8	25,67				21,56	82,5	0,47	0,	25,5				8,77	93,1					
05/11/2022 21.24.11						15,18	101,1	1,57	6,82	25,55			16,15	77,	0,48	1,38	0,			18,06	0,	1,64	7,02	25,67				21,43	82,7	0,47	0,	25,5				8,71	93,2					
05/11/2022 21.29.10						15,50	101,1	1,58	6,75	25,55			16,21	77,3	0,47	1,39	0,			17,94	0,	1,76	7,03	25,67				21,50	82,8	0,47	0,	25,5				8,65	93,2					
05/11/2022 21.34.10						15,37	101,1	1,7	6,92	25,55			16,33	77,8	0,48	1,66	0,			17,81	0,	1,92	7,03	25,67				21,62	82,7	0,48	0,	25,5				8,58	93,1					
05/11/2022 21.39.10						15,43	101,1	1,55	6,85	25,55			16,33	77,	0,5	1,66	0,			17,81	0,	1,81	7,03	25,67				21,81	82,7	0,47	0,	25,5				8,58	93,2					
05/11/2022 21.44.11						15,56	101,1	1,67	6,75	25,55			16,27	76,2	0,57	1,67	0,			17,88	0,	1,9	7,03	25,67				21,75	82,5	0,52	0,	25,5				8,65	93,2					
05/11/2022 21.49.10						15,56	101,1	1,74	6,74	25,55			16,27	76,7	0,5	1,66	0,			17,88	0,	1,79	7,03	25,67				21,68	82,4	0,47	0,	25,5				8,65	93,1					
05/11/2022 21.54.09						15,31	101,1	1,49	6,79	25,55			16,21	75,9	0,5	1,66	0,			17,81	0,	1,83	7,03	25,67				21,62	82,7	0,47	0,	25,5				8,65	93,2					
05/11/2022 21.59.11						15,37	101,1	1,54	6,83	25,55			16,21	76,5	0,56	2,19	0,			17,69	0,	1,99	7,03	25,67				21,50	82,9	0,47	0,	25,5				8,77	93,2					
05/11/2022 22.04.10						15,37	101,1	1,51	6,74	25,55			16,65	77,8	0,61	2,38	0,			17,81	0,	1,89	7,03	25,67				21,62	82,8	0,47	0,	25,5				8,83	93,3					
05/11/2022 22.09.11						15,50	101,1	1,46	6,74	25,55			16,46	77,	0,56	2,96	0,			17,88	0,	1,83	7,02	25,67				21,62	82,7	0,53	0,	25,5				8,96	93,4					
05/11/2022 22.14.10						15,62	101,1	1,51	6,65	25,55			16,40	77,3	0,57	2,95	0,			17,94	0,	1,62	7,04	25,67				21,68	82,7	0,47	0,	25,5				8,96	93,4					
05/11/2022 22.19.10						15,68	101,1	1,59	6,62	25,55			16,58	77,7	0,54	2,96	0,			17,94	0,	1,83	7,04	25,67				21,75	82,5	0,49	0,	25,5				9,02	93,5					
05/11/2022 22.24.09						15,81	101,1	1,47	6,52	25,55			16,46	76,2	0,57	3,23	0,			17,94	0,	1,86	6,86	25,67				21,68	82,3	0,51	0,	25,5				9,02	93,5					
05/11/2022 22.29.11						15,81	101,1	1,39	6,64	25,55			16,52	76,6	0,57	3,24	0,			18,06	0,	1,57	6,85	25,67				21,62	82,7	0,49	0,	25,5				9,15	93,5					
05/11/2022 22.34.10						15,75	101,1	1,37	6,54	25,55			16,52	76,7	0,55	3,41	0,			18,06	0,	1,54	6,86	25,67				21,56	82,7	0,49	0,	25,5				9,21	93,5					
05/11/2022 22.39.10						15,93	101,1	1,43	6,49	25,55			16,65	76,6	0,59	3,86	0,			18,13	0,	1,63	6,86	25,67				21,50	82,4	0,47	0,	25,5				9,21	93,6					
05/11/2022 22.44.10						16,00	101,1	1,42	6,58	25,55			16,65	76,7	0,64	3,86	0,			18,25	0,	1,76	7,1	25,67				21,62	82,7	0,47	0,	25,5				9,27	93,6					
05/11/2022 22.49.10						16,12	101,1	1,43	6,54	25,55			16,77	78,1	0,56	4,9	0,			18,81	0,	1,59	7,39	25,67				21,68	82,4	0,48	0,	25,5				9,40	94,					
05/11/2022 22.54.10						16,50	101,1	1,73	6,68	25,55			17,08	79,4	0,6	4,89	0,			19,06	0,	2,19	7,69	25,67				21,75	82,3	0,47	0,	25,5				9,40	94,					
05/11/2022 22.59.09						16,56	101,1	1,91	6,63	25,55			17,15	79,8	0,58	4,9	0,			19,06	0,	2,2	7,69	25,67				21,62	82,3	0,47	0,	25,5				9,27	94,2					
05/11/2022 23.04.11						16,25	101,1	1,51	6,74	25,55			16,90	80,1	0,64	5,3	0,			18,75	0,	1,96	7,97	25,67				21,56	82,4	0,51	0,	25,5				9,33	94,3					
05/11/2022 23.09.10						16,50	101,1	1,6	6,74	25,55			16,83	79,8	0,58	5,66	0,			18,25	0,	2,17	7,97	25,67				21,50	82,6	0,47	0,	25,5				9,46	94,4					
05/11/2022 23.14.11						16,81	101,1	1,46	6,85	25,55			17,02	80,6	0,61	5,95	0,			17,94	0,	2,16	7,97	25,67				21,68	82,3	0,47	0,	25,5				9,52	94,5					
05/11/2022 23.19.10						16,75	101,1	1,88	7,1	25,55			17,21	82,2	0,65	6,75	0,			17,69	0,	2,2	7,97	25,67				21,68	82,3	0,47	0,	25,5				9,52	94,6					
05/11/2022 23.24.09						16,62	101,1	1,89	7,14	25,55			17,21	83,	0,71	7,27	0,			17,63	0,	2,14	7,96	25,67				21,75	82,2	0,47	0,	25,5				9,52	94,6					
05/11/2022 23.29.11						16,37	101,1	1,95	7,12	25,55			16,65	80,6	0,75	8,19	0,			17,88	0,	1,95	7,96	25,67				21,75	81,9	0,47	0,	25,5				9,58	94,7					
05/11/2022 23.34.10						16,25	101,1	2,05	7,23	25,55			16,27	80,8	0,74	8,2	0,			18,00	0,	1,91	7,96	25,67				21,62	82,	0,47	0,	25,5				9,58	94,8					
05/11/2022 23.39.10						15,87	101,1	2,03	7,2	25,55			16,27	81,9	0,79	8,19	0,			17,94	0,	2,17	7,71	25,67				21,50	82,3	0,47	0,	25,5				9,71	94,8					
05/11/2022 23.44.10						15,68	101,1	1,93	7,26	25,55			15,90	82,2	0,81	8,19	0,			17,69	0,	2,06	7,71	25,67				21,62	82,4	0,51	0,	25,5				9,71	94,8					
05/11/2022 23.49.11						15,56	101,1	1,78	7,29	25,55			15,65	81,5	0,78	8,19	0,			17,56	0,	2,21	7,7	25,67				21,68	82,3	0,47	0,	25,5				9,71	94,8					
05/11/2022 23.54.10						15,68	101,1	2,02	7,31	25,55			15,71	81,4	0,78	8,19	0,			17,50	0,	1,89	7,71	25,67				21,68	82,3	0,47	0,	25,5				9,77	95,					
05/11/2022 23.59.10						15,62	101,1	2,02	7,2	25,55			15,58	80,9	0,83	8,19	0,			17,50	0,	1,99	7,72	25,67				21,81	82,	0,47	0,	25,5				9,71	95,					
