Net no:						1	1	1	1	1			1	1	1	1	1			1	1	1	1	1				1	1	1	1	1				1	1					
Object no:						131	141	150	151	152			134	144	159	160	161			133	143	156	157	158				132	142	153	154	155				130	140					
Table no:						0	0	0	0	0			0	0	0	0	0			0	0	0	0	0				0	0	0	0	0				0	0					
Code no:						48	48	48	48	48			48	48	136	136	136			48	48	48	48	48				48	48	48	48	48				48	48					
Calculation:						T	/10	/100	/100	/100			T	/10	/100	/100	/100			T	/10	/100	/100	/100				T	/10	/100	/100	/100				T	/10					
Date/time:	Afp. 1776	Bes. 97184			Stald 1	Temp_stald1	Fugt_stald1	DynamicAir_trinlřs_stald1	Spjćld_trinlřs_stald 1	On/off_stald1		Stald 2	Temp_stald2	Fugt_stald2	DynamicAir_trinlřs_stald2	Spjćld_trinlřs_stald2	On/off_stald2		Stald5	Temp_stald5	Fugt_stald5	DynamicAir_trinlřs_stald5	Spjćld_trinlřs_stald5	On/off_stald 5			Stald6	Temp_stald6	Fugt_stald 6	DynamicAir_trinlřs_stald6	Spjćld_trinlřs_stald6	On/off_stald6			UDE	Temp_ude	Fugt_ude					
28-08-2022 00:02:41						20,37	101,1	2,09	9,55	0,			20,02	77,9	2,31	9,85	0,			20,38	0,	2,37	9,15	0,				19,93	87,	2,28	9,29	0,				16,08	88,1					
28-08-2022 00:07:42						20,12	101,1	2,38	9,59	0,			20,02	78,4	2,38	9,85	0,			20,31	0,	2,29	9,14	0,				19,87	87,1	1,96	9,29	0,				16,02	88,4					
28-08-2022 00:12:42						20,00	101,1	2,31	9,56	0,			19,58	77,7	2,57	9,84	0,			20,06	0,	2,28	9,16	0,				19,68	86,8	2,04	9,31	0,				15,90	88,8					
28-08-2022 00:17:41						19,68	101,1	2,26	9,55	0,			19,52	78,7	2,54	9,85	0,			19,75	0,	2,28	9,15	0,				19,50	86,7	2,11	9,29	0,				15,90	89,1					
28-08-2022 00:22:41						19,43	101,1	2,24	9,53	0,			19,08	78,2	2,34	9,84	0,			19,50	0,	2,19	9,15	0,				19,50	87,	2,12	8,98	0,				15,83	89,2					
28-08-2022 00:27:41						19,25	101,1	2,22	9,55	0,			19,08	79,4	1,93	9,85	0,			19,38	0,	2,3	9,15	0,				19,43	86,7	2,09	9,29	0,				15,71	89,6					
28-08-2022 00:32:42						19,06	101,1	2,24	9,54	0,			19,02	79,	1,69	9,85	0,			19,13	0,	2,36	9,15	0,				19,37	86,7	2,14	8,86	0,				15,58	89,9					
28-08-2022 00:37:41						18,87	101,1	2,48	9,1	0,			19,02	78,8	1,4	9,84	0,			19,06	0,	2,46	8,41	0,				19,37	87,2	2,28	8,37	0,				15,77	90,4					
28-08-2022 00:42:42						19,00	101,1	2,25	9,53	0,			19,08	79,9	1,24	9,84	0,			19,06	0,	2,34	8,16	0,				19,43	87,1	2,37	8,09	0,				15,77	90,4					
28-08-2022 00:47:41						19,00	101,1	2,19	9,55	0,			19,27	79,1	1,26	9,85	0,			19,06	0,	2,45	7,76	0,				19,43	87,1	2,03	7,99	0,				15,77	90,4					
28-08-2022 00:52:41						18,93	101,1	2,05	9,53	0,			19,15	79,4	1,22	9,85	0,			19,13	0,	2,12	7,76	0,				19,43	87,4	1,99	7,92	0,				15,71	90,7					
28-08-2022 00:57:42						18,87	101,1	2,31	9,37	0,			19,21	79,3	1,26	9,85	0,			19,13	0,	2,04	7,76	0,				19,43	87,3	2,05	7,92	0,				15,90	90,8					
28-08-2022 01:02:42						19,00	101,1	2,2	9,53	0,			19,33	79,4	1,23	9,85	0,			19,13	0,	2,02	7,76	0,				19,56	87,8	2,22	7,93	0,				15,96	90,9					
28-08-2022 01:07:41						19,12	101,1	2,26	9,55	0,			19,27	79,9	1,37	9,84	0,			19,19	0,	2,03	7,75	0,				19,68	87,4	2,42	8,04	0,				15,83	90,8					
28-08-2022 01:12:41						19,00	101,1	2,2	9,55	0,			19,27	79,9	1,39	9,84	0,			19,19	0,	2,03	7,76	0,				19,50	87,1	2,26	8,08	0,				15,96	91,2					
28-08-2022 01:17:42						19,06	101,1	2,29	9,55	0,			19,15	79,8	1,37	9,84	0,			19,25	0,	2,39	7,98	0,				19,75	87,8	2,22	8,14	0,				15,96	91,2					
28-08-2022 01:22:41						19,06	101,1	2,26	9,54	0,			19,27	79,5	1,49	9,85	0,			19,25	0,	2,47	7,98	0,				19,43	87,	2,34	8,41	0,				16,08	91,2					
28-08-2022 01:27:42						19,18	101,1	2,23	9,56	0,			19,33	80,1	1,53	9,84	0,			19,19	0,	2,37	8,11	0,				19,56	87,8	2,26	8,54	0,				16,02	91,2					
28-08-2022 01:32:41						19,25	101,1	2,25	9,39	0,			19,40	80,4	1,59	9,84	0,			19,25	0,	2,56	8,32	0,				19,56	87,6	2,29	8,87	0,				16,02	91,2					
28-08-2022 01:37:42						19,31	101,1	2,08	9,54	0,			19,46	80,4	1,78	9,84	0,			19,25	0,	2,59	8,96	0,				19,56	87,7	2,07	9,11	0,				16,21	91,3					
28-08-2022 01:42:42						19,37	101,1	2,31	9,54	0,			19,58	80,5	2,01	9,85	0,			19,25	0,	2,45	8,97	0,				19,37	87,6	2,13	9,29	0,				16,02	91,2					
28-08-2022 01:47:40						19,43	101,1	2,22	9,56	0,			19,40	80,2	2,12	9,85	0,			19,19	0,	2,38	9,23	0,				19,56	87,9	2,14	9,28	0,				16,02	91,2					
28-08-2022 01:52:41						19,43	101,1	2,17	9,55	0,			19,27	80,1	2,24	9,85	0,			19,25	0,	2,45	9,24	0,				19,56	87,8	2,15	9,29	0,				15,90	91,2					
28-08-2022 01:57:41						19,50	101,1	2,26	9,56	0,			19,27	80,2	2,24	9,85	0,			19,19	0,	2,33	9,25	0,				19,43	87,6	2,19	9,29	0,				15,90	91,6					
28-08-2022 02:02:42						19,43	101,1	2,21	9,56	0,			19,40	80,6	2,11	9,85	0,			19,31	0,	2,26	9,25	0,				19,56	87,5	2,02	9,29	0,				15,90	91,6					
28-08-2022 02:07:41						19,37	101,1	2,33	9,56	0,			19,46	80,6	2,12	9,85	0,			19,25	0,	2,2	9,25	0,				19,75	87,4	2,17	9,28	0,				15,83	91,6					
28-08-2022 02:12:42						19,25	101,1	2,29	9,54	0,			19,27	79,4	1,89	9,85	0,			19,31	0,	2,32	9,24	0,				19,68	87,4	2,16	9,29	0,				15,77	91,9					
28-08-2022 02:17:41						19,25	101,1	2,24	9,55	0,			19,27	80,1	1,87	9,84	0,			19,25	0,	2,38	8,94	0,				19,56	87,3	2,01	9,29	0,				15,71	91,9					
28-08-2022 02:22:41						19,18	101,1	2,04	9,56	0,			19,21	80,2	1,76	9,85	0,			19,13	0,	2,41	8,93	0,				19,43	87,2	2,11	9,28	0,				15,71	92,					
28-08-2022 02:27:42						19,25	101,1	2,27	9,54	0,			19,33	80,9	1,63	9,85	0,			19,19	0,	2,25	8,94	0,				19,37	87,2	2,12	9,28	0,				15,77	92,					
28-08-2022 02:32:40						19,12	101,1	2,32	9,55	0,			19,21	79,9	1,56	9,85	0,			19,25	0,	2,38	8,94	0,				19,50	87,4	1,96	9,3	0,				15,77	92,					
28-08-2022 02:37:42						19,31	101,1	2,21	9,55	0,			19,21	80,8	1,59	9,85	0,			19,25	0,	2,26	8,94	0,				19,56	87,4	2,26	8,77	0,				15,77	92,1					
28-08-2022 02:42:41						19,18	101,1	2,32	9,56	0,			19,15	80,5	1,54	9,85	0,			19,38	0,	2,45	8,94	0,				19,56	87,5	2,2	8,89	0,				15,83	92,3					
28-08-2022 02:47:41						19,12	101,1	2,1	9,55	0,			19,08	80,5	1,52	9,85	0,			19,31	0,	2,25	9,24	0,				19,62	87,4	2,3	8,9	0,				15,83	92,1					
28-08-2022 02:52:41						19,25	101,1	2,23	9,55	0,			19,15	80,6	1,55	9,85	0,			19,25	0,	2,23	9,23	0,				19,50	87,4	2,08	9,15	0,				15,77	92,3					
28-08-2022 02:57:42						19,06	101,1	2,21	9,55	0,			19,15	80,9	1,53	9,85	0,			19,25	0,	2,36	9,24	0,				19,56	87,4	2,14	9,3	0,				15,77	92,4					
28-08-2022 03:02:40						19,12	101,1	2,23	9,56	0,			19,02	80,5	1,39	9,85	0,			19,19	0,	2,29	9,24	0,				19,68	87,8	2,14	9,27	0,				15,65	92,4					
28-08-2022 03:07:41						19,18	101,1	2,21	9,55	0,			19,21	81,	1,37	9,86	0,			19,19	0,	2,27	9,25	0,				19,37	87,6	1,93	9,28	0,				15,83	92,6					
28-08-2022 03:12:42						19,18	101,1	2,24	9,54	0,			19,15	80,7	1,42	9,85	0,			19,19	0,	2,16	9,23	0,				19,37	87,8	2,23	9,28	0,				15,77	92,4					
28-08-2022 03:17:41						19,25	101,1	2,02	9,55	0,			19,15	81,	1,26	9,85	0,			19,19	0,	2,41	9,24	0,				19,37	87,9	2,23	9,28	0,				15,77	92,6					
28-08-2022 03:22:41						19,37	101,1	2,17	9,57	0,			19,21	80,6	1,28	9,85	0,			19,19	0,	2,31	9,23	0,				19,50	87,8	2,2	9,29	0,				15,33	92,					
28-08-2022 03:27:41						19,31	101,1	2,11	9,53	0,			19,27	81,	1,38	9,85	0,			19,19	0,	2,26	9,25	0,				19,31	87,8	2,28	8,75	0,				15,71	92,8					
28-08-2022 03:32:41						19,25	101,1	2,14	9,57	0,			19,33	81,1	1,34	9,85	0,			19,19	0,	2,23	9,23	0,				19,31	87,9	2,42	8,54	0,				15,71	92,8					
28-08-2022 03:37:41						19,18	101,1	2,04	9,55	0,			19,27	81,	1,54	9,85	0,			19,25	0,	2,26	9,24	0,				19,31	88,2	2,25	8,44	0,				15,83	92,8					
28-08-2022 03:42:41						19,18	101,1	2,21	9,53	0,			19,33	81,	1,58	9,84	0,			19,44	0,	2,31	9,23	0,				19,50	88,4	2,16	8,44	0,				15,71	92,7					
28-08-2022 03:47:40						19,25	101,1	2,04	9,55	0,			19,27	81,	1,59	9,84	0,			19,31	0,	2,13	9,24	0,				19,50	88,2	2,34	8,44	0,				15,71	92,9					
28-08-2022 03:52:42						19,12	101,1	2,3	9,54	0,			19,15	80,7	1,72	9,85	0,			19,25	0,	2,32	8,95	0,				19,37	87,9	2,25	8,43	0,				15,71	92,9					
28-08-2022 03:57:41						19,18	101,1	2,12	9,54	0,			19,15	81,	1,8	9,85	0,			19,19	0,	2,48	8,37	0,				19,56	88,	2,39	8,45	0,				15,71	93,					
28-08-2022 04:02:41						19,18	101,1	2,2	9,54	0,			18,96	81,8	1,74	9,85	0,			19,19	0,	2,37	8,37	0,				19,43	87,8	2,37	8,45	0,				15,90	93,2					
28-08-2022 04:07:42						19,25	101,1	1,96	9,56	0,			19,02	81,	1,67	9,84	0,			19,25	0,	2,37	8,21	0,				19,50	88,2	2,34	8,45	0,				15,71	92,9					
28-08-2022 04:12:40						19,12	101,1	2,18	9,55	0,			18,90	81,	1,76	9,85	0,			19,13	0,	2,31	8,2	0,				19,56	88,1	2,4	8,44	0,				15,96	93,5					
28-08-2022 04:17:42						19,12	101,1	2,06	9,56	0,			18,90	82,	1,78	9,85	0,			19,25	0,	2,33	8,2	0,				19,56	88,6	2,23	8,44	0,				15,96	93,2					
28-08-2022 04:22:41						19,06	101,1	2,08	9,57	0,			19,08	81,8	1,8	9,85	0,			19,13	0,	2,54	8,21	0,				19,31	88,6	2,35	8,45	0,				15,96	93,5					
28-08-2022 04:27:42						19,12	101,1	2,2	9,56	0,			19,15	82,2	1,75	9,84	0,			19,19	0,	2,37	8,21	0,				19,37	88,6	2,31	8,44	0,				15,83	93,2					
28-08-2022 04:32:40						19,12	101,1	2,26	9,56	0,			18,90	81,	1,87	9,84	0,			19,31	0,	2,46	8,21	0,				19,62	88,7	2,33	8,45	0,				15,83	93,6					
28-08-2022 04:37:42						19,06	101,1	2,25	9,53	0,			18,90	81,7	1,78	9,85	0,			19,31	0,	2,46	8,42	0,				19,43	88,6	2,47	8,45	0,				15,96	93,6					
28-08-2022 04:42:42						19,12	101,1	2,17	9,52	0,			19,02	81,9	1,71	9,85	0,			19,25	0,	2,58	8,42	0,				19,25	88,4	2,13	8,45	0,				15,90	93,6					
28-08-2022 04:47:40						19,12	101,1	2,06	9,57	0,			19,02	81,4	1,59	9,84	0,			19,19	0,	2,53	8,61	0,				19,37	88,8	2,32	8,46	0,				15,96	93,7					
28-08-2022 04:52:42						19,18	101,1	2,13	9,54	0,			19,08	82,1	1,56	9,85	0,			19,13	0,	2,17	8,57	0,				19,31	89,	2,21	8,74	0,				15,46	93,2					
28-08-2022 04:57:41						19,12	101,1	2,19	9,58	0,			19,15	82,2	1,6	9,84	0,			19,13	0,	2,26	9,01	0,				19,31	89,1	2,26	8,84	0,				15,58	93,2					
28-08-2022 05:02:43						19,12	101,1	2,11	9,55	0,			19,27	82,6	1,44	9,84	0,			19,06	0,	2,41	9,	0,				19,50	89,	2,15	8,84	0,				16,02	93,7					
28-08-2022 05:07:40						19,25	101,1	2,17	9,55	0,			19,27	82,6	1,58	9,84	0,			18,94	0,	2,14	9,23	0,				19,50	89,4	2,27	8,86	0,				15,90	93,6					
28-08-2022 05:12:41						19,31	101,1	2,18	9,54	0,			19,33	82,3	1,77	9,84	0,			18,94	0,	2,24	9,23	0,				19,31	89,4	2,14	8,85	0,				16,08	93,9					
28-08-2022 05:17:40						19,31	101,1	2,16	9,56	0,			19,40	82,6	1,67	9,85	0,			19,13	0,	2,26	9,24	0,				19,50	89,8	2,18	8,84	0,				15,96	93,7					
28-08-2022 05:22:42						19,37	101,1	2,02	9,56	0,			19,27	82,2	1,83	9,85	0,			19,19	0,	2,31	9,23	0,				19,43	89,4	2,02	9,15	0,				16,08	93,9					
28-08-2022 05:27:42						19,25	101,1	2,06	9,56	0,			19,46	81,8	1,8	9,85	0,			19,19	0,	2,33	9,23	0,				19,31	89,4	2,12	9,15	0,				16,02	93,9					
28-08-2022 05:32:40						19,18	101,1	2,13	9,54	0,			19,27	81,8	1,97	9,85	0,			19,25	0,	2,33	9,23	0,				19,43	89,8	2,09	9,16	0,				16,15	94,					
28-08-2022 05:37:41						19,18	101,1	2,12	9,56	0,			19,33	82,2	1,83	9,84	0,			19,25	0,	2,23	9,23	0,				19,50	89,6	2,19	9,14	0,				16,21	94,					
28-08-2022 05:42:41						19,50	101,1	2,16	9,55	0,			19,21	82,5	2,	9,84	0,			19,25	0,	2,16	9,23	0,				19,50	89,7	2,02	9,14	0,				16,27	94,					
28-08-2022 05:47:42						20,06	101,1	2,14	9,54	0,			19,27	82,9	1,9	9,84	0,			19,38	0,	2,19	9,24	0,				19,62	89,8	2,18	9,15	0,				16,15	94,					
28-08-2022 05:52:41						19,93	101,1	2,08	9,56	0,			19,21	82,6	1,89	9,85	0,			19,44	0,	2,24	9,24	0,				19,50	89,4	2,14	9,15	0,				15,77	93,7					
28-08-2022 05:57:42						19,43	101,1	2,06	9,55	0,			19,21	82,6	1,88	9,85	0,			19,31	0,	2,24	9,24	0,				19,50	89,4	2,03	9,16	0,				16,21	94,2					
28-08-2022 06:02:41						19,43	101,1	2,13	9,55	0,			19,21	83,2	1,75	9,85	0,			19,31	0,	2,38	9,24	0,				19,62	89,8	2,08	9,15	0,				16,27	94,2					
28-08-2022 06:07:42						19,37	101,1	2,17	9,53	0,			19,21	83,4	1,7	9,85	0,			19,50	0,	2,39	9,23	0,				19,50	89,8	2,01	9,29	0,				16,21	94,1					
28-08-2022 06:12:42						19,25	101,1	2,12	9,54	0,			19,21	83,4	1,81	9,84	0,			19,44	0,	2,3	9,24	0,				19,81	89,9	2,12	9,28	0,				16,15	94,2					
28-08-2022 06:17:40						19,31	101,1	2,21	9,56	0,			19,33	83,5	1,66	9,85	0,			19,44	0,	2,41	9,24	0,				19,93	89,8	2,21	9,28	0,				16,27	94,4					
28-08-2022 06:22:42						19,31	101,1	2,07	9,54	0,			19,58	83,3	1,95	9,84	0,			19,50	0,	2,25	9,24	0,				19,93	89,8	1,97	9,3	0,				16,08	94,1					
28-08-2022 06:27:41						19,31	101,1	2,12	9,56	0,			19,77	82,3	1,91	9,85	0,			19,44	0,	2,45	8,93	0,				19,68	89,	2,23	9,3	0,				15,83	94,3					
28-08-2022 06:32:43						19,31	101,1	2,19	9,54	0,			19,58	82,2	1,97	9,85	0,			19,31	0,	2,33	8,94	0,				19,56	89,	2,12	9,28	0,				16,15	94,5					
28-08-2022 06:37:40						19,12	101,1	2,24	9,56	0,			19,65	82,6	2,07	9,85	0,			19,25	0,	2,3	8,99	0,				19,56	89,8	2,19	8,74	0,				16,15	94,5					
28-08-2022 06:42:42						19,25	101,1	2,2	9,56	0,			19,71	82,6	2,14	9,85	0,			19,25	0,	2,16	9,24	0,				19,75	89,8	2,29	8,66	0,				16,02	94,4					
28-08-2022 06:47:40						19,18	101,1	2,12	9,54	0,			19,65	82,7	2,18	9,84	0,			19,31	0,	2,29	9,24	0,				19,81	89,8	2,11	8,68	0,				16,02	94,4					
28-08-2022 06:52:43						19,12	101,1	2,23	9,33	0,			19,52	82,2	2,02	9,85	0,			19,25	0,	2,15	9,24	0,				19,93	89,9	2,1	8,67	0,				16,21	94,5					
28-08-2022 06:57:43						19,87	101,1	2,08	9,56	0,			19,46	82,3	1,9	9,84	0,			19,31	0,	2,2	9,24	0,				19,68	90,1	2,07	9,15	0,				16,15	94,4					
28-08-2022 07:02:40						19,93	101,1	1,93	9,54	0,			19,33	83,	1,99	9,84	0,			19,38	0,	2,16	9,25	0,				19,87	90,3	2,3	9,29	0,				16,02	94,4					
28-08-2022 07:07:41						19,75	101,1	2,	9,55	0,			19,33	82,7	1,96	9,85	0,			19,50	0,	2,37	9,24	0,				19,87	89,9	2,11	9,28	0,				15,90	94,3					
28-08-2022 07:12:40						19,62	101,1	2,25	9,53	0,			19,52	83,4	1,84	9,85	0,			19,50	0,	2,17	9,23	0,				19,87	90,3	2,12	9,29	0,				16,27	94,5					
28-08-2022 07:17:42						19,62	101,1	2,1	9,54	0,			19,58	83,3	1,8	9,85	0,			19,63	0,	2,26	9,24	0,				19,81	90,2	2,11	9,27	0,				16,33	94,4					
28-08-2022 07:22:41						19,68	101,1	2,22	9,56	0,			19,71	83,8	2,24	9,85	0,			19,81	0,	2,28	9,23	0,				20,00	90,8	2,08	9,29	0,				16,40	94,					
28-08-2022 07:27:42						19,62	101,1	2,18	9,56	0,			19,46	83,4	2,38	9,85	0,			19,88	0,	2,19	9,23	0,				19,93	90,6	2,09	9,29	0,				16,33	94,					
28-08-2022 07:32:41						19,68	101,1	2,27	9,56	0,			19,58	83,4	2,37	9,85	0,			19,94	0,	2,31	9,24	0,				20,00	90,6	2,	9,29	0,				16,40	94,					
28-08-2022 07:37:43						19,62	101,1	2,17	9,56	0,			19,65	83,8	2,29	9,84	0,			19,88	0,	2,41	9,24	0,				20,12	90,8	2,19	9,29	0,				16,46	94,2					
28-08-2022 07:42:42						19,62	101,1	2,17	9,54	0,			20,21	83,9	2,39	9,85	0,			20,00	0,	2,2	9,22	0,				20,18	90,9	2,25	9,28	0,				16,58	94,3					
28-08-2022 07:47:41						19,75	101,1	2,35	9,57	0,			19,90	83,6	2,52	9,84	0,			19,88	0,	2,26	9,23	0,				20,25	90,5	2,17	9,3	0,				16,77	94,2					
28-08-2022 07:52:41						19,81	101,1	2,02	9,56	0,			20,33	84,2	2,46	9,85	0,			20,00	0,	2,24	9,24	0,				20,50	90,8	2,12	9,31	0,				16,83	94,3					
28-08-2022 07:57:40						19,81	101,1	2,04	9,54	0,			20,27	83,8	2,41	9,85	0,			20,19	0,	2,06	9,24	0,				20,56	90,6	2,25	9,29	0,				16,83	94,					
28-08-2022 08:02:42						20,06	101,1	2,21	9,56	0,			20,08	83,4	2,42	9,85	0,			20,38	0,	2,3	9,24	0,				20,56	90,9	2,16	9,28	0,				16,96	94,					
28-08-2022 08:07:41						20,06	101,1	2,03	9,57	0,			20,02	84,2	2,48	9,85	0,			20,44	0,	2,28	9,24	0,				20,62	90,6	2,06	9,29	0,				17,08	94,					
28-08-2022 08:12:42						20,56	101,1	2,19	9,54	0,			20,02	83,7	2,4	9,86	0,			20,44	0,	2,4	9,24	0,				21,06	91,	2,21	9,3	0,				17,08	93,6					
28-08-2022 08:17:42						20,81	101,1	2,06	9,54	0,			20,90	83,8	2,53	9,85	0,			20,88	0,	2,3	9,24	0,				21,12	90,3	2,29	9,29	0,				17,15	93,1					
28-08-2022 08:22:42						20,87	101,1	1,92	9,56	0,			20,96	83,9	2,44	9,85	0,			20,88	0,	2,32	9,25	0,				21,31	90,2	2,18	9,29	0,				17,33	93,					
28-08-2022 08:27:42						20,93	101,1	1,95	9,57	0,			20,83	85,6	2,31	9,85	0,			21,06	0,	2,31	9,24	0,				21,12	90,5	2,05	9,3	0,				17,40	92,4					
28-08-2022 08:32:41						21,06	101,1	2,11	9,54	0,			20,96	85,	2,36	9,86	0,			21,25	0,	2,39	9,25	0,				21,06	90,7	2,14	9,29	0,				17,58	92,					
28-08-2022 08:37:42						21,00	101,1	2,22	9,55	0,			20,90	84,6	2,49	9,86	0,			21,00	0,	2,34	9,25	0,				21,50	91,1	2,06	9,3	0,				17,77	91,4					
28-08-2022 08:42:41						21,12	101,1	1,98	9,56	0,			20,71	84,6	2,54	9,86	0,			21,25	0,	2,39	9,26	0,				21,50	91,	2,21	9,31	0,				17,96	91,2					
28-08-2022 08:47:42						21,00	101,1	2,09	9,58	0,			20,58	85,4	2,32	9,86	0,			21,06	0,	2,42	9,24	0,				22,06	91,4	2,19	9,29	0,				18,02	89,6					
28-08-2022 08:52:41						21,00	101,1	2,07	9,56	0,			20,96	85,8	2,4	9,86	0,			21,06	0,	2,44	9,25	0,				22,12	92,	2,26	9,3	0,				18,46	88,8					
28-08-2022 08:57:42						21,18	101,1	2,06	9,57	0,			21,15	86,2	2,36	9,87	0,			21,06	0,	2,22	9,25	0,				22,31	93,	2,27	9,29	0,				18,65	87,7					
28-08-2022 09:02:41						21,37	101,1	1,9	9,59	0,			21,15	85,2	2,4	9,86	0,			21,00	0,	2,42	9,26	0,				22,00	92,6	2,23	9,29	0,				18,33	86,					
28-08-2022 09:07:42						21,37	101,1	2,14	9,56	0,			21,52	85,4	2,8	9,86	0,			21,00	0,	2,4	9,25	0,				21,68	91,8	2,05	9,3	0,				18,40	86,1					
28-08-2022 09:12:41						21,31	101,1	2,01	9,58	0,			21,21	83,7	2,51	9,86	0,			21,06	0,	2,33	9,26	0,				21,87	92,2	2,01	9,29	0,				18,77	87,1					
28-08-2022 09:17:41						21,06	101,1	2,14	9,55	0,			20,90	84,6	2,26	9,87	0,			21,00	0,	2,43	9,25	0,				21,75	92,5	2,32	9,3	0,				18,52	86,8					
28-08-2022 09:22:41						20,87	101,1	2,2	9,58	0,			20,83	85,	2,51	9,86	0,			20,81	0,	2,28	9,25	0,				21,43	91,9	2,1	9,3	0,				18,58	87,					
28-08-2022 09:27:41						20,87	101,1	2,1	9,57	0,			20,65	85,	2,38	9,87	0,			20,81	0,	2,23	9,25	0,				21,31	92,6	2,24	9,31	0,				18,71	87,2					
28-08-2022 09:32:42						20,81	101,1	2,	9,58	0,			20,71	85,4	2,42	9,86	0,			20,81	0,	2,24	9,24	0,				21,25	92,2	2,06	9,29	0,				18,90	87,2					
28-08-2022 09:37:40						20,93	101,1	2,2	9,59	0,			20,58	85,8	2,44	9,86	0,			20,75	0,	2,31	9,25	0,				21,31	92,6	2,2	9,3	0,				18,96	87,2					
28-08-2022 09:42:41						20,75	101,1	2,11	9,57	0,			20,71	85,8	2,47	9,86	0,			20,69	0,	2,18	9,24	0,				21,37	92,4	2,21	9,28	0,				19,08	87,2					
28-08-2022 09:47:41						20,75	101,1	2,04	9,54	0,			20,71	86,2	2,48	9,86	0,			20,81	0,	2,19	9,24	0,				21,31	92,7	1,99	9,31	0,				19,40	86,4					
28-08-2022 09:52:42						20,81	101,1	1,99	9,56	0,			20,83	86,	2,33	9,86	0,			20,88	0,	2,33	9,25	0,				21,43	93,	2,17	9,29	0,				19,71	85,1					
28-08-2022 09:57:42						21,00	101,1	2,16	9,56	0,			21,02	86,6	2,29	9,86	0,			21,00	0,	2,23	9,24	0,				21,37	93,2	2,16	9,28	0,				19,90	84,4					
28-08-2022 10:02:41						21,12	101,1	2,24	9,56	0,			21,21	86,6	2,43	9,86	0,			21,06	0,	2,2	9,24	0,				21,56	93,8	2,12	9,3	0,				19,90	84,4					
28-08-2022 10:07:42						21,25	101,1	2,12	9,58	0,			21,08	86,6	2,41	9,85	0,			21,25	0,	2,19	9,25	0,				21,75	93,8	2,34	9,3	0,				19,90	84,					
28-08-2022 10:12:41						21,18	101,1	2,26	9,57	0,			21,21	87,	2,37	9,86	0,			21,38	0,	2,33	9,25	0,				21,75	93,8	2,	9,28	0,				20,52	83,6					
28-08-2022 10:17:42						21,37	101,1	2,15	9,54	0,			21,21	86,6	2,41	9,86	0,			21,38	0,	2,27	9,25	0,				22,00	94,1	2,16	9,29	0,				20,08	82,4					
28-08-2022 10:22:42						21,43	101,1	2,05	9,57	0,			21,15	86,4	2,21	9,86	0,			21,50	0,	2,1	9,25	0,				22,00	93,4	2,18	9,28	0,				20,33	83,2					
28-08-2022 10:27:42						21,68	101,1	2,24	9,56	0,			21,21	86,8	2,47	9,86	0,			21,56	0,	2,24	9,24	0,				22,12	93,8	2,1	9,31	0,				20,77	81,2					
28-08-2022 10:32:42						21,62	101,1	2,22	9,55	0,			21,40	87,	2,31	9,86	0,			21,75	0,	2,29	9,25	0,				22,43	93,8	2,23	9,31	0,				20,58	80,1					
28-08-2022 10:37:42						21,68	101,1	2,17	9,55	0,			21,33	86,3	2,4	9,85	0,			21,69	0,	2,28	9,25	0,				22,43	93,3	2,01	9,3	0,				21,08	80,8					
28-08-2022 10:42:42						21,68	101,1	2,15	9,58	0,			21,40	87,	2,47	9,86	0,			21,75	0,	2,16	9,25	0,				22,50	93,8	2,16	9,31	0,				21,15	76,4					
28-08-2022 10:47:42						21,75	101,1	1,95	9,57	0,			21,33	86,3	2,41	9,86	0,			21,94	0,	2,32	9,25	0,				23,43	93,4	2,56	9,29	0,				21,21	76,					
28-08-2022 10:52:42						21,87	101,1	2,12	9,57	0,			21,46	86,2	2,27	9,86	0,			22,00	0,	2,07	9,25	0,				23,93	91,8	2,54	9,3	0,				21,33	76,5					
28-08-2022 10:57:41						21,87	101,1	2,16	9,53	0,			21,71	86,4	2,32	9,87	0,			22,00	0,	2,08	9,25	0,				24,25	90,6	2,48	9,3	0,				21,96	77,8					
28-08-2022 11:02:42						22,00	101,1	2,06	9,57	0,			21,71	85,8	2,48	9,87	0,			22,00	0,	2,23	9,26	0,				24,25	89,8	2,7	9,29	0,				21,46	76,1					
28-08-2022 11:07:41						21,93	101,1	2,17	9,57	0,			21,71	85,7	2,21	9,87	0,			22,06	0,	2,18	9,25	0,				24,18	89,4	2,48	9,3	0,				21,33	76,8					
28-08-2022 11:12:42						22,00	101,1	2,18	9,57	0,			21,90	85,9	2,3	9,86	0,			22,13	0,	2,07	9,26	0,				24,37	88,8	2,59	9,3	0,				21,71	76,					
28-08-2022 11:17:41						22,06	101,1	2,26	9,57	0,			21,96	86,2	2,35	9,87	0,			22,25	0,	2,27	9,25	0,				24,62	89,4	2,58	9,31	0,				22,02	74,8					
28-08-2022 11:22:42						22,12	101,1	2,19	9,56	0,			21,96	86,1	2,36	9,86	0,			22,38	0,	2,26	9,25	0,				24,56	88,7	2,48	9,3	0,				21,83	75,4					
28-08-2022 11:27:43						22,87	101,1	2,78	9,56	0,			22,15	85,8	2,33	9,87	0,			22,31	0,	2,25	9,25	0,				24,50	88,2	2,4	9,31	0,				21,46	76,4					
28-08-2022 11:32:41						23,12	101,1	2,76	9,55	0,			22,08	85,4	2,39	9,87	0,			22,25	0,	2,28	9,26	0,				24,12	88,	2,6	9,3	0,				21,46	77,7					
28-08-2022 11:37:42						23,31	101,1	2,61	9,56	0,			22,08	86,1	2,51	9,87	0,			22,25	0,	2,27	9,25	0,				24,43	88,3	2,62	9,31	0,				21,46	76,8					
28-08-2022 11:42:41						23,37	101,1	2,56	9,56	0,			22,21	85,8	2,27	9,86	0,			22,31	0,	2,32	9,26	0,				24,75	88,3	2,63	9,3	0,				21,52	77,2					
28-08-2022 11:47:42						23,75	101,1	2,66	9,58	0,			22,21	85,4	2,33	9,87	0,			22,50	0,	2,88	9,26	0,				24,87	87,6	2,29	9,3	0,				21,40	77,2					
28-08-2022 11:52:41						24,06	101,1	2,4	9,56	0,			22,40	85,8	2,3	9,86	0,			23,00	0,	2,77	9,25	0,				24,68	88,2	2,5	9,31	0,				21,71	76,8					
28-08-2022 11:57:42						23,75	101,1	2,43	9,57	0,			22,27	84,7	2,5	9,87	0,			23,50	0,	2,76	9,25	0,				24,93	87,4	2,61	9,29	0,				21,15	77,6					
28-08-2022 12:02:41						23,62	101,1	2,7	9,59	0,			22,27	85,	2,31	9,87	0,			23,50	0,	2,77	9,25	0,				24,56	87,8	2,63	9,3	0,				21,21	78,1					
28-08-2022 12:07:42						23,68	101,1	2,6	9,57	0,			22,21	85,	2,28	9,87	0,			23,56	0,	2,81	9,26	0,				24,62	88,2	2,72	9,3	0,				21,40	76,7					
28-08-2022 12:12:42						23,62	101,1	2,44	9,6	0,			22,46	85,5	2,21	9,88	0,			23,56	0,	2,73	9,26	0,				24,50	87,8	2,56	9,31	0,				21,33	76,2					
28-08-2022 12:17:41						23,56	101,1	2,55	9,59	0,			22,52	85,7	2,34	9,87	0,			23,50	0,	2,74	9,27	0,				24,37	87,	2,82	9,3	0,				21,27	75,6					
28-08-2022 12:22:41						23,50	101,1	2,62	9,57	0,			22,58	85,5	2,26	9,87	0,			23,56	0,	2,72	9,26	0,				24,18	88,2	2,56	9,31	0,				21,58	75,6					
28-08-2022 12:27:41						23,50	101,1	2,7	9,58	0,			22,58	86,2	2,34	9,87	0,			23,56	0,	2,8	9,26	0,				24,12	87,8	2,74	9,31	0,				21,40	75,1					
28-08-2022 12:32:42						23,31	101,1	2,44	9,58	0,			22,46	84,8	2,42	9,87	0,			23,44	0,	2,71	9,26	0,				24,06	87,7	2,59	9,3	0,				21,46	75,2					
28-08-2022 12:37:41						23,25	101,1	2,56	9,56	0,			22,46	85,5	2,34	9,87	0,			23,31	0,	2,77	9,25	0,				23,87	87,9	2,55	9,31	0,				21,77	75,1					
28-08-2022 12:42:42						23,06	101,1	2,61	9,57	0,			22,46	85,	2,35	9,87	0,			23,31	0,	2,91	9,26	0,				23,93	87,4	2,58	9,3	0,				21,83	74,1					
28-08-2022 12:47:42						23,12	101,1	2,39	9,57	0,			22,33	85,	2,43	9,87	0,			23,31	0,	2,74	9,25	0,				24,25	87,9	2,71	9,3	0,				22,46	72,9					
28-08-2022 12:52:42						23,18	101,1	2,67	9,58	0,			22,46	84,8	2,52	9,87	0,			23,38	0,	2,91	9,26	0,				24,25	87,	2,8	9,29	0,				22,15	71,7					
28-08-2022 12:57:42						23,25	101,1	2,77	9,57	0,			22,33	84,	2,46	9,86	0,			23,25	0,	2,8	9,26	0,				24,25	87,2	2,83	9,3	0,				21,96	70,8					
28-08-2022 13:02:41						23,31	101,1	2,67	9,56	0,			22,52	84,2	2,49	9,86	0,			23,25	0,	2,8	9,26	0,				24,12	87,	2,73	9,31	0,				22,83	72,5					
28-08-2022 13:07:42						23,37	101,1	2,69	9,59	0,			22,77	83,9	2,36	9,86	0,			23,25	0,	2,71	9,25	0,				24,12	87,2	2,49	9,3	0,				21,83	70,6					
28-08-2022 13:12:41						23,25	101,1	2,51	9,56	0,			22,58	83,4	2,46	9,88	0,			23,19	0,	2,78	9,25	0,				24,31	87,	2,56	9,29	0,				21,71	73,7					
28-08-2022 13:17:41						23,37	101,1	2,57	9,59	0,			22,77	83,7	2,36	9,87	0,			23,13	0,	2,78	9,25	0,				24,31	87,5	2,68	9,31	0,				22,15	72,1					
28-08-2022 13:22:41						23,62	101,1	2,73	9,59	0,			22,96	83,	2,32	9,86	0,			23,25	0,	2,78	9,26	0,				24,75	87,8	2,57	9,29	0,				22,58	72,1					
28-08-2022 13:27:42						23,87	101,1	2,74	9,56	0,			23,27	83,4	2,32	9,87	0,			23,38	0,	2,65	9,25	0,				24,93	87,	2,6	9,31	0,				22,33	71,3					
28-08-2022 13:32:40						23,75	101,1	2,89	9,58	0,			23,40	81,8	2,29	9,87	0,			23,44	0,	2,79	9,26	0,				24,87	87,	2,48	9,3	0,				21,71	72,9					
28-08-2022 13:37:43						23,56	101,1	2,69	9,59	0,			23,27	81,	2,31	9,87	0,			23,31	0,	2,88	9,25	0,				24,56	86,6	2,63	9,3	0,				21,33	75,9					
28-08-2022 13:42:42						23,50	101,1	2,38	9,57	0,			23,33	80,7	2,31	9,87	0,			23,13	0,	2,87	9,26	0,				24,56	86,6	2,8	9,31	0,				21,21	76,7					
28-08-2022 13:47:41						23,31	101,1	2,69	9,57	0,			23,46	80,	2,21	9,86	0,			23,00	0,	2,76	9,26	0,				24,18	86,9	2,63	9,31	0,				21,02	77,6					
28-08-2022 13:52:41						23,56	101,1	2,65	9,58	0,			23,65	80,5	2,58	9,87	0,			23,06	0,	2,87	9,26	0,				24,25	87,	2,6	9,3	0,				20,83	78,					
28-08-2022 13:57:41						23,68	101,1	2,72	9,58	0,			23,83	79,9	2,25	9,86	0,			23,13	0,	2,82	9,26	0,				24,81	86,6	2,77	9,31	0,				20,90	79,2					
28-08-2022 14:02:42						24,00	101,1	2,66	9,56	0,			23,77	79,4	2,26	9,87	0,			23,00	0,	2,89	9,26	0,				24,75	86,3	2,63	9,31	0,				20,71	79,8					
28-08-2022 14:07:41						23,87	101,1	2,62	9,59	0,01			23,52	80,2	2,31	9,87	0,			23,00	0,	2,91	9,25	0,				24,75	86,9	2,63	9,31	0,				20,52	81,2					
28-08-2022 14:12:43						23,75	101,1	2,54	9,56	0,			23,52	79,5	2,36	9,87	0,			22,94	0,	2,84	9,26	0,				24,56	87,	2,73	9,3	0,				20,21	82,2					
28-08-2022 14:17:41						23,68	101,1	2,55	9,57	0,			23,33	79,4	2,32	9,87	0,			22,81	0,	2,83	9,26	0,				24,18	87,4	2,61	9,3	0,				20,08	83,1					
28-08-2022 14:22:42						23,75	101,1	2,51	9,55	0,			23,33	79,	2,25	9,87	0,			22,81	0,	2,79	9,25	0,				24,18	87,4	2,56	9,31	0,				20,15	83,2					
28-08-2022 14:27:42						23,56	101,1	2,46	9,57	0,			23,27	79,5	2,42	9,88	0,			22,75	0,	2,75	9,25	0,				24,25	87,	2,69	9,3	0,				20,02	83,1					
28-08-2022 14:32:41						23,56	101,1	2,56	9,58	0,			23,08	79,7	2,31	9,87	0,			22,63	0,	2,91	9,25	0,				24,18	86,9	2,9	9,29	0,				20,02	83,2					
28-08-2022 14:37:41						23,37	101,1	2,63	9,59	0,			23,27	80,4	2,37	9,87	0,			22,56	0,	2,27	9,26	0,				24,18	87,4	2,68	9,3	0,				19,90	82,6					
28-08-2022 14:42:41						23,12	101,1	2,68	9,57	0,			23,02	79,4	2,25	9,87	0,			22,38	0,	2,33	9,26	0,				23,87	86,7	2,53	9,3	0,				20,02	82,5					
28-08-2022 14:47:42						23,12	101,1	2,67	9,59	0,			23,08	80,3	2,3	9,87	0,			22,31	0,	2,42	9,26	0,				23,87	86,6	2,46	9,29	0,				20,21	83,					
28-08-2022 14:52:40						22,93	101,1	2,69	9,58	0,			23,27	80,6	2,38	9,86	0,			22,31	0,	2,23	9,25	0,				24,00	87,	2,66	9,31	0,				19,96	82,					
28-08-2022 14:57:41						22,87	101,1	2,62	9,57	0,			23,15	80,2	2,33	9,87	0,			22,44	0,	2,73	9,25	0,				23,81	86,6	2,79	9,31	0,				19,96	82,8					
28-08-2022 15:02:41						22,87	101,1	2,43	9,56	0,			22,96	79,4	2,19	9,87	0,			22,56	0,	2,87	9,26	0,				23,68	87,1	2,78	9,29	0,				19,83	83,2					
28-08-2022 15:07:42						22,56	101,1	2,08	9,58	0,			23,08	79,8	2,42	9,87	0,			22,44	0,	2,37	9,26	0,				23,62	87,1	2,63	9,3	0,				19,77	83,6					
28-08-2022 15:12:42						22,50	101,1	2,16	9,58	0,			22,77	80,1	2,27	9,87	0,			22,44	0,	2,33	9,26	0,				23,81	87,8	2,63	9,31	0,				19,65	83,2					
28-08-2022 15:17:41						22,43	101,1	2,12	9,57	0,			22,77	79,4	2,37	9,87	0,			22,44	0,	2,31	9,25	0,				23,62	87,1	2,59	9,31	0,				19,90	84,1					
28-08-2022 15:22:42						22,43	101,1	2,25	9,58	0,			22,83	79,9	2,38	9,87	0,			22,44	0,	2,37	9,25	0,				23,81	87,4	2,48	9,32	0,				19,71	83,4					
28-08-2022 15:27:41						22,31	101,1	2,06	9,56	0,			22,58	79,8	2,37	9,87	0,			22,44	0,	2,39	9,25	0,				23,81	87,	2,33	9,29	0,				19,65	83,1					
28-08-2022 15:32:42						22,43	101,1	2,23	9,58	0,			22,65	80,2	2,32	9,86	0,			22,44	0,	2,43	9,26	0,				23,43	87,4	2,73	9,29	0,				19,52	83,3					
28-08-2022 15:37:41						22,31	101,1	2,14	9,57	0,			22,83	80,6	2,35	9,87	0,			22,31	0,	2,32	9,26	0,				23,50	87,	2,69	9,31	0,				19,58	84,					
28-08-2022 15:42:42						22,37	101,1	2,31	9,56	0,			23,02	79,6	2,33	9,87	0,			22,31	0,	2,22	9,26	0,				23,43	87,1	2,5	9,31	0,				19,77	83,6					
28-08-2022 15:47:41						22,37	101,1	2,21	9,55	0,			22,71	79,5	2,29	9,86	0,			22,38	0,	2,4	9,25	0,				23,43	87,2	2,62	9,3	0,				19,65	83,2					
28-08-2022 15:52:42						22,31	101,1	2,12	9,55	0,			22,58	80,4	2,36	9,87	0,			22,50	0,	2,33	9,26	0,				22,81	86,6	2,45	9,3	0,				19,77	83,3					
28-08-2022 15:57:42						22,43	101,1	2,18	9,56	0,			22,52	79,8	2,34	9,87	0,			22,50	0,	2,27	9,26	0,				22,81	87,8	2,24	9,3	0,				19,71	83,1					
28-08-2022 16:02:41						22,37	101,1	2,22	9,57	0,			22,52	80,8	2,35	9,87	0,			22,38	0,	2,88	9,24	0,				22,75	88,1	2,18	9,29	0,				19,77	82,8					
28-08-2022 16:07:42						22,50	101,1	2,7	9,56	0,			22,58	80,6	2,45	9,86	0,			22,69	0,	2,87	9,25	0,				22,56	88,2	2,21	9,3	0,				19,77	82,4					
28-08-2022 16:12:41						22,56	101,1	2,57	9,58	0,			22,58	81,1	2,43	9,87	0,			22,81	0,	2,73	9,25	0,				22,81	88,8	2,17	9,3	0,				19,83	81,9					
28-08-2022 16:17:42						22,56	101,1	2,02	9,57	0,			22,46	80,9	2,38	9,87	0,			22,88	0,	2,77	9,25	0,				22,87	88,6	2,18	9,31	0,				19,83	81,8					
28-08-2022 16:22:41						22,56	101,1	2,15	9,58	0,			22,77	80,6	2,39	9,87	0,			22,94	0,	2,84	9,25	0,				23,25	88,9	2,45	9,29	0,				19,90	82,					
28-08-2022 16:27:43						22,68	101,1	2,51	9,55	0,			22,52	80,6	2,45	9,87	0,			22,88	0,	2,66	9,24	0,				23,62	88,2	2,59	9,3	0,				19,71	82,					
28-08-2022 16:32:40						22,87	101,1	2,71	9,56	0,			22,71	81,8	2,37	9,87	0,			22,81	0,	2,25	9,25	0,				23,81	87,6	2,7	9,31	0,				19,77	82,					
28-08-2022 16:37:41						23,25	101,1	2,54	9,56	0,			22,71	80,9	2,56	9,87	0,			22,75	0,	2,37	9,26	0,				23,62	87,	2,54	9,3	0,				19,58	82,4					
28-08-2022 16:42:41						23,06	101,1	2,49	9,56	0,			22,71	80,2	2,36	9,87	0,			22,75	0,	2,2	9,25	0,				23,50	87,1	2,53	9,3	0,				19,65	83,2					
28-08-2022 16:47:40						22,87	101,1	2,55	9,58	0,			22,46	80,2	2,39	9,88	0,			22,81	0,	2,82	9,25	0,				23,75	87,	2,62	9,3	0,				19,40	83,2					
28-08-2022 16:52:42						22,81	101,1	2,58	9,55	0,			22,58	80,	2,49	9,87	0,			22,88	0,	2,64	9,26	0,				23,75	87,2	2,85	9,31	0,				19,40	83,3					
28-08-2022 16:57:41						22,43	101,1	2,07	9,58	0,			22,65	80,3	2,47	9,87	0,			22,88	0,	2,23	9,26	0,				23,75	87,2	2,41	9,29	0,				19,46	83,4					
28-08-2022 17:02:43						22,68	101,1	1,97	9,54	0,			22,65	80,2	2,4	9,87	0,			22,88	0,	2,21	9,26	0,				23,50	86,6	2,48	9,31	0,				19,71	83,6					
28-08-2022 17:07:41						22,87	101,1	2,52	9,55	0,			22,77	80,6	2,48	9,87	0,			22,81	0,	2,9	9,25	0,				23,56	87,	2,62	9,31	0,				19,65	82,9					
28-08-2022 17:12:42						22,75	101,1	2,38	9,57	0,			22,83	79,8	2,49	9,87	0,			22,75	0,	2,75	9,25	0,				23,25	86,	2,19	9,29	0,				19,52	82,8					
28-08-2022 17:17:41						22,75	101,1	2,47	9,58	0,			22,77	80,2	2,29	9,87	0,			22,81	0,	2,89	9,26	0,				23,18	87,4	2,33	9,3	0,				19,33	82,8					
28-08-2022 17:22:41						22,68	101,1	2,24	9,55	0,			22,52	79,4	2,3	9,86	0,			22,63	0,	2,33	9,26	0,				23,00	87,4	2,07	9,3	0,				19,27	82,8					
28-08-2022 17:27:43						22,50	101,1	2,15	9,56	0,			22,27	79,9	2,56	9,87	0,			22,56	0,	2,42	9,25	0,				23,00	87,8	2,37	9,31	0,				19,46	82,8					
28-08-2022 17:32:41						22,43	101,1	2,25	9,56	0,			22,40	80,1	2,31	9,87	0,			22,56	0,	2,4	9,25	0,				22,87	86,2	2,23	9,28	0,				19,46	82,8					
28-08-2022 17:37:42						22,31	101,1	2,12	9,57	0,			22,33	79,8	2,43	9,86	0,			22,50	0,	2,25	9,25	0,				22,87	87,4	2,33	9,3	0,				19,58	82,6					
28-08-2022 17:42:41						22,37	101,1	2,46	9,57	0,			22,52	80,2	2,43	9,87	0,			22,38	0,	2,27	9,26	0,				23,00	87,4	2,21	9,3	0,				19,52	82,					
28-08-2022 17:47:42						22,68	101,1	2,43	9,56	0,			22,33	79,8	2,34	9,87	0,			22,63	0,	2,31	9,25	0,				23,56	87,4	2,56	9,31	0,				19,52	81,					
28-08-2022 17:52:40						22,68	101,1	2,01	9,56	0,			22,46	80,6	2,26	9,86	0,			22,50	0,	2,27	9,25	0,				23,68	86,3	2,39	9,31	0,				19,77	81,					
28-08-2022 17:57:42						22,37	101,1	2,12	9,57	0,			22,65	81,8	2,29	9,87	0,			22,50	0,	2,65	9,25	0,				23,68	86,2	2,83	9,3	0,				19,77	80,4					
28-08-2022 18:02:41						22,50	101,1	2,25	9,56	0,			22,71	82,6	2,31	9,87	0,			22,38	0,	2,29	9,25	0,				23,81	86,1	2,61	9,3	0,				19,46	80,5					
28-08-2022 18:07:42						22,62	101,1	2,23	9,56	0,			22,46	82,2	2,57	9,87	0,			22,44	0,	2,34	9,25	0,				23,81	86,2	2,69	9,3	0,				19,33	81,					
28-08-2022 18:12:42						22,43	101,1	2,75	9,56	0,			22,33	81,8	2,29	9,86	0,			22,50	0,	2,27	9,26	0,				23,37	84,6	2,47	9,32	0,				19,27	82,					
28-08-2022 18:17:40						22,12	101,1	2,22	9,54	0,			22,21	81,1	2,52	9,86	0,			22,38	0,	2,27	9,26	0,				22,75	85,	2,19	9,29	0,				19,27	82,1					
28-08-2022 18:22:42						22,37	101,1	2,2	9,59	0,			22,08	81,4	2,24	9,86	0,			22,38	0,	2,59	9,26	0,				23,00	87,4	2,34	9,29	0,				19,46	82,4					
28-08-2022 18:27:41						22,12	101,1	2,23	9,55	0,			22,21	80,7	2,44	9,86	0,			22,19	0,	2,25	9,26	0,				22,87	87,2	2,18	9,3	0,				19,40	82,4					
28-08-2022 18:32:42						22,12	101,1	2,09	9,57	0,			22,08	81,4	2,25	9,87	0,			22,06	0,	2,16	9,25	0,				22,50	87,7	2,24	9,31	0,				19,33	82,					
28-08-2022 18:37:41						22,12	101,1	2,16	9,57	0,			22,15	80,3	2,43	9,87	0,			21,94	0,	2,21	9,25	0,				22,50	88,1	2,26	9,29	0,				19,58	82,1					
28-08-2022 18:42:42						22,00	101,1	2,16	9,54	0,			22,08	80,5	2,33	9,87	0,			21,88	0,	2,32	9,25	0,				22,31	87,8	2,2	9,3	0,				19,40	81,9					
28-08-2022 18:47:41						22,00	101,1	1,95	9,54	0,			21,90	79,8	2,49	9,86	0,			21,88	0,	2,4	9,26	0,				22,37	88,2	2,25	9,3	0,				19,27	82,					
28-08-2022 18:52:42						21,93	101,1	2,28	9,56	0,			21,77	79,6	2,23	9,86	0,			21,75	0,	2,35	9,24	0,				22,18	87,8	2,2	9,3	0,				19,27	81,2					
28-08-2022 18:57:42						21,87	101,1	2,26	9,56	0,			21,83	79,4	2,4	9,87	0,			21,75	0,	2,33	9,25	0,				22,06	87,8	2,34	9,29	0,				19,21	81,2					
28-08-2022 19:02:41						21,81	101,1	2,05	9,53	0,			21,83	79,5	2,48	9,86	0,			21,56	0,	2,36	9,26	0,				22,12	87,4	2,29	9,29	0,				19,21	81,7					
28-08-2022 19:07:42						21,81	101,1	2,2	9,58	0,			21,77	79,3	2,38	9,87	0,			21,63	0,	2,27	9,25	0,				21,87	87,4	2,24	9,3	0,				19,27	82,1					
28-08-2022 19:12:41						21,87	101,1	2,08	9,58	0,			21,83	79,4	2,35	9,87	0,			21,56	0,	2,29	9,25	0,				21,93	87,4	2,28	9,3	0,				19,21	82,8					
28-08-2022 19:17:42						21,87	101,1	2,27	9,56	0,			21,71	79,8	2,28	9,86	0,			21,63	0,	2,29	9,26	0,				22,06	87,6	2,21	9,3	0,				19,15	82,8					
28-08-2022 19:22:42						21,81	101,1	2,05	9,55	0,			21,90	79,8	2,18	9,86	0,			21,69	0,	2,28	9,25	0,				22,06	87,4	2,1	9,29	0,				19,02	82,8					
28-08-2022 19:27:42						21,87	101,1	2,22	9,61	0,			21,90	79,4	2,38	9,86	0,			21,63	0,	2,31	9,25	0,				22,00	87,7	2,25	9,31	0,				19,15	83,6					
28-08-2022 19:32:40						21,87	101,1	2,09	9,57	0,			21,83	79,4	2,39	9,87	0,			21,75	0,	2,39	9,26	0,				21,87	87,1	2,38	9,3	0,				19,15	83,6					
28-08-2022 19:37:42						21,75	101,1	2,19	9,57	0,			21,90	79,1	2,43	9,86	0,			21,75	0,	2,36	9,25	0,				22,00	87,4	2,15	9,29	0,				19,15	83,7					
28-08-2022 19:42:43						21,81	101,1	2,08	9,6	0,			21,90	79,4	2,38	9,86	0,			21,63	0,	2,21	9,26	0,				22,06	87,4	2,08	9,29	0,				18,83	83,6					
28-08-2022 19:47:41						21,68	101,1	2,11	9,58	0,			21,71	78,8	2,38	9,86	0,			21,63	0,	2,21	9,26	0,				21,81	87,1	2,15	9,28	0,				18,77	84,					
28-08-2022 19:52:41						21,68	101,1	2,08	9,59	0,			21,90	79,	2,45	9,86	0,			21,75	0,	2,29	9,25	0,				21,75	87,2	2,26	9,3	0,				18,71	84,5					
28-08-2022 19:57:41						21,62	101,1	2,09	9,53	0,			21,77	79,	2,42	9,86	0,			21,63	0,	2,23	9,25	0,				22,06	87,4	2,16	9,31	0,				18,58	85,					
28-08-2022 20:02:42						21,75	101,1	2,31	9,56	0,			21,77	79,	2,49	9,87	0,			21,56	0,	2,4	9,25	0,				21,93	86,6	2,29	9,3	0,				18,58	85,1					
28-08-2022 20:07:41						21,75	101,1	2,19	9,59	0,			21,71	78,6	2,25	9,86	0,			21,63	0,	2,33	9,25	0,				21,68	87,	2,24	9,29	0,				18,65	85,2					
28-08-2022 20:12:42						21,68	101,1	2,22	9,59	0,			21,96	79,8	2,53	9,87	0,			21,63	0,	2,33	9,25	0,				22,06	86,8	2,24	9,3	0,				18,46	85,4					
28-08-2022 20:17:41						21,75	101,1	2,2	9,56	0,			21,96	79,8	2,47	9,86	0,			21,50	0,	2,23	9,25	0,				21,87	86,4	2,42	9,31	0,				18,52	85,6					
28-08-2022 20:22:42						21,75	101,1	2,13	9,55	0,			21,65	79,	2,29	9,86	0,			21,50	0,	2,44	9,24	0,				21,87	86,	2,18	9,3	0,				18,40	86,					
28-08-2022 20:27:41						21,62	101,1	2,06	9,55	0,			21,58	79,	2,41	9,86	0,			21,38	0,	2,26	9,25	0,				21,75	86,4	2,27	9,3	0,				18,33	86,4					
28-08-2022 20:32:41						21,62	101,1	2,05	9,55	0,			21,40	79,1	2,27	9,86	0,			21,31	0,	2,33	9,25	0,				21,68	86,	2,13	9,29	0,				18,33	86,4					
28-08-2022 20:37:42						21,62	101,1	2,	9,56	0,			21,27	79,4	2,46	9,87	0,			21,25	0,	2,29	9,25	0,				21,75	86,4	2,3	9,3	0,				18,27	86,4					
28-08-2022 20:42:40						21,56	101,1	1,95	9,56	0,			21,33	79,7	2,37	9,86	0,			21,19	0,	2,27	9,26	0,				21,62	86,2	2,31	9,29	0,				18,15	86,5					
28-08-2022 20:47:42						21,37	101,1	2,24	9,56	0,			21,21	79,	2,34	9,86	0,			21,13	0,	2,24	9,26	0,				21,56	86,2	2,23	9,29	0,				18,08	86,8					
28-08-2022 20:52:41						21,31	101,1	2,1	9,56	0,			21,08	79,4	2,33	9,87	0,			21,13	0,	2,37	9,26	0,				21,50	86,6	2,43	9,3	0,				18,08	86,8					
28-08-2022 20:57:42						21,25	101,1	2,23	9,54	0,			21,15	79,2	2,38	9,87	0,			21,06	0,	2,27	9,24	0,				21,37	86,4	2,08	9,28	0,				18,02	86,5					
28-08-2022 21:02:41						21,25	101,1	2,23	9,59	0,			21,08	79,4	2,45	9,86	0,			21,13	0,	2,34	9,25	0,				21,31	86,2	2,22	9,3	0,				17,96	86,7					
28-08-2022 21:07:42						21,18	101,1	2,18	9,57	0,			20,90	79,1	2,36	9,87	0,			21,00	0,	2,46	9,24	0,				21,25	86,4	2,29	9,3	0,				17,90	86,8					
28-08-2022 21:12:41						21,00	101,1	2,05	9,55	0,			20,83	79,6	2,45	9,86	0,			20,94	0,	2,39	9,25	0,				21,18	86,2	2,18	9,3	0,				17,90	86,9					
28-08-2022 21:17:40						20,93	101,1	2,14	9,53	0,			20,83	79,3	2,31	9,86	0,			20,88	0,	2,34	9,25	0,				21,25	86,6	2,23	9,28	0,				17,77	87,					
28-08-2022 21:22:42						20,87	101,1	2,27	9,57	0,			20,65	79,8	2,38	9,86	0,			20,81	0,	2,14	9,25	0,				21,06	86,2	2,29	9,29	0,				17,71	86,8					
28-08-2022 21:27:41						20,81	101,1	2,15	9,57	0,			20,65	79,4	2,4	9,87	0,			20,81	0,	2,43	9,25	0,				21,00	86,3	2,33	9,29	0,				17,71	87,2					
28-08-2022 21:32:42						20,87	101,1	2,08	9,58	0,			20,65	80,1	2,39	9,86	0,			20,81	0,	2,38	9,25	0,				21,12	86,6	2,23	9,3	0,				17,71	87,3					
28-08-2022 21:37:41						20,81	101,1	2,07	9,55	0,			20,77	79,9	2,37	9,86	0,			20,69	0,	2,43	9,24	0,				21,18	86,6	2,26	9,29	0,				17,77	87,6					
28-08-2022 21:42:42						20,87	101,1	1,99	9,54	0,			20,83	80,3	2,31	9,86	0,			20,69	0,	2,39	9,25	0,				21,18	86,7	2,29	9,28	0,				17,71	87,6					
28-08-2022 21:47:40						20,81	101,1	2,21	9,57	0,			21,02	80,2	2,34	9,85	0,			20,63	0,	2,28	9,26	0,				21,12	86,4	2,3	9,3	0,				17,77	87,6					
28-08-2022 21:52:42						20,87	101,1	2,1	9,57	0,			20,96	80,2	2,27	9,87	0,			20,75	0,	2,33	9,25	0,				21,12	86,6	2,2	9,3	0,				17,83	88,					
28-08-2022 21:57:42						21,06	101,1	2,22	9,58	0,			20,71	79,6	2,45	9,86	0,			20,75	0,	1,94	9,24	0,				21,31	86,8	2,22	9,3	0,				17,83	88,					
28-08-2022 22:02:40						21,18	101,1	2,32	9,57	0,			20,77	80,4	2,18	9,86	0,			20,88	0,	2,25	9,25	0,				21,31	86,8	2,16	9,28	0,				17,77	87,8					
28-08-2022 22:07:41						20,93	101,1	2,12	9,56	0,			20,77	80,6	2,52	9,86	0,			20,88	0,	2,24	9,25	0,				21,31	87,4	2,37	9,3	0,				17,77	88,					
28-08-2022 22:12:40						20,93	101,1	2,12	9,57	0,			20,58	80,2	2,42	9,85	0,			20,88	0,	2,34	9,23	0,				21,18	87,	2,35	9,28	0,				17,83	88,					
28-08-2022 22:17:41						20,93	101,1	2,3	9,55	0,			20,46	80,6	2,4	9,86	0,			20,81	0,	2,18	9,25	0,				21,25	87,2	2,25	9,3	0,				17,77	87,7					
28-08-2022 22:22:41						21,06	101,1	2,27	9,56	0,			20,58	80,7	2,33	9,85	0,			20,69	0,	2,29	9,25	0,				21,25	87,6	2,08	9,29	0,				17,71	87,5					
28-08-2022 22:27:42						20,87	101,1	2,19	9,56	0,			20,33	80,2	2,42	9,86	0,			20,75	0,	2,31	9,24	0,				21,25	86,6	2,5	9,31	0,				17,58	87,3					
28-08-2022 22:32:42						20,87	101,1	2,3	9,57	0,			20,27	80,2	2,32	9,86	0,			20,63	0,	2,33	9,25	0,				21,00	86,6	2,29	9,29	0,				17,52	87,2					
28-08-2022 22:37:42						20,68	101,1	2,29	9,57	0,			20,21	80,7	2,39	9,86	0,			20,50	0,	2,46	9,25	0,				21,00	86,6	2,24	9,28	0,				17,52	87,2					
28-08-2022 22:42:43						20,56	101,1	2,23	9,57	0,			20,21	80,6	2,34	9,85	0,			20,56	0,	2,32	9,25	0,				20,87	86,6	2,24	9,29	0,				17,52	86,					
28-08-2022 22:47:41						20,50	101,1	2,05	9,57	0,			20,21	81,	2,35	9,85	0,			20,50	0,	2,25	9,24	0,				20,75	86,6	2,2	9,3	0,				17,58	85,					
28-08-2022 22:52:42						20,62	101,1	2,16	9,54	0,			20,15	80,2	2,31	9,85	0,			20,50	0,	2,27	9,25	0,				20,93	86,6	2,12	9,29	0,				17,65	83,7					
28-08-2022 22:57:41						20,75	101,1	2,14	9,53	0,			19,96	80,2	2,39	9,85	0,			20,38	0,	2,41	9,24	0,				20,62	86,2	2,22	9,3	0,				17,77	83,					
28-08-2022 23:02:42						20,87	101,1	2,17	9,57	0,			19,96	80,2	2,34	9,84	0,			20,31	0,	2,28	9,24	0,				20,68	86,6	2,22	9,3	0,				17,90	83,1					
28-08-2022 23:07:41						20,87	101,1	2,07	9,56	0,			20,02	80,6	2,59	9,85	0,			20,31	0,	2,27	9,23	0,				20,62	86,6	2,26	9,29	0,				17,83	83,2					
28-08-2022 23:12:41						20,62	101,1	2,16	9,56	0,			20,27	80,6	2,29	9,85	0,			20,19	0,	2,37	9,24	0,				20,81	87,4	2,23	9,28	0,				17,96	83,3					
28-08-2022 23:17:40						20,37	101,1	2,14	9,58	0,			20,15	80,3	2,43	9,86	0,			20,25	0,	2,32	9,24	0,				20,50	87,	2,27	9,28	0,				17,96	83,					
28-08-2022 23:22:42						20,31	101,1	2,17	9,54	0,			20,08	80,2	2,44	9,85	0,			20,31	0,	2,33	9,24	0,				20,62	87,	2,28	9,29	0,				17,90	82,8					
28-08-2022 23:27:42						20,25	101,1	2,28	9,56	0,			20,02	80,4	2,4	9,85	0,			20,25	0,	2,31	9,23	0,				20,62	87,4	2,25	9,3	0,				17,90	82,6					
28-08-2022 23:32:41						20,18	101,1	2,31	9,56	0,			19,90	80,5	2,31	9,86	0,			20,25	0,	2,19	9,24	0,				21,00	88,8	2,28	9,3	0,				17,77	82,4					
28-08-2022 23:37:41						20,31	101,1	2,27	9,55	0,			19,90	80,7	2,54	9,86	0,			20,31	0,	2,25	9,24	0,				21,56	88,5	2,38	9,28	0,				17,83	82,					
28-08-2022 23:42:42						20,50	101,1	2,14	9,56	0,			20,21	80,9	2,44	9,86	0,			20,56	0,	2,32	9,25	0,				21,37	87,	2,32	9,3	0,				17,77	81,7					
28-08-2022 23:47:42						20,81	101,1	2,09	9,56	0,			20,27	80,2	2,41	9,85	0,			20,75	0,	2,37	9,25	0,				21,31	88,1	2,44	9,29	0,				17,65	80,9					
28-08-2022 23:52:41						20,62	101,1	2,06	9,56	0,			20,08	80,2	2,51	9,85	0,			20,69	0,	2,1	9,24	0,				21,12	87,2	2,28	9,28	0,				17,65	80,4					
28-08-2022 23:57:42						20,62	101,1	2,22	9,55	0,			19,90	79,	2,33	9,85	0,			20,56	0,	2,32	9,24	0,				21,06	88,	2,34	9,29	0,				17,71	80,4					
