Net no:						1	1	1	1	1			1	1	1	1	1			1	1	1	1	1				1	1	1	1	1				1	1					
Object no:						131	141	150	151	152			134	144	159	160	161			133	143	156	157	158				132	142	153	154	155				130	140					
Table no:						0	0	0	0	0			0	0	0	0	0			0	0	0	0	0				0	0	0	0	0				0	0					
Code no:						48	48	48	48	48			48	48	136	136	136			48	48	48	48	48				48	48	48	48	48				48	48					
Calculation:						T	/10	/100	/100	/100			T	/10	/100	/100	/100			T	/10	/100	/100	/100				T	/10	/100	/100	/100				T	/10					
Date/time:	Afp. 1776	Bes. 97184			Stald 1	Temp_stald1	Fugt_stald1	DynamicAir_trinlřs_stald1	Spjćld_trinlřs_stald 1	On/off_stald1		Stald 2	Temp_stald2	Fugt_stald2	DynamicAir_trinlřs_stald2	Spjćld_trinlřs_stald2	On/off_stald2		Stald5	Temp_stald5	Fugt_stald5	DynamicAir_trinlřs_stald5	Spjćld_trinlřs_stald5	On/off_stald 5			Stald6	Temp_stald6	Fugt_stald 6	DynamicAir_trinlřs_stald6	Spjćld_trinlřs_stald6	On/off_stald6			UDE	Temp_ude	Fugt_ude					
04-09-2022 00:02:42						19,06	101,1	2,14	9,55	0,			19,15	75,8	1,55	9,85	0,			18,31	0,	2,17	9,24	0,				19,18	80,4	2,31	9,3	0,				14,21	84,4					
04-09-2022 00:07:42						19,00	101,1	1,97	9,54	0,			18,96	75,6	1,63	9,85	0,			18,25	0,	2,22	9,24	0,				19,56	81,6	2,03	9,28	0,				14,15	84,4					
04-09-2022 00:12:42						19,56	101,1	2,12	9,54	0,			19,33	76,1	1,53	9,86	0,			18,25	0,	2,32	9,24	0,				19,50	80,5	2,2	9,27	0,				14,08	84,8					
04-09-2022 00:17:42						19,56	101,1	2,14	9,56	0,			19,46	75,5	1,85	9,86	0,			18,31	0,	2,28	9,24	0,				19,87	81,9	2,28	9,28	0,				13,90	85,1					
04-09-2022 00:22:41						19,43	101,1	2,28	9,58	0,			19,46	76,2	1,77	9,85	0,			18,31	0,	2,43	9,24	0,				20,25	82,3	2,17	9,28	0,				13,71	85,2					
04-09-2022 00:27:41						19,31	101,1	2,26	9,56	0,			19,21	75,5	1,72	9,86	0,			18,44	0,	2,45	9,24	0,				20,25	84,	2,13	9,28	0,				13,65	85,6					
04-09-2022 00:32:43						19,25	101,1	2,24	9,54	0,			19,15	75,8	1,8	9,85	0,			18,38	0,	2,33	9,23	0,				19,56	83,	2,37	9,31	0,				13,46	85,6					
04-09-2022 00:37:41						19,12	101,1	2,21	9,54	0,			18,83	75,4	1,81	9,85	0,			18,19	0,	2,37	9,24	0,				19,06	82,2	2,1	9,29	0,				13,65	86,4					
04-09-2022 00:42:41						19,56	101,1	2,27	9,56	0,			19,02	76,2	1,77	9,84	0,			18,19	0,	2,43	9,24	0,				18,87	83,	2,26	9,28	0,				13,71	86,2					
04-09-2022 00:47:41						19,43	101,1	2,15	9,52	0,			19,27	77,	1,73	9,86	0,			18,38	0,	2,24	9,23	0,				18,75	82,3	2,35	9,29	0,				13,65	85,6					
04-09-2022 00:52:42						19,56	101,1	2,04	9,52	0,			19,46	77,8	2,13	9,85	0,			18,75	0,	2,22	9,24	0,				18,62	82,3	2,17	9,3	0,				13,77	85,6					
04-09-2022 00:57:43						19,12	101,1	2,11	9,56	0,			19,40	77,8	2,24	9,85	0,			19,00	0,	2,32	9,25	0,				18,31	82,2	2,4	8,97	0,				13,65	85,3					
04-09-2022 01:02:41						19,06	101,1	2,32	9,54	0,			19,21	77,6	2,04	9,85	0,			18,88	0,	2,32	9,24	0,				18,37	83,4	2,35	8,91	0,				13,40	85,6					
04-09-2022 01:07:41						19,00	101,1	2,36	9,54	0,			18,83	77,1	2,1	9,85	0,			18,63	0,	2,32	9,23	0,				18,18	82,2	2,34	8,9	0,				13,21	86,					
04-09-2022 01:12:41						18,62	101,1	2,3	9,54	0,			18,52	77,2	1,77	9,86	0,			18,25	0,	2,23	9,24	0,				18,12	82,7	2,42	8,54	0,				13,40	86,4					
04-09-2022 01:17:42						18,37	101,1	2,25	9,53	0,			18,27	77,3	1,28	9,85	0,			18,13	0,	2,27	9,	0,				18,06	82,7	2,43	8,37	0,				13,40	86,1					
04-09-2022 01:22:41						18,00	101,1	2,22	9,56	0,			18,33	77,5	1,22	9,44	0,			17,88	0,	2,48	8,48	0,				18,06	83,	2,52	8,12	0,				13,15	86,1					
04-09-2022 01:27:42						18,06	101,1	2,31	9,38	0,			18,33	77,3	1,08	8,95	0,			17,69	0,	2,57	8,2	0,				18,25	82,6	2,52	8,03	0,				13,08	86,4					
04-09-2022 01:32:41						17,81	101,1	2,2	9,56	0,			18,46	77,5	0,75	8,2	0,			17,56	0,	2,46	8,21	0,				18,00	82,8	2,17	7,97	0,				12,77	86,4					
04-09-2022 01:37:43						17,81	101,1	2,19	9,32	0,			18,71	77,4	0,67	7,22	0,			17,38	0,	2,02	7,81	0,				18,31	82,7	2,21	7,97	0,				12,52	86,4					
04-09-2022 01:42:41						17,68	101,1	2,23	9,14	0,			18,58	77,	0,65	7,23	0,			17,25	0,	2,05	7,42	0,				18,06	82,7	2,22	7,96	0,				12,33	86,8					
04-09-2022 01:47:42						17,68	101,1	2,21	9,32	0,			18,65	77,	0,62	6,58	0,			17,25	0,	1,84	7,42	0,				18,00	82,2	2,39	7,97	0,				12,46	87,2					
04-09-2022 01:52:41						17,68	101,1	2,3	9,27	0,			18,65	76,6	0,64	6,58	0,			17,19	0,	1,81	7,2	0,				17,75	82,	2,41	7,97	0,				12,27	87,2					
04-09-2022 01:57:41						17,62	101,1	2,41	9,02	0,			18,65	77,3	0,6	6,16	0,			17,19	0,	1,6	6,96	0,				17,68	82,	2,09	7,97	0,				12,21	87,5					
04-09-2022 02:02:41						17,62	101,1	2,42	8,66	0,			18,65	76,9	0,61	5,95	0,			17,19	0,	1,53	6,97	0,				17,87	81,9	2,13	7,97	0,				11,96	87,5					
04-09-2022 02:07:41						17,56	101,1	2,43	8,42	0,			18,65	76,6	0,61	5,68	0,			17,13	0,	1,6	6,98	0,				17,50	81,3	2,22	8,14	0,				11,83	87,7					
04-09-2022 02:12:41						17,43	101,1	2,32	8,24	0,			18,71	76,6	0,6	5,49	0,			17,13	0,	1,51	6,81	0,				17,75	81,9	2,3	8,14	0,				11,83	88,					
04-09-2022 02:17:40						17,62	101,1	2,13	7,95	0,			18,65	76,7	0,58	5,48	0,			17,19	0,	1,41	6,65	0,				17,81	81,8	2,09	8,15	0,				11,96	88,4					
04-09-2022 02:22:42						17,68	101,1	2,02	7,93	0,			18,71	76,2	0,6	5,28	0,			17,25	0,	1,26	6,65	0,				17,68	82,4	2,11	8,15	0,				11,83	88,4					
04-09-2022 02:27:42						17,56	101,1	2,4	8,2	0,			18,77	77,	0,57	5,07	0,			17,31	0,	1,29	6,64	0,				17,68	82,4	2,28	8,15	0,				11,90	88,8					
04-09-2022 02:32:41						17,50	101,1	2,4	8,32	0,			18,65	76,6	0,58	4,67	0,			17,31	0,	1,23	6,65	0,				17,87	82,3	2,47	8,15	0,				11,96	88,8					
04-09-2022 02:37:42						17,56	101,1	2,36	8,25	0,			18,65	76,4	0,56	4,48	0,			17,31	0,	1,33	6,64	0,				17,81	82,3	2,19	8,12	0,				11,96	89,					
04-09-2022 02:42:40						17,50	101,1	2,23	8,44	0,			18,83	76,7	0,64	4,01	0,			17,38	0,	1,45	6,81	0,				17,37	81,5	2,36	8,3	0,				11,96	89,2					
04-09-2022 02:47:41						17,50	101,1	2,58	8,78	0,			18,96	76,9	0,55	3,72	0,			17,31	0,	1,32	6,81	0,				17,43	82,	2,21	8,32	0,				12,02	89,4					
04-09-2022 02:52:41						17,37	101,1	2,21	8,63	0,			18,71	76,2	0,59	3,44	0,			17,25	0,	1,61	6,94	0,				17,81	82,7	2,41	8,32	0,				11,96	89,6					
04-09-2022 02:57:41						17,25	101,1	2,45	8,98	0,			18,90	76,6	0,51	3,15	0,			17,25	0,	1,6	7,3	0,				17,31	81,9	2,28	8,11	0,				11,96	89,6					
04-09-2022 03:02:40						17,37	101,1	2,37	8,99	0,			18,83	76,6	0,55	2,9	0,			17,06	0,	1,9	7,3	0,				17,50	82,3	2,01	8,03	0,				12,02	89,7					
04-09-2022 03:07:41						17,43	101,1	2,17	9,35	0,			18,90	76,6	0,56	2,32	0,			17,00	0,	1,9	7,49	0,				17,62	82,7	2,05	7,98	0,				11,83	89,7					
04-09-2022 03:12:42						17,31	101,1	2,4	9,4	0,			18,90	77,	0,55	2,51	0,			16,94	0,	2,1	7,5	0,				17,68	82,1	2,17	7,98	0,				11,83	89,9					
04-09-2022 03:17:41						17,37	101,1	2,09	9,38	0,			18,90	77,	0,5	2,24	0,			16,81	0,	2,1	7,49	0,				17,87	82,4	2,2	7,8	0,				11,83	90,					
04-09-2022 03:22:41						17,31	101,1	2,12	9,53	0,			18,71	76,2	0,5	1,67	0,			16,88	0,	2,09	7,5	0,				17,81	82,7	2,24	7,81	0,				11,83	90,					
04-09-2022 03:27:41						17,31	101,1	2,17	9,57	0,			18,77	77,	0,47	1,32	0,			16,75	0,	2,08	7,49	0,				17,56	82,3	2,12	7,79	0,				11,90	90,4					
04-09-2022 03:32:42						17,31	101,1	2,38	9,55	0,			18,83	77,1	0,47	1,03	0,			16,75	0,	2,	7,5	0,				17,68	82,7	2,32	7,9	0,				11,90	90,4					
04-09-2022 03:37:40						17,25	101,1	2,39	9,54	0,			19,08	78,1	0,47	0,63	0,			16,75	0,	1,87	7,5	0,				17,87	83,	2,2	8,	0,				11,96	90,4					
04-09-2022 03:42:42						17,37	101,1	2,21	9,55	0,			19,15	77,4	0,47	0,11	0,			16,88	0,	1,72	7,5	0,				17,68	83,1	2,23	8,04	0,				12,08	90,8					
04-09-2022 03:47:41						17,37	101,1	2,28	9,57	0,			19,02	77,	0,47	0,08	0,			16,75	0,	1,86	7,25	0,				17,56	82,7	2,46	8,11	0,				11,90	90,6					
04-09-2022 03:52:43						17,37	101,1	2,28	9,55	0,			19,21	77,4	0,47	0,09	0,			16,81	0,	1,55	7,26	0,				17,62	82,8	2,38	8,11	0,				11,90	90,5					
04-09-2022 03:57:42						17,50	101,1	2,16	9,55	0,			19,08	77,3	0,47	0,09	0,			16,81	0,	1,68	7,25	0,				17,56	82,7	2,24	8,1	0,				11,83	90,7					
04-09-2022 04:02:41						17,06	101,1	2,35	9,56	0,			19,08	76,3	0,47	0,08	0,			16,81	0,	1,73	7,25	0,				17,75	82,4	2,21	8,12	0,				11,83	90,8					
04-09-2022 04:07:41						17,18	101,1	2,29	9,09	0,			19,02	77,	3,4	8,69	25,5			16,69	0,	1,82	7,24	0,				17,62	82,3	2,17	8,11	0,				11,71	90,8					
04-09-2022 04:12:41						17,18	101,1	2,39	8,89	0,			18,90	76,2	2,8	9,84	25,5			16,75	0,	1,72	6,97	0,				17,56	82,2	2,21	8,1	0,				11,77	90,9					
04-09-2022 04:17:41						17,18	101,1	2,46	8,73	0,			19,02	76,4	2,46	9,85	25,5			16,94	0,	1,56	6,97	0,				17,43	83,1	2,11	8,1	0,				11,83	91,					
04-09-2022 04:22:41						17,06	101,1	2,33	8,67	0,			19,21	76,6	2,42	9,84	25,5			17,06	0,	1,58	6,97	0,				17,56	83,	2,38	8,12	0,				11,77	90,8					
04-09-2022 04:27:41						17,00	101,1	2,34	8,56	0,			19,08	76,6	2,27	9,84	25,5			17,13	0,	1,47	6,97	0,				17,18	82,7	2,23	7,89	0,				11,77	90,8					
04-09-2022 04:32:41						17,06	101,1	2,3	9,01	0,			19,33	76,2	2,05	9,84	25,5			17,06	0,	1,45	6,79	0,				17,31	83,	2,24	7,8	0,				11,71	90,8					
04-09-2022 04:37:42						17,12	101,1	2,27	9,1	0,			19,46	76,2	2,04	9,85	25,5			17,13	0,	1,28	6,57	0,				17,31	82,7	2,03	7,73	0,				11,58	90,8					
04-09-2022 04:42:42						17,12	101,1	2,41	9,11	0,			19,21	75,9	2,01	9,85	25,5			17,19	0,	1,25	6,57	0,				17,31	82,6	2,05	7,72	0,				11,46	90,8					
04-09-2022 04:47:40						17,00	101,1	2,48	9,43	0,			19,40	76,	1,92	9,84	25,5			17,25	0,	1,1	6,57	0,				17,37	82,7	1,74	7,53	0,				11,52	91,					
04-09-2022 04:52:42						16,87	101,1	2,19	9,42	0,			19,46	75,7	1,81	9,85	25,5			17,19	0,	1,1	6,57	0,				17,37	82,7	1,65	7,52	0,				11,52	91,1					
04-09-2022 04:57:41						17,06	101,1	2,27	9,22	0,			19,52	76,2	1,85	9,85	25,5			17,31	0,	0,97	6,33	0,				17,43	82,7	1,82	7,5	0,				11,33	91,					
04-09-2022 05:02:42						17,00	101,1	2,18	9,13	0,			19,46	75,4	1,73	9,85	25,5			17,19	0,	0,96	6,33	0,				17,43	82,2	1,82	7,5	0,				11,27	91,2					
04-09-2022 05:07:41						16,75	101,1	2,51	8,42	0,			19,52	76,	1,58	9,84	25,5			17,19	0,	0,93	6,32	0,				17,37	82,3	1,8	7,51	0,				11,46	91,3					
04-09-2022 05:12:42						16,75	101,1	2,38	8,31	0,			19,71	76,6	1,53	9,85	25,5			17,25	0,	0,96	6,33	0,				17,31	82,5	1,97	7,49	0,				11,71	91,6					
04-09-2022 05:17:41						16,75	101,1	2,39	8,04	0,			19,83	75,9	1,49	9,85	25,5			17,25	0,	0,85	6,33	0,				17,25	83,	1,81	7,65	0,				11,71	91,6					
04-09-2022 05:22:41						16,75	101,1	2,2	7,94	0,			19,71	76,2	1,58	9,85	25,5			17,38	0,	0,91	6,32	0,				17,37	83,8	2,06	7,74	0,				11,71	91,6					
04-09-2022 05:27:42						16,93	101,1	2,07	7,88	0,			19,77	76,4	1,59	9,85	25,5			17,25	0,	0,91	6,33	0,				17,18	83,4	2,01	7,75	0,				11,71	91,5					
04-09-2022 05:32:40						17,00	101,1	2,05	7,89	0,			19,77	76,2	1,5	9,84	25,5			17,38	0,	1,2	6,32	0,				17,56	84,2	2,13	7,81	0,				11,77	91,6					
04-09-2022 05:37:42						17,00	101,1	1,95	7,85	0,			19,71	76,3	1,6	9,85	25,5			17,25	0,	1,23	6,63	0,				17,50	83,4	2,14	7,8	0,				11,96	92,					
04-09-2022 05:42:41						17,00	101,1	2,23	8,08	0,			19,71	76,2	1,56	9,85	25,5			17,19	0,	1,21	6,61	0,				17,56	83,8	1,95	7,8	0,				12,15	91,8					
04-09-2022 05:47:41						17,06	101,1	2,29	8,24	0,			19,77	76,6	1,52	9,85	25,5			17,00	0,	1,41	6,62	0,				17,56	84,	1,88	7,69	0,				12,08	91,9					
04-09-2022 05:52:41						16,93	101,1	2,51	8,43	0,			20,27	76,6	1,5	9,85	25,5			17,06	0,	1,34	6,62	0,				17,68	84,	1,81	7,69	0,				11,96	91,6					
04-09-2022 05:57:41						16,93	101,1	2,3	8,56	0,			20,27	77,	1,57	9,84	25,5			17,13	0,	1,23	6,62	0,				17,43	84,	2,05	7,73	0,				12,02	91,6					
04-09-2022 06:02:41						17,00	101,1	2,6	8,43	0,			20,15	76,6	1,47	9,84	25,5			17,06	0,	1,24	6,62	0,				17,68	84,2	1,96	7,74	0,				12,08	92,					
04-09-2022 06:07:43						16,87	101,1	2,45	8,82	0,			20,02	77,	1,62	9,84	25,5			17,25	0,	1,16	6,62	0,				17,50	84,	1,97	7,74	0,				12,08	92,					
04-09-2022 06:12:41						17,06	101,1	2,46	8,86	0,			20,02	76,6	1,63	9,84	25,5			17,25	0,	1,24	6,61	0,				17,62	84,6	2,04	7,74	0,				12,15	91,6					
04-09-2022 06:17:42						17,31	101,1	2,27	8,84	0,			19,96	76,6	1,59	9,84	25,5			17,13	0,	1,24	6,61	0,				17,43	84,6	2,08	7,75	0,				12,27	91,8					
04-09-2022 06:22:42						17,06	101,1	2,39	8,83	0,			20,08	77,	1,58	9,84	25,5			17,13	0,	1,31	6,62	0,				17,62	84,2	2,03	7,73	0,				12,27	91,7					
04-09-2022 06:27:40						17,18	101,1	2,33	8,85	0,			19,90	77,2	1,61	9,84	25,5			17,31	0,	1,28	6,62	0,				17,37	84,3	2,27	7,74	0,				12,21	91,6					
04-09-2022 06:32:41						17,18	101,1	2,46	8,86	0,			19,83	76,7	1,61	9,85	25,5			17,25	0,	1,1	6,62	0,				17,68	84,7	2,07	7,86	0,				12,21	91,6					
04-09-2022 06:37:41						17,06	101,1	2,39	8,84	0,			19,83	76,6	1,63	9,85	25,5			17,13	0,	1,3	6,62	0,				17,50	84,2	1,93	7,9	0,				12,15	91,6					
04-09-2022 06:42:41						17,00	101,1	2,6	8,84	0,			19,71	76,6	1,64	9,85	25,5			17,13	0,	1,14	6,62	0,				17,50	85,	2,14	7,92	0,				12,21	91,6					
04-09-2022 06:47:41						17,00	101,1	2,41	8,5	0,			19,90	76,8	1,83	9,84	25,5			17,19	0,	1,49	6,88	0,				17,50	85,	2,27	7,93	0,				12,27	91,3					
04-09-2022 06:52:42						17,00	101,1	2,37	8,87	0,			19,90	76,2	1,79	9,84	25,5			17,25	0,	1,38	6,89	0,				17,56	84,6	2,06	7,92	0,				12,33	91,5					
04-09-2022 06:57:42						17,12	101,1	2,3	9,01	0,			19,77	76,6	1,86	9,85	25,5			17,13	0,	1,66	6,9	0,				17,56	85,	2,05	7,9	0,				12,27	91,2					
04-09-2022 07:02:41						17,18	101,1	2,23	9,34	0,			19,77	76,7	1,83	9,85	25,5			17,19	0,	1,68	6,89	0,				17,56	85,1	2,31	8,03	0,				12,46	91,2					
04-09-2022 07:07:42						17,06	101,1	2,43	9,54	0,			19,96	77,4	1,77	9,84	25,5			17,00	0,	1,79	7,33	0,				17,68	85,4	2,47	8,2	0,				12,46	90,9					
04-09-2022 07:12:40						17,00	101,1	2,23	9,51	0,			20,21	76,8	1,94	9,85	25,5			17,00	0,	1,8	7,32	0,				17,68	85,2	2,45	8,43	0,				12,58	90,8					
04-09-2022 07:17:41						16,87	101,1	2,39	9,54	0,			20,21	77,5	1,83	9,84	25,5			17,06	0,	2,06	7,33	0,				17,68	85,8	2,3	8,62	0,				12,58	90,7					
04-09-2022 07:22:40						16,93	101,1	2,29	9,53	0,			19,90	77,	1,9	9,84	25,5			17,19	0,	1,79	7,32	0,				17,56	85,4	2,39	8,7	0,				12,83	90,8					
04-09-2022 07:27:42						17,00	101,1	2,13	9,52	0,			19,83	77,3	1,81	9,84	25,5			17,31	0,	2,16	8,	0,				17,68	86,3	2,1	8,69	0,				13,02	90,4					
04-09-2022 07:32:40						17,00	101,1	2,42	9,53	0,			19,96	77,8	1,77	9,84	25,5			17,44	0,	2,56	8,2	0,				17,62	86,2	2,72	8,25	0,				13,02	90,					
04-09-2022 07:37:42						16,93	101,1	2,3	9,55	0,			19,83	76,6	1,93	9,85	25,5			17,13	0,	2,55	8,56	0,				17,75	85,9	2,27	7,99	0,				13,15	89,9					
04-09-2022 07:42:41						17,00	101,1	2,27	9,54	0,			20,02	76,9	1,99	9,85	25,5			17,25	0,	2,41	8,8	0,				17,75	86,3	2,27	8,	0,				13,46	89,6					
04-09-2022 07:47:40						17,06	101,1	2,17	9,57	0,			19,96	78,1	1,98	9,84	25,5			17,31	0,	2,21	9,22	0,				17,75	86,4	1,99	7,99	0,				13,71	89,					
04-09-2022 07:52:42						17,12	101,1	2,28	9,55	0,			20,02	77,4	2,07	9,84	25,5			17,44	0,	2,44	9,22	0,				18,06	86,8	2,16	8,	0,				13,90	88,4					
04-09-2022 07:57:40						17,37	101,1	2,22	9,55	0,			19,96	77,	2,1	9,85	25,5			17,38	0,	2,4	9,22	0,				17,87	86,4	2,28	8,18	0,				14,15	88,					
04-09-2022 08:02:42						17,68	101,1	2,18	9,52	0,			19,96	78,	2,05	9,85	25,5			17,25	0,	2,42	8,9	0,				18,18	86,9	2,48	8,54	0,				14,33	87,6					
04-09-2022 08:07:40						17,62	101,1	2,12	9,56	0,			20,33	78,8	2,32	9,84	25,5			17,31	0,	2,42	8,4	0,				17,87	86,6	2,36	9,14	0,				14,58	86,8					
04-09-2022 08:12:42						17,87	101,1	2,26	9,54	0,			20,21	77,	2,22	9,85	25,5			17,31	0,	2,54	8,41	0,				17,93	87,4	2,34	9,28	0,				14,71	86,4					
04-09-2022 08:17:41						17,93	101,1	2,02	9,53	0,			20,40	78,3	2,32	9,85	25,5			17,63	0,	2,62	8,17	0,				18,25	87,4	2,35	9,29	0,				14,83	85,6					
04-09-2022 08:22:41						18,68	101,1	2,04	9,54	0,			21,02	78,6	2,67	9,85	25,5			17,88	0,	2,41	8,95	0,				18,25	87,4	2,12	9,28	0,				14,96	84,8					
04-09-2022 08:27:42						19,06	101,1	2,07	9,52	0,			21,15	80,6	2,8	9,85	25,5			18,38	0,	2,1	9,23	0,				18,31	87,	2,14	9,28	0,				15,08	84,5					
04-09-2022 08:32:40						18,75	101,1	2,13	9,54	0,			21,33	81,	3,04	9,84	25,5			18,81	0,	2,35	9,23	0,				18,43	87,4	2,24	9,28	0,				15,40	84,8					
04-09-2022 08:37:41						18,75	101,1	1,95	9,55	0,			21,02	81,	0,52	2,99	0,			18,94	0,	2,25	9,23	0,				19,12	87,8	2,46	9,3	0,				15,58	84,					
04-09-2022 08:42:40						18,68	101,1	2,2	9,55	0,			20,65	78,6	0,56	3,45	0,			18,88	0,	2,29	9,24	0,				19,56	87,6	2,37	9,29	0,				15,58	83,4					
04-09-2022 08:47:41						18,81	101,1	2,1	9,54	0,			20,71	79,7	0,59	4,4	0,			19,06	0,	2,37	9,24	0,				19,31	86,9	2,18	9,29	0,				15,77	82,8					
04-09-2022 08:52:40						18,62	101,1	2,	9,56	0,			20,46	80,1	0,58	4,9	0,			19,13	0,	2,5	9,24	0,				19,50	87,3	2,08	9,29	0,				16,02	82,6					
04-09-2022 08:57:42						18,56	101,1	2,02	9,54	0,			20,40	80,5	0,54	5,13	0,			18,88	0,	2,37	9,25	0,				19,68	87,7	2,06	9,29	0,				16,15	82,					
04-09-2022 09:02:41						18,37	101,1	2,26	9,58	0,			20,27	79,8	0,53	5,13	0,			18,88	0,	2,47	9,25	0,				19,37	88,2	2,2	9,29	0,				16,33	81,6					
04-09-2022 09:07:42						18,50	101,1	1,78	9,54	0,			20,15	79,3	0,59	5,32	0,			18,69	0,	2,35	9,24	0,				19,37	88,2	2,15	9,29	0,				16,52	81,2					
04-09-2022 09:12:42						18,75	101,1	2,35	9,55	0,			20,08	79,4	0,58	5,52	0,			18,75	0,	2,36	9,24	0,				19,31	88,9	2,1	9,3	0,				16,83	80,4					
04-09-2022 09:17:41						18,56	101,1	2,35	9,55	0,			20,08	79,	0,6	5,73	0,			18,69	0,	2,52	9,25	0,				19,12	88,2	2,05	9,29	0,				16,71	79,4					
04-09-2022 09:22:41						18,56	101,1	2,31	9,56	0,			20,02	80,2	0,61	5,92	0,			18,63	0,	2,38	9,25	0,				19,12	89,	2,17	9,29	0,				16,96	79,2					
04-09-2022 09:27:41						18,50	101,1	2,36	9,58	0,			20,02	80,6	0,63	6,14	0,			18,56	0,	2,32	9,25	0,				18,87	88,6	2,28	9,28	0,				16,96	79,2					
04-09-2022 09:32:42						18,43	101,1	2,25	9,54	0,			19,83	79,7	0,62	6,14	0,			18,63	0,	2,41	9,22	0,				19,00	89,1	2,33	9,28	0,				17,08	79,2					
04-09-2022 09:37:40						18,37	101,1	2,11	9,56	0,			19,96	80,4	0,66	6,36	0,			18,56	0,	2,18	9,23	0,				18,93	89,	2,47	9,27	0,				17,40	78,8					
04-09-2022 09:42:42						18,50	101,1	2,18	9,53	0,			19,71	79,1	0,7	7,03	0,			18,50	0,	2,39	9,24	0,				19,00	89,	2,18	9,28	0,				17,40	77,6					
04-09-2022 09:47:41						18,56	101,1	2,04	9,55	0,			19,65	79,8	0,72	7,03	0,			18,50	0,	2,41	9,25	0,				18,93	89,	2,27	9,28	0,				17,83	77,7					
04-09-2022 09:52:41						18,68	101,1	2,26	9,55	0,			19,83	80,4	0,74	7,03	0,			18,50	0,	2,32	9,22	0,				19,12	89,	2,33	9,29	0,				17,52	76,7					
04-09-2022 09:57:42						18,81	101,1	2,28	9,55	0,			19,71	79,3	0,8	7,83	0,			18,63	0,	2,46	9,23	0,				19,18	89,	2,2	9,29	0,				17,52	75,8					
04-09-2022 10:02:41						18,75	101,1	2,27	9,56	0,			19,77	80,	0,84	8,17	0,			18,69	0,	2,4	9,23	0,				19,37	89,	2,45	9,29	0,				17,58	76,					
04-09-2022 10:07:42						18,75	101,1	2,26	9,54	0,			19,65	79,4	1,12	8,61	0,			18,75	0,	2,4	9,24	0,				19,37	88,6	2,3	9,29	0,				18,02	75,4					
04-09-2022 10:12:41						18,81	101,1	2,3	9,56	0,			19,65	79,8	1,15	9,18	0,			18,69	0,	2,39	9,23	0,				19,50	89,	2,41	9,28	0,				17,90	74,5					
04-09-2022 10:17:43						18,87	101,1	2,16	9,55	0,			19,71	79,8	1,27	9,6	0,			18,81	0,	2,38	9,24	0,				19,56	88,1	2,05	9,29	0,				17,96	73,7					
04-09-2022 10:22:41						19,06	101,1	2,02	9,57	0,			19,71	79,8	1,3	9,86	0,			19,00	0,	2,41	9,23	0,				19,62	88,1	2,15	9,28	0,				18,46	74,1					
04-09-2022 10:27:42						19,00	101,1	2,03	9,56	0,			19,58	79,4	1,44	9,85	0,			19,13	0,	2,31	9,23	0,				19,81	88,2	2,08	9,29	0,				18,46	73,3					
04-09-2022 10:32:41						19,31	101,1	2,1	9,53	0,			19,65	79,9	1,42	9,85	0,			19,38	0,	2,27	9,22	0,				20,18	87,4	2,16	9,27	0,				18,83	72,9					
04-09-2022 10:37:42						19,43	101,1	1,95	9,58	0,			19,71	79,8	1,71	9,86	0,			19,50	0,	2,41	9,23	0,				20,25	87,	2,15	9,28	0,				18,90	72,1					
04-09-2022 10:42:42						19,50	101,1	2,38	9,54	0,			19,71	79,1	1,98	9,85	0,			19,50	0,	2,26	9,23	0,				20,43	86,5	2,27	9,28	0,				19,02	71,3					
04-09-2022 10:47:40						19,50	101,1	2,22	9,55	0,			19,65	79,3	2,22	9,86	0,			19,56	0,	2,33	9,25	0,				20,68	86,2	2,13	9,28	0,				19,27	70,9					
04-09-2022 10:52:41						19,68	101,1	2,22	9,54	0,			19,90	79,1	2,48	9,86	0,			19,88	0,	2,39	9,24	0,				20,93	85,4	2,25	9,3	0,				19,65	70,3					
04-09-2022 10:57:41						19,81	101,1	2,21	9,56	0,			20,02	78,7	2,21	9,86	0,			19,88	0,	2,27	9,23	0,				20,93	85,4	2,22	9,29	0,				19,46	69,7					
04-09-2022 11:02:41						19,93	101,1	1,97	9,55	0,			20,27	79,1	2,52	9,87	0,			20,25	0,	2,42	9,25	0,				21,12	84,2	2,34	9,3	0,				19,52	68,6					
04-09-2022 11:07:41						20,00	101,1	2,02	9,55	0,			20,40	78,2	2,4	9,86	0,			20,50	0,	2,43	9,24	0,				21,56	84,2	2,13	9,28	0,				19,33	67,7					
04-09-2022 11:12:42						20,18	101,1	2,34	9,55	0,			20,27	77,7	2,39	9,86	0,			20,69	0,	2,33	9,25	0,				21,31	82,8	2,19	9,29	0,				19,58	69,3					
04-09-2022 11:17:41						20,50	101,1	2,23	9,56	0,			20,58	77,8	2,42	9,85	0,			20,75	0,	2,19	9,24	0,				21,62	83,	2,14	9,29	0,				19,58	68,3					
04-09-2022 11:22:43						20,62	101,1	2,22	9,53	0,			20,71	77,	2,54	9,86	0,			20,88	0,	2,35	9,24	0,				22,62	81,9	2,54	9,29	0,				19,90	69,					
04-09-2022 11:27:41						20,75	101,1	1,97	9,56	0,			20,77	77,	2,51	9,86	0,			21,13	0,	2,41	9,25	0,				23,56	79,9	2,49	9,29	0,				19,96	68,					
04-09-2022 11:32:41						20,87	101,1	2,22	9,54	0,			20,90	76,4	2,24	9,86	0,			21,31	0,	2,48	9,24	0,				23,56	79,1	2,37	9,28	0,				19,90	67,7					
04-09-2022 11:37:42						21,00	101,1	2,1	9,55	0,			21,02	76,2	2,44	9,87	0,			21,50	0,	2,2	9,25	0,				23,31	77,1	2,73	9,27	0,				19,77	67,3					
04-09-2022 11:42:41						21,75	101,1	2,18	9,56	0,			21,02	75,8	2,26	9,85	0,			21,56	0,	2,22	9,24	0,				23,75	77,2	2,6	9,28	0,				20,40	67,7					
04-09-2022 11:47:42						21,93	101,1	2,48	9,55	0,			21,33	75,7	2,42	9,85	0,			21,94	0,	2,78	9,25	0,				23,75	77,5	2,56	9,28	0,				20,65	66,7					
04-09-2022 11:52:40						22,06	101,1	2,4	9,56	0,			21,33	75,9	2,43	9,86	0,			22,44	0,	2,72	9,26	0,				23,75	76,7	2,74	9,31	0,				20,65	65,6					
04-09-2022 11:57:41						22,18	101,1	2,24	9,57	0,			21,40	75,	2,43	9,87	0,			22,63	0,	2,77	9,25	0,				23,87	76,7	2,56	9,31	0,				20,33	65,7					
04-09-2022 12:02:41						22,25	101,1	2,49	9,56	0,			21,52	75,	2,37	9,87	0,			22,69	0,	2,78	9,25	0,				23,93	75,6	2,55	9,29	0,				20,96	64,1					
04-09-2022 12:07:42						22,25	101,1	2,7	9,56	0,			21,90	74,6	2,4	9,87	0,			23,00	0,	2,72	9,26	0,				24,12	74,7	2,55	9,31	0,				20,52	64,					
04-09-2022 12:12:42						22,25	101,1	2,53	9,59	0,			21,90	73,8	2,5	9,88	0,			23,00	0,	2,83	9,25	0,				24,00	75,5	2,78	9,3	0,				20,77	63,5					
04-09-2022 12:17:40						22,62	101,1	2,5	9,57	0,			21,83	73,2	2,41	9,87	0,			23,13	0,	2,87	9,24	0,				23,87	75,2	2,65	9,31	0,				20,40	63,3					
04-09-2022 12:22:42						22,50	101,1	2,6	9,57	0,			21,96	73,4	2,39	9,86	0,			23,13	0,	2,85	9,24	0,				23,81	76,7	2,62	9,32	0,				21,02	64,4					
04-09-2022 12:27:41						22,62	101,1	2,32	9,56	0,			22,15	73,8	2,38	9,87	0,			23,25	0,	2,9	9,26	0,				24,25	75,5	2,66	9,31	0,				21,21	62,1					
04-09-2022 12:32:41						22,68	101,1	2,48	9,56	0,01			22,21	73,1	2,46	9,87	0,			23,38	0,	2,52	9,24	0,				24,50	76,	2,56	9,31	0,				21,52	60,9					
04-09-2022 12:37:40						22,75	101,1	2,59	9,58	0,			22,27	73,	2,25	9,87	0,			23,63	0,	2,85	9,25	0,				24,43	75,6	2,64	9,29	0,				21,15	59,4					
04-09-2022 12:42:42						22,87	101,1	2,37	9,57	0,			22,46	72,6	2,29	9,87	0,			23,75	0,	2,77	9,25	0,				24,31	75,	2,57	9,29	0,				21,33	60,1					
04-09-2022 12:47:40						23,00	101,1	2,52	9,58	0,			22,52	71,9	2,45	9,87	0,			23,75	0,	2,79	9,25	0,				24,06	75,1	2,49	9,3	0,				21,27	59,7					
04-09-2022 12:52:42						23,37	101,1	2,58	9,57	0,			22,96	73,6	2,3	9,87	0,			23,69	0,	2,74	9,24	0,				23,93	74,8	2,42	9,29	0,				21,02	58,9					
04-09-2022 12:57:42						23,25	101,1	2,41	9,58	0,			23,08	73,	2,27	9,87	0,			23,88	0,	2,69	9,26	0,				24,18	74,	2,51	9,29	0,				21,65	58,5					
04-09-2022 13:02:41						23,06	101,1	2,36	9,56	0,			22,90	71,8	2,2	9,87	0,			24,00	0,	2,77	9,25	0,				24,37	73,1	2,51	9,31	0,				22,21	57,3					
04-09-2022 13:07:42						23,43	101,1	2,61	9,58	0,			22,90	71,4	2,18	9,87	0,			24,06	0,	2,63	9,25	0,				24,18	71,9	2,56	9,3	0,				21,83	55,3					
04-09-2022 13:12:41						23,25	101,1	2,59	9,58	0,			22,90	72,	2,33	9,87	0,			24,00	0,	2,76	9,25	0,				23,87	71,1	2,48	9,32	0,				21,40	56,1					
04-09-2022 13:17:42						23,18	101,1	2,41	9,57	0,			22,96	71,	2,19	9,86	0,			23,88	0,	2,85	9,26	0,				24,06	71,5	2,39	9,29	0,				21,65	54,1					
04-09-2022 13:22:41						23,18	101,1	2,52	9,59	0,			22,83	69,8	2,5	9,87	0,			23,75	0,	2,8	9,25	0,				24,37	71,5	2,61	9,31	0,				22,33	55,1					
04-09-2022 13:27:41						23,18	101,1	2,4	9,59	0,			22,83	69,4	2,38	9,87	0,			23,69	0,	2,8	9,24	0,				24,25	71,1	2,54	9,3	0,				22,15	55,1					
04-09-2022 13:32:41						23,12	101,1	2,34	9,57	0,			22,90	68,7	2,43	9,87	0,			23,56	0,	2,78	9,24	0,				24,18	70,2	2,74	9,29	0,				21,46	55,3					
04-09-2022 13:37:41						23,37	101,1	2,46	9,56	0,			22,96	68,5	2,36	9,86	0,			23,50	0,	2,87	9,25	0,				24,18	70,9	2,55	9,3	0,				22,02	54,6					
04-09-2022 13:42:42						23,37	101,1	2,48	9,57	0,			23,21	68,2	2,36	9,86	0,			23,50	0,	2,91	9,25	0,				24,37	70,5	2,48	9,32	0,				21,71	55,3					
04-09-2022 13:47:41						23,31	101,1	2,4	9,58	0,			23,21	67,	2,35	9,86	0,			23,38	0,	2,72	9,26	0,				24,37	69,9	2,57	9,3	0,				21,71	54,6					
04-09-2022 13:52:42						23,25	101,1	2,36	9,56	0,			23,21	66,5	2,42	9,87	0,			23,31	0,	2,88	9,27	0,				24,31	70,5	2,58	9,32	0,				22,15	54,9					
04-09-2022 13:57:40						23,31	101,1	2,3	9,57	0,			23,33	66,1	2,66	9,87	0,			23,25	0,	2,89	9,25	0,				24,56	69,1	2,69	9,3	0,				21,46	54,9					
04-09-2022 14:02:41						23,18	101,1	2,45	9,59	0,			23,52	66,5	2,83	9,87	0,			23,19	0,	2,84	9,25	0,				24,37	68,7	2,71	9,31	0,				22,46	54,6					
04-09-2022 14:07:41						23,18	101,1	2,55	9,55	0,			23,52	65,3	2,88	9,87	0,			23,25	0,	2,9	9,26	0,				24,50	68,7	2,59	9,3	0,				21,65	54,1					
04-09-2022 14:12:42						23,18	101,1	2,59	9,59	0,			23,71	66,2	2,83	9,87	0,			23,19	0,	2,78	9,26	0,				24,56	67,5	2,62	9,3	0,				22,15	53,7					
04-09-2022 14:17:40						23,31	101,1	2,33	9,58	0,			23,65	64,5	2,81	9,87	0,			23,25	0,	2,75	9,27	0,				24,50	66,3	2,63	9,29	0,				22,15	51,7					
04-09-2022 14:22:41						23,56	101,1	2,54	9,59	0,			23,58	64,5	2,85	9,86	0,			23,31	0,	2,97	9,26	0,				24,68	67,5	2,55	9,31	0,				22,21	52,5					
04-09-2022 14:27:42						23,56	101,1	2,47	9,59	0,			23,65	64,5	2,72	9,87	0,			23,38	0,	2,69	9,25	0,				24,56	67,1	2,74	9,31	0,				22,40	52,1					
04-09-2022 14:32:41						23,87	101,1	2,47	9,57	0,			23,83	64,5	3,27	9,88	0,			23,56	0,	2,74	9,26	0,				24,81	66,3	2,76	9,29	0,				22,52	52,2					
04-09-2022 14:37:42						24,06	101,1	2,63	9,59	0,			23,90	63,7	3,24	9,88	0,			23,69	0,	2,92	9,26	0,				25,18	67,5	2,56	9,31	0,				22,08	50,9					
04-09-2022 14:42:41						23,87	101,1	2,54	9,57	0,			23,83	63,6	2,82	9,88	0,			23,63	0,	2,76	9,26	0,				24,93	65,7	2,53	9,31	0,				21,46	53,5					
04-09-2022 14:47:42						23,81	101,1	2,54	9,59	0,			23,90	63,3	3,16	9,88	0,			23,56	0,	2,85	9,26	0,				24,68	66,3	2,57	9,31	0,				21,90	53,3					
04-09-2022 14:52:40						24,00	101,1	2,38	9,6	0,			24,02	63,3	3,01	9,87	0,			23,69	0,	2,89	9,26	0,				24,87	66,3	2,89	9,32	0,				22,40	51,5					
04-09-2022 14:57:42						24,31	101,1	2,56	9,59	0,			24,21	62,6	2,72	9,87	0,			23,75	0,	2,83	9,26	0,				25,31	66,1	2,62	9,31	0,				22,33	49,					
04-09-2022 15:02:41						24,31	101,1	2,7	9,56	0,			24,08	62,	2,89	9,87	0,			23,94	0,	2,86	9,25	0,				25,25	66,	2,51	9,3	0,				22,08	49,8					
04-09-2022 15:07:42						24,31	101,1	2,56	9,57	0,			24,21	62,7	2,81	9,87	0,			24,00	0,	2,77	9,26	0,				25,31	65,3	2,77	9,29	0,				22,65	49,5					
04-09-2022 15:12:43						24,43	101,1	2,55	9,58	0,			24,33	62,1	2,84	9,87	0,			24,06	0,	2,85	9,25	0,				25,56	66,	2,61	9,3	0,				22,83	50,7					
04-09-2022 15:17:40						24,68	101,1	2,51	9,58	0,			24,52	62,1	3,14	9,87	0,			24,44	0,	2,84	9,25	0,				25,81	67,5	2,62	9,31	0,				23,27	49,6					
04-09-2022 15:22:43						24,87	101,1	2,56	9,57	0,			24,52	62,3	2,79	9,86	0,			24,56	0,	2,92	9,25	0,				25,31	66,2	2,65	9,31	0,				22,71	48,8					
04-09-2022 15:27:42						24,87	101,1	2,35	9,61	0,			24,77	61,7	2,8	9,87	0,			24,56	0,	2,79	9,26	0,				25,81	66,7	2,7	9,3	0,				23,08	49,7					
04-09-2022 15:32:42						25,00	101,1	2,53	9,56	0,			24,65	61,3	2,63	9,87	0,			24,56	0,	2,87	9,27	0,				25,56	66,3	2,52	9,3	0,				23,02	49,3					
04-09-2022 15:37:42						25,06	101,1	2,07	9,57	0,			24,71	61,6	2,64	9,87	0,			24,69	0,	2,83	9,26	0,				25,50	65,2	2,67	9,32	0,				23,21	47,7					
04-09-2022 15:42:42						25,06	101,1	2,34	9,57	0,			24,52	60,4	2,74	9,88	0,			24,69	0,	2,77	9,27	0,				25,75	64,2	2,61	9,31	0,				22,83	49,					
04-09-2022 15:47:41						24,81	101,1	2,4	9,56	0,			24,58	60,1	2,83	9,87	0,			24,69	0,	2,87	9,26	0,				25,62	65,1	2,49	9,32	0,				23,08	47,9					
04-09-2022 15:52:41						24,87	101,1	2,48	9,58	0,			24,71	61,3	2,72	9,88	0,			24,56	0,	2,69	9,26	0,				25,68	64,9	2,74	9,32	0,				23,08	49,4					
04-09-2022 15:57:42						24,93	101,1	2,56	9,58	0,			24,65	60,5	2,92	9,87	0,			24,63	0,	2,92	9,27	0,				25,37	64,4	2,59	9,31	0,				22,71	48,6					
04-09-2022 16:02:41						25,00	101,1	2,65	9,57	0,			24,77	60,5	2,98	9,87	0,			24,69	0,	2,91	9,25	0,				25,37	64,8	2,58	9,3	0,				22,65	48,6					
04-09-2022 16:07:42						24,87	101,1	2,45	9,59	0,			24,71	60,1	2,96	9,87	0,			24,75	0,	2,82	9,26	0,				25,62	63,9	2,62	9,32	0,				22,96	49,					
04-09-2022 16:12:42						25,06	101,1	2,49	9,59	0,			24,71	58,6	3,07	9,87	0,			24,75	0,	2,81	9,26	0,				25,68	64,	2,52	9,32	0,				23,02	47,6					
04-09-2022 16:17:42						24,93	101,1	2,45	9,56	0,			24,58	59,7	2,83	9,88	0,			24,75	0,	2,76	9,26	0,				25,43	64,	2,41	9,3	0,				21,90	47,8					
04-09-2022 16:22:41						24,62	101,1	2,52	9,57	0,			24,46	59,7	3,02	9,87	0,			24,44	0,	2,8	9,27	0,				24,81	64,	2,64	9,3	0,				21,21	50,5					
04-09-2022 16:27:41						24,68	101,1	2,16	9,59	0,			24,52	60,5	3,16	9,87	0,			24,25	0,	2,79	9,26	0,				25,31	65,2	2,63	9,32	0,				22,58	50,2					
04-09-2022 16:32:40						24,87	101,1	2,45	9,59	0,			24,58	59,9	2,9	9,88	0,			24,31	0,	2,87	9,26	0,				25,18	65,	2,79	9,31	0,				22,65	50,1					
04-09-2022 16:37:41						24,62	101,1	2,37	9,56	0,			24,21	59,7	2,88	9,87	0,			24,31	0,	2,78	9,26	0,				24,93	64,	2,55	9,31	0,				21,77	50,5					
04-09-2022 16:42:42						24,68	101,1	2,59	9,57	0,			24,33	60,1	2,92	9,87	0,			24,25	0,	2,85	9,26	0,				24,81	64,2	2,58	9,32	0,				22,33	50,9					
04-09-2022 16:47:41						24,75	101,1	2,53	9,58	0,			24,46	60,1	3,02	9,87	0,			24,25	0,	2,83	9,26	0,				25,00	64,8	2,6	9,31	0,				22,33	50,9					
04-09-2022 16:52:42						24,93	101,1	2,54	9,57	0,			24,52	61,1	2,91	9,88	0,			24,25	0,	2,79	9,25	0,				25,06	64,7	2,81	9,3	0,				22,46	51,2					
04-09-2022 16:57:42						25,00	101,1	2,57	9,56	0,			24,52	60,5	2,99	9,87	0,			24,31	0,	2,78	9,26	0,				25,31	65,2	2,66	9,32	0,				22,33	49,9					
04-09-2022 17:02:42						24,93	101,1	2,54	9,58	0,			24,58	60,6	2,74	9,86	0,			24,38	0,	2,74	9,26	0,				25,12	64,9	2,76	9,32	0,				22,27	50,5					
04-09-2022 17:07:40						24,93	101,1	2,68	9,59	0,			24,46	60,2	3,1	9,87	0,			24,25	0,	2,86	9,25	0,				25,06	65,6	2,75	9,3	0,				21,96	51,7					
04-09-2022 17:12:41						25,06	101,1	2,53	9,57	0,			24,65	62,5	3,15	9,87	0,			24,13	0,	2,78	9,26	0,				24,93	66,3	2,73	9,31	0,				21,96	53,2					
04-09-2022 17:17:42						25,06	101,1	2,62	9,59	0,			24,71	62,5	2,62	9,87	0,			24,31	0,	2,83	9,26	0,				25,50	66,7	2,68	9,32	0,				21,77	52,2					
04-09-2022 17:22:41						25,12	101,1	2,67	9,58	0,			24,33	61,	2,58	9,87	0,			24,06	0,	3,	9,26	0,				24,81	64,9	2,83	9,3	0,				21,46	52,5					
04-09-2022 17:27:42						24,68	101,1	2,49	9,58	0,			24,15	59,7	3,25	9,87	0,			23,94	0,	2,77	9,26	0,				24,87	65,2	2,69	9,31	0,				21,40	52,1					
04-09-2022 17:32:41						24,43	101,1	2,71	9,55	0,			24,08	59,8	2,83	9,87	0,			23,94	0,	2,77	9,26	0,				24,43	64,3	2,54	9,3	0,				21,27	52,1					
04-09-2022 17:37:42						24,43	101,1	2,36	9,56	0,			23,96	61,1	2,99	9,87	0,			23,88	0,	2,73	9,26	0,				24,56	64,6	2,81	9,31	0,				21,40	52,5					
04-09-2022 17:42:41						24,50	101,1	2,36	9,58	0,			23,96	60,3	2,83	9,87	0,			23,69	0,	2,86	9,26	0,				24,68	65,8	2,65	9,32	0,				21,46	52,2					
04-09-2022 17:47:42						24,50	101,1	2,33	9,58	0,			23,96	61,1	2,96	9,87	0,			23,81	0,	2,77	9,26	0,				24,81	67,	2,53	9,32	0,				21,40	53,9					
04-09-2022 17:52:41						24,62	101,1	2,59	9,56	0,			23,96	62,1	3,	9,87	0,			23,75	0,	2,83	9,26	0,				24,50	66,4	2,41	9,32	0,				21,46	54,9					
04-09-2022 17:57:41						24,43	101,1	2,55	9,57	0,			23,96	62,1	2,93	9,87	0,			23,63	0,	2,93	9,26	0,				24,75	66,3	2,47	9,32	0,				21,27	53,9					
04-09-2022 18:02:41						24,37	101,1	2,5	9,61	0,			23,83	62,5	3,02	9,87	0,			23,50	0,	2,69	9,27	0,				24,62	66,4	2,52	9,31	0,				20,96	54,5					
04-09-2022 18:07:42						24,37	101,1	2,63	9,57	0,			23,71	62,2	3,08	9,87	0,			23,44	0,	2,94	9,26	0,				24,25	66,3	2,86	9,31	0,				20,71	55,7					
04-09-2022 18:12:42						24,37	101,1	2,55	9,59	0,			23,71	62,8	3,12	9,87	0,			23,44	0,	2,86	9,25	0,				24,37	67,1	2,73	9,31	0,				20,52	56,1					
04-09-2022 18:17:41						24,37	101,1	2,29	9,56	0,			23,71	64,1	2,98	9,87	0,			23,50	0,	2,88	9,25	0,				24,12	67,9	2,53	9,3	0,				20,27	57,3					
04-09-2022 18:22:41						24,00	101,1	2,56	9,58	0,			23,71	66,4	3,12	9,88	0,			23,50	0,	2,65	9,25	0,				24,25	66,9	2,58	9,3	0,				20,15	57,3					
04-09-2022 18:27:41						24,00	101,1	2,26	9,57	0,			23,40	66,2	3,04	9,88	0,			23,50	0,	2,74	9,26	0,				24,06	67,2	2,72	9,31	0,				19,96	58,5					
04-09-2022 18:32:42						23,87	101,1	2,56	9,59	0,			23,21	67,6	2,81	9,88	0,			23,25	0,	2,79	9,26	0,				23,93	67,5	2,66	9,31	0,				19,83	58,8					
04-09-2022 18:37:40						23,68	101,1	2,27	9,6	0,			23,21	64,	2,48	9,87	0,			23,06	0,	2,83	9,25	0,				24,18	68,5	2,66	9,3	0,				19,83	60,5					
04-09-2022 18:42:42						23,43	101,1	2,26	9,59	0,			23,27	63,6	2,35	9,87	0,			22,94	0,	2,93	9,26	0,				23,87	67,5	2,66	9,31	0,				19,77	58,9					
04-09-2022 18:47:41						23,43	101,1	2,4	9,59	0,			22,96	62,9	2,34	9,88	0,			22,69	0,	2,8	9,26	0,				23,68	68,3	2,83	9,32	0,				19,77	59,6					
04-09-2022 18:52:42						23,37	101,1	2,67	9,57	0,			22,65	63,6	2,43	9,87	0,			22,44	0,	2,73	9,26	0,				23,93	71,1	2,73	9,29	0,				19,65	59,3					
04-09-2022 18:57:41						23,18	101,1	2,45	9,56	0,			22,52	63,9	2,27	9,87	0,			22,38	0,	2,82	9,26	0,				23,87	71,7	2,8	9,31	0,				19,52	59,5					
04-09-2022 19:02:41						23,18	101,1	2,3	9,58	0,			22,46	64,5	2,46	9,87	0,			22,25	0,	2,78	9,26	0,				23,43	69,9	2,7	9,31	0,				19,46	58,5					
04-09-2022 19:07:42						23,06	101,1	2,7	9,59	0,			22,33	64,1	2,32	9,87	0,			22,06	0,	2,7	9,26	0,				23,06	71,4	2,4	9,31	0,				19,40	57,8					
04-09-2022 19:12:41						23,00	101,1	2,52	9,58	0,			22,15	63,7	2,41	9,87	0,			21,81	0,	2,83	9,26	0,				22,93	69,9	2,74	9,31	0,				19,08	58,9					
04-09-2022 19:17:42						22,81	101,1	2,58	9,58	0,			21,96	63,9	2,42	9,87	0,			21,56	0,	2,85	9,26	0,				22,62	71,5	2,85	9,3	0,				18,96	59,7					
04-09-2022 19:22:41						22,62	101,1	2,4	9,57	0,			21,83	63,7	2,29	9,86	0,			21,63	0,	2,38	9,25	0,				22,62	70,3	2,82	9,3	0,				18,71	60,1					
04-09-2022 19:27:42						22,50	101,1	2,61	9,57	0,			21,77	63,8	2,62	9,86	0,			21,88	0,	2,43	9,26	0,				22,25	69,9	2,82	9,29	0,				18,71	60,1					
04-09-2022 19:32:41						22,37	101,1	2,42	9,56	0,			21,65	63,4	2,44	9,86	0,			21,44	0,	2,82	9,26	0,				21,93	70,7	2,84	9,29	0,				18,46	60,9					
04-09-2022 19:37:42						22,31	101,1	2,41	9,57	0,			21,65	64,1	2,63	9,85	0,			21,38	0,	2,21	9,26	0,				22,00	67,7	2,18	9,29	0,				18,40	61,3					
04-09-2022 19:42:41						22,18	101,1	2,51	9,57	0,			21,52	63,7	2,39	9,86	0,			21,31	0,	2,25	9,25	0,				21,87	67,1	2,12	9,3	0,				18,15	61,3					
04-09-2022 19:47:41						22,06	101,1	2,38	9,57	0,			21,40	64,1	2,51	9,86	0,			21,06	0,	2,43	9,26	0,				21,56	68,7	2,19	9,31	0,				18,08	61,8					
04-09-2022 19:52:42						22,06	101,1	2,67	9,57	0,			21,40	63,8	2,5	9,87	0,			20,94	0,	2,27	9,26	0,				21,56	68,7	2,2	9,32	0,				17,90	61,5					
04-09-2022 19:57:41						21,81	101,1	2,68	9,56	0,			21,33	64,	2,42	9,86	0,			20,75	0,	2,03	9,24	0,				21,43	68,3	2,27	9,31	0,				17,58	62,9					
04-09-2022 20:02:41						21,81	101,1	2,3	9,57	0,			21,21	63,7	2,5	9,87	0,			20,69	0,	2,39	9,26	0,				21,37	68,3	2,37	9,3	0,				17,46	63,5					
04-09-2022 20:07:40						21,43	101,1	2,43	9,58	0,			21,21	64,4	2,39	9,86	0,			20,56	0,	2,31	9,24	0,				21,25	68,	2,26	9,3	0,				16,96	64,9					
04-09-2022 20:12:42						21,43	101,1	2,11	9,57	0,			21,08	63,8	2,38	9,87	0,			20,56	0,	2,33	9,24	0,				21,18	68,3	2,43	9,3	0,				17,15	64,2					
04-09-2022 20:17:41						21,62	101,1	2,55	9,57	0,			21,02	64,1	2,4	9,85	0,			20,44	0,	2,51	9,25	0,				20,93	67,9	2,29	9,3	0,				17,15	63,7					
04-09-2022 20:22:42						21,12	101,1	2,53	9,54	0,			20,83	64,	2,37	9,86	0,			20,44	0,	2,22	9,25	0,				20,81	68,7	2,3	9,3	0,				17,02	64,3					
04-09-2022 20:27:42						21,00	101,1	2,32	9,56	0,			20,96	64,4	2,52	9,85	0,			20,31	0,	2,31	9,25	0,				20,87	68,3	2,19	9,29	0,				16,71	66,3					
04-09-2022 20:32:41						21,06	101,1	2,46	9,55	0,			20,90	64,	2,43	9,86	0,			20,19	0,	2,32	9,25	0,				20,75	69,6	2,36	9,3	0,				16,52	67,4					
04-09-2022 20:37:42						20,93	101,1	2,15	9,56	0,			20,83	65,6	2,48	9,87	0,			20,19	0,	2,38	9,24	0,				20,81	69,7	2,29	9,3	0,				16,40	68,4					
04-09-2022 20:42:41						20,87	101,1	2,1	9,57	0,			20,71	64,1	2,47	9,86	0,			20,19	0,	2,34	9,25	0,				20,87	70,7	2,42	9,29	0,				16,52	68,4					
04-09-2022 20:47:42						20,93	101,1	2,07	9,58	0,			20,65	64,9	2,43	9,85	0,			20,13	0,	2,3	9,26	0,				20,62	69,3	2,19	9,29	0,				16,33	68,1					
04-09-2022 20:52:41						21,06	101,1	2,34	9,57	0,			20,46	64,8	2,38	9,85	0,			20,06	0,	2,37	9,25	0,				20,75	69,5	2,28	9,29	0,				16,15	69,3					
04-09-2022 20:57:42						20,81	101,1	2,14	9,56	0,			20,52	65,3	2,28	9,86	0,			20,06	0,	2,38	9,24	0,				20,62	68,8	2,31	9,28	0,				15,65	70,5					
04-09-2022 21:02:41						20,75	101,1	2,39	9,57	0,			20,40	65,9	2,58	9,86	0,			20,06	0,	2,32	9,24	0,				20,43	69,	2,35	9,29	0,				15,40	71,7					
04-09-2022 21:07:43						20,75	101,1	2,28	9,57	0,			20,27	64,9	2,1	9,86	0,			20,00	0,	2,3	9,24	0,				20,43	69,4	2,25	9,3	0,				15,08	72,1					
04-09-2022 21:12:42						20,68	101,1	2,21	9,56	0,			20,21	65,5	2,33	9,85	0,			19,75	0,	2,39	9,25	0,				20,25	69,5	2,25	9,28	0,				14,90	73,5					
04-09-2022 21:17:41						20,62	101,1	2,2	9,58	0,			20,21	66,1	2,29	9,86	0,			19,81	0,	2,32	9,25	0,				20,37	69,9	2,14	9,29	0,				14,77	74,5					
04-09-2022 21:22:41						20,37	101,1	2,37	9,57	0,			20,08	66,2	2,48	9,86	0,			19,63	0,	2,21	9,25	0,				20,18	69,8	2,32	9,3	0,				14,71	75,6					
04-09-2022 21:27:41						20,18	101,1	2,32	9,58	0,			19,96	67,	2,49	9,85	0,			19,44	0,	2,34	9,23	0,				20,06	70,	2,37	9,28	0,				14,77	76,					
04-09-2022 21:32:42						20,12	101,1	2,27	9,55	0,			19,83	67,	2,6	9,84	0,			19,44	0,	2,52	9,24	0,				19,93	70,7	2,27	9,31	0,				14,90	76,					
04-09-2022 21:37:41						20,06	101,1	2,14	9,55	0,			19,83	66,8	2,37	9,84	0,			19,38	0,	2,38	9,24	0,				19,75	70,7	2,26	9,29	0,				14,90	76,4					
04-09-2022 21:42:41						20,18	101,1	2,07	9,56	0,			19,77	68,	2,45	9,85	0,			19,44	0,	2,45	9,24	0,				19,93	71,5	2,22	9,28	0,				14,90	76,4					
04-09-2022 21:47:41						20,31	101,1	2,14	9,58	0,			19,77	67,4	2,42	9,85	0,			19,38	0,	2,42	9,26	0,				19,75	71,9	2,33	9,3	0,				15,08	76,					
04-09-2022 21:52:42						20,18	101,1	2,13	9,58	0,			19,83	68,2	2,29	9,85	0,			19,13	0,	2,38	9,25	0,				20,00	72,8	2,17	9,28	0,				14,83	76,2					
04-09-2022 21:57:42						20,12	101,1	2,16	9,53	0,			19,58	67,9	2,33	9,85	0,			19,13	0,	2,31	9,24	0,				19,56	72,	2,33	9,3	0,				14,71	76,7					
04-09-2022 22:02:41						20,12	101,1	2,16	9,55	0,			19,77	68,6	2,42	9,85	0,			19,06	0,	2,42	9,25	0,				19,75	72,3	2,25	9,3	0,				14,52	76,9					
04-09-2022 22:07:42						19,93	101,1	2,23	9,55	0,			19,46	68,6	2,43	9,85	0,			19,00	0,	2,42	9,24	0,				19,81	72,6	2,4	9,3	0,				14,52	77,3					
04-09-2022 22:12:40						20,00	101,1	2,23	9,54	0,			19,58	68,6	2,39	9,85	0,			18,94	0,	2,25	9,23	0,				19,50	72,7	2,19	9,29	0,				14,46	77,7					
04-09-2022 22:17:41						20,06	101,1	2,31	9,53	0,			19,58	69,3	2,35	9,86	0,			19,13	0,	2,3	9,23	0,				19,50	72,7	2,32	9,28	0,				14,40	78,					
04-09-2022 22:22:41						20,06	101,1	2,1	9,57	0,			19,83	69,7	2,39	9,85	0,			19,19	0,	2,28	9,24	0,				19,50	73,	2,25	9,28	0,				14,40	78,4					
04-09-2022 22:27:42						20,00	101,1	2,04	9,54	0,			19,83	69,9	2,44	9,85	0,			19,06	0,	2,35	9,24	0,				19,62	73,9	2,37	9,29	0,				14,58	78,9					
04-09-2022 22:32:41						19,87	101,1	2,16	9,54	0,			19,71	69,7	2,37	9,85	0,			19,06	0,	2,33	9,24	0,				19,50	74,	2,26	9,29	0,				14,40	79,					
04-09-2022 22:37:42						20,00	101,1	2,2	9,56	0,			19,65	70,5	2,36	9,85	0,			18,81	0,	2,3	9,23	0,				19,75	74,8	2,23	9,28	0,				14,27	79,2					
04-09-2022 22:42:42						19,81	101,1	2,15	9,55	0,			19,40	69,8	2,43	9,85	0,			18,75	0,	2,33	9,25	0,				19,37	74,3	2,17	9,28	0,				14,02	79,6					
04-09-2022 22:47:41						19,87	101,1	2,17	9,55	0,			19,40	70,6	2,22	9,85	0,			18,75	0,	2,39	9,23	0,				19,37	74,6	2,2	9,3	0,				14,08	80,					
04-09-2022 22:52:42						19,81	101,1	2,26	9,57	0,			19,33	71,4	2,72	9,84	0,			18,75	0,	2,4	9,23	0,				19,43	75,5	2,27	9,3	0,				14,02	80,					
04-09-2022 22:57:41						19,75	101,1	2,24	9,54	0,			19,27	71,6	2,41	9,84	0,			18,56	0,	2,4	9,24	0,				19,31	75,2	2,29	9,29	0,				14,02	80,4					
04-09-2022 23:02:42						19,81	101,1	2,13	9,54	0,			19,27	71,8	2,37	9,84	0,			18,63	0,	2,33	9,24	0,				19,31	75,2	2,3	9,3	0,				13,96	80,8					
04-09-2022 23:07:41						19,87	101,1	2,05	9,54	0,			19,21	71,9	2,52	9,84	0,			18,63	0,	2,39	9,23	0,				19,43	75,8	2,17	9,29	0,				14,02	81,2					
04-09-2022 23:12:41						19,62	101,1	2,04	9,55	0,			19,08	71,8	2,39	9,85	0,			18,50	0,	2,23	9,23	0,				19,00	75,4	2,12	9,27	0,				13,77	81,6					
04-09-2022 23:17:41						19,81	101,1	2,23	9,55	0,			19,02	72,6	2,3	9,84	0,			18,38	0,	2,19	9,23	0,				19,18	75,9	2,24	9,28	0,				13,65	81,8					
04-09-2022 23:22:41						19,56	101,1	2,08	9,54	0,			19,02	72,2	1,9	9,85	0,			18,38	0,	2,27	9,23	0,				19,25	75,9	2,22	9,27	0,				13,52	82,1					
04-09-2022 23:27:41						19,68	101,1	2,07	9,55	0,			18,96	72,6	1,73	9,85	0,			18,31	0,	2,26	9,23	0,				19,12	75,9	2,18	9,28	0,				13,40	82,6					
04-09-2022 23:32:41						19,68	101,1	2,23	9,54	0,			18,90	72,6	1,53	9,85	0,			18,25	0,	2,22	9,22	0,				19,18	75,9	2,05	9,28	0,				13,15	83,					
04-09-2022 23:37:43						19,37	101,1	2,29	9,52	0,			19,02	73,	1,23	9,85	0,			18,13	0,	2,26	9,25	0,				19,18	76,6	2,33	9,28	0,				13,08	83,3					
04-09-2022 23:42:41						19,12	101,1	2,11	9,56	0,			18,96	73,	1,24	9,85	0,			18,00	0,	2,25	9,24	0,				18,93	76,3	2,17	9,27	0,				13,15	83,6					
04-09-2022 23:47:41						19,06	101,1	2,12	9,55	0,			19,02	73,	1,33	9,85	0,			17,94	0,	2,35	9,25	0,				19,00	77,1	2,16	9,28	0,				13,08	83,9					
04-09-2022 23:52:41						18,87	101,1	2,21	9,55	0,			18,96	73,4	1,25	9,85	0,			17,88	0,	2,28	9,24	0,				18,87	76,8	2,13	9,28	0,				12,96	84,					
04-09-2022 23:57:41						18,93	101,1	2,2	9,54	0,			19,15	74,2	1,35	9,85	0,			17,81	0,	2,21	9,23	0,				19,06	77,4	2,32	9,27	0,				12,90	84,					
