Net no:						1	1	1	1	1			1	1	1	1	1			1	1	1	1	1				1	1	1	1	1				1	1					
Object no:						131	141	150	151	152			134	144	159	160	161			133	143	156	157	158				132	142	153	154	155				130	140					
Table no:						0	0	0	0	0			0	0	0	0	0			0	0	0	0	0				0	0	0	0	0				0	0					
Code no:						48	48	48	48	48			48	48	136	136	136			48	48	48	48	48				48	48	48	48	48				48	48					
Calculation:						T	/10	/100	/100	/100			T	/10	/100	/100	/100			T	/10	/100	/100	/100				T	/10	/100	/100	/100				T	/10					
Date/time:	Afp. 1776	Bes. 97184			Stald 1	Temp_stald1	Fugt_stald1	DynamicAir_trinlřs_stald1	Spjćld_trinlřs_stald 1	On/off_stald1		Stald 2	Temp_stald2	Fugt_stald2	DynamicAir_trinlřs_stald2	Spjćld_trinlřs_stald2	On/off_stald2		Stald5	Temp_stald5	Fugt_stald5	DynamicAir_trinlřs_stald5	Spjćld_trinlřs_stald5	On/off_stald 5			Stald6	Temp_stald6	Fugt_stald 6	DynamicAir_trinlřs_stald6	Spjćld_trinlřs_stald6	On/off_stald6			UDE	Temp_ude	Fugt_ude					
28-04-2022 00:02:41						14,25	80,9	0,74	4,96	0,			14,77	73,4	0,62	5,24	0,			13,75	87,6	0,48	0,	25,67				15,12	92,9	0,47	0,	25,5				5,83	83,6					
28-04-2022 00:07:42						14,43	82,1	0,75	4,58	0,			14,83	72,6	0,63	4,92	0,			13,75	87,6	0,48	0,	25,67				15,06	92,9	0,47	0,	25,5				6,08	84,1					
28-04-2022 00:12:43						14,25	80,2	0,78	4,11	0,			14,83	72,6	0,56	3,55	0,			13,75	87,6	0,48	0,	25,67				15,12	92,9	0,47	0,	25,5				5,96	84,1					
28-04-2022 00:17:41						14,31	80,2	0,74	3,75	0,			15,08	73,9	0,51	1,44	0,			13,75	87,6	0,48	0,	25,67				15,00	92,9	0,47	0,	25,5				5,90	84,1					
28-04-2022 00:22:42						14,18	79,7	0,77	3,17	0,			15,08	72,2	0,48	0,08	0,			13,75	87,5	0,48	0,	25,67				15,06	93,	0,47	0,	25,5				5,96	84,4					
28-04-2022 00:27:41						14,43	79,7	0,73	2,77	0,			15,15	73,8	2,59	9,87	25,5			13,69	87,5	0,48	0,	25,67				15,18	93,	0,47	0,	25,5				6,08	84,5					
28-04-2022 00:32:42						14,37	79,7	0,67	1,4	0,			15,08	73,	2,78	9,87	25,5			13,69	87,6	0,48	0,	25,67				15,12	93,	0,47	0,	25,5				6,08	84,5					
28-04-2022 00:37:41						14,18	79,2	0,62	0,99	0,			15,15	72,2	2,62	9,87	25,5			13,75	87,5	0,48	0,	25,67				15,12	93,	0,47	0,	25,5				5,77	84,1					
28-04-2022 00:42:42						14,25	78,7	0,45	0,	0,			15,02	72,3	2,54	9,87	25,5			13,81	87,6	0,48	0,	25,67				15,18	93,1	0,47	0,	25,5				5,58	84,2					
28-04-2022 00:47:41						14,18	77,3	0,44	0,	0,			14,96	72,1	2,26	9,86	25,5			13,75	87,5	0,48	0,	25,67				15,12	93,	0,47	0,	25,5				5,33	84,6					
28-04-2022 00:52:42						14,25	78,5	2,49	8,53	25,55			15,33	71,6	2,37	9,86	25,5			13,75	87,6	0,48	0,	25,67				15,25	93,2	0,49	0,	25,5				5,27	84,9					
28-04-2022 00:57:42						14,06	78,9	2,33	8,41	25,55			15,46	72,4	2,26	9,85	25,5			13,75	87,6	0,48	0,	25,67				15,18	93,4	0,47	0,	25,5				5,21	84,5					
28-04-2022 01:02:41						14,62	79,8	2,32	8,03	25,55			15,52	71,5	2,52	9,85	25,5			13,69	87,6	0,48	0,	25,67				15,12	93,4	0,48	0,	25,5				5,27	84,4					
28-04-2022 01:07:42						14,87	80,1	2,24	7,93	25,55			15,40	72,2	2,02	9,86	25,5			13,81	87,6	0,48	0,	25,67				15,18	93,4	0,47	0,	25,5				5,02	83,6					
28-04-2022 01:12:41						15,18	80,4	2,18	7,94	25,55			15,71	73,5	2,08	9,85	25,5			13,75	87,6	0,48	0,	25,67				15,00	93,5	0,47	0,	25,5				5,52	84,8					
28-04-2022 01:17:42						15,25	79,3	2,19	7,81	25,55			15,77	71,3	2,25	9,85	25,5			13,69	87,6	0,48	0,	25,67				15,00	93,5	0,47	0,	25,5				5,08	84,					
28-04-2022 01:22:41						15,43	79,3	1,97	7,73	25,55			15,77	71,1	2,35	9,85	25,5			13,75	87,6	0,48	0,	25,67				15,18	93,5	0,47	0,	25,5				5,21	84,1					
28-04-2022 01:27:42						15,56	79,	2,02	7,74	25,55			15,71	70,2	2,06	9,85	25,5			13,75	87,3	0,48	0,	25,67				15,00	93,5	0,47	0,	25,5				5,27	84,6					
28-04-2022 01:32:41						15,31	78,6	2,	7,83	25,55			15,71	70,5	2,38	9,85	25,5			13,69	87,4	0,48	0,	25,67				15,00	93,6	0,47	0,	25,5				5,33	84,4					
28-04-2022 01:37:41						15,25	77,5	2,05	7,83	25,55			15,46	70,7	2,34	9,85	25,5			13,69	87,6	0,48	0,	25,67				14,93	93,7	0,47	0,	25,5				5,40	84,8					
28-04-2022 01:42:42						15,50	79,	2,19	8,08	25,55			15,65	69,4	2,13	9,85	25,5			13,75	87,6	0,48	0,	25,67				15,06	93,8	0,47	0,	25,5				5,27	84,8					
28-04-2022 01:47:41						15,12	77,7	2,02	7,74	25,55			15,52	71,	2,26	9,86	25,5			13,69	87,6	0,48	0,	25,67				14,93	93,8	0,47	0,	25,5				5,15	85,					
28-04-2022 01:52:42						15,50	78,3	1,97	7,75	25,55			15,83	72,2	2,45	9,85	25,5			13,75	87,6	0,48	0,	25,67				15,00	93,8	0,47	0,	25,5				5,21	85,6					
28-04-2022 01:57:41						15,50	77,9	1,93	7,79	25,55			15,33	71,	2,47	9,85	25,5			13,75	87,5	0,48	0,	25,67				14,87	93,8	0,47	0,	25,5				5,15	85,3					
28-04-2022 02:02:42						15,68	78,3	2,02	7,63	25,55			15,40	70,6	2,29	9,85	25,5			13,69	87,5	0,48	0,	25,67				14,81	93,8	0,47	0,	25,5				5,08	85,3					
28-04-2022 02:07:41						15,75	79,7	1,76	7,55	25,55			15,33	71,2	2,18	9,85	25,5			13,75	87,6	0,48	0,	25,67				14,81	93,8	0,47	0,	25,5				5,08	85,3					
28-04-2022 02:12:42						16,06	79,3	1,9	7,61	25,55			15,58	71,5	2,54	9,85	25,5			13,75	87,6	0,48	0,	25,67				14,81	93,8	0,47	0,	25,5				4,96	85,5					
28-04-2022 02:17:41						15,93	79,4	1,95	7,54	25,55			15,46	71,	2,46	9,85	25,5			13,69	87,5	0,48	0,	25,67				14,93	94,	0,47	0,	25,5				4,96	85,6					
28-04-2022 02:22:42						16,25	79,7	1,94	7,66	25,55			15,58	73,	2,38	9,85	25,5			13,69	87,6	0,48	0,	25,67				14,81	94,	0,47	0,	25,5				4,90	86,					
28-04-2022 02:27:42						16,25	79,5	2,13	7,87	25,55			15,52	71,3	2,32	9,86	25,5			13,69	87,6	0,48	0,	25,67				15,06	94,2	0,47	0,	25,5				4,65	85,9					
28-04-2022 02:32:40						15,87	79,3	2,33	7,88	25,55			15,46	71,9	2,21	9,85	25,5			13,75	87,6	0,48	0,	25,67				14,93	94,2	0,47	0,	25,5				5,02	86,7					
28-04-2022 02:37:42						15,56	78,1	2,05	7,75	25,55			15,40	71,2	2,23	9,85	25,5			13,75	87,6	0,48	0,	25,67				14,93	94,1	0,47	0,	25,5				4,77	86,4					
28-04-2022 02:42:41						15,56	77,7	2,02	7,73	25,55			15,46	72,2	2,19	9,85	25,5			13,69	87,6	0,48	0,	25,67				14,75	94,2	0,47	0,	25,5				4,52	86,					
28-04-2022 02:47:42						15,56	77,7	2,07	7,67	25,55			15,46	71,4	2,12	9,86	25,5			13,69	87,6	0,48	0,	25,67				15,00	94,2	0,47	0,	25,5				4,77	86,7					
28-04-2022 02:52:40						15,62	77,4	2,	7,59	25,55			15,27	70,3	2,1	9,86	25,5			13,69	87,6	0,48	0,	25,67				15,06	94,2	0,47	0,	25,5				4,83	87,1					
28-04-2022 02:57:42						15,62	78,1	2,09	7,54	25,55			15,33	70,1	1,77	9,86	25,5			13,69	87,6	0,48	0,	25,67				14,93	94,2	0,47	0,	25,5				4,65	86,8					
28-04-2022 03:02:41						15,68	77,4	1,98	7,59	25,55			15,58	70,9	1,87	9,85	25,5			13,69	87,6	0,48	0,	25,67				14,93	94,2	0,47	0,	25,5				4,71	87,2					
28-04-2022 03:07:42						15,75	76,9	1,85	7,38	25,55			15,58	69,5	2,04	9,85	25,5			13,69	87,6	0,48	0,	25,67				14,87	94,2	0,47	0,	25,5				4,71	87,					
28-04-2022 03:12:42						16,00	78,1	1,95	7,48	25,55			15,77	70,6	1,93	9,85	25,5			13,69	87,6	0,48	0,	25,67				15,12	94,3	0,47	0,	25,5				4,83	87,9					
28-04-2022 03:17:41						15,87	77,4	1,81	7,39	25,55			15,71	69,8	1,8	9,85	25,5			13,69	87,6	0,48	0,	25,67				15,06	94,2	0,49	0,	25,5				4,77	87,2					
28-04-2022 03:22:42						15,87	76,5	2,19	7,67	25,55			16,02	70,7	1,97	9,85	25,5			13,69	87,6	0,48	0,	25,67				14,81	94,2	0,48	0,	25,5				5,21	87,6					
28-04-2022 03:27:41						16,06	78,1	1,86	7,71	25,55			15,90	71,6	1,98	9,85	25,5			13,69	87,6	0,53	0,	25,67				14,81	94,2	0,55	0,	25,5				5,40	87,6					
28-04-2022 03:32:41						16,12	77,8	1,92	7,72	25,55			16,21	71,4	1,85	9,85	25,5			13,69	87,6	0,53	0,	25,67				15,00	94,2	0,52	0,	25,5				5,58	87,6					
28-04-2022 03:37:41						16,00	77,3	2,13	7,72	25,55			16,08	70,7	2,36	9,85	25,5			13,69	87,6	0,6	0,	25,67				15,06	94,2	0,6	0,	25,5				5,71	87,6					
28-04-2022 03:42:42						16,06	77,8	2,26	7,8	25,55			16,27	71,3	2,29	9,85	25,5			13,69	87,6	0,52	0,	25,67				14,93	94,2	0,57	0,	25,5				5,71	86,8					
28-04-2022 03:47:41						16,12	78,1	2,23	7,86	25,55			16,08	71,4	2,51	9,85	25,5			13,69	87,6	0,57	0,	25,67				14,93	94,2	0,54	0,	25,5				5,65	87,2					
28-04-2022 03:52:42						16,06	77,6	2,43	7,92	25,55			16,21	70,1	2,41	9,86	25,5			13,63	87,6	0,52	0,	25,67				14,75	94,2	0,49	0,	25,5				5,58	87,6					
28-04-2022 03:57:42						15,87	77,7	2,32	7,93	25,55			16,27	72,2	2,56	9,85	25,5			13,69	87,5	0,52	0,	25,67				15,00	94,3	0,51	0,	25,5				5,58	87,6					
28-04-2022 04:02:41						15,68	77,7	2,32	8,04	25,55			15,90	71,4	2,7	9,85	25,5			13,69	87,6	0,53	0,	25,67				14,87	94,3	0,51	0,	25,5				5,65	87,7					
28-04-2022 04:07:42						15,62	77,7	2,12	8,13	25,55			15,65	70,9	2,67	9,85	25,5			13,63	87,5	0,51	0,	25,67				14,81	94,2	0,55	0,	25,5				5,58	87,6					
28-04-2022 04:12:41						15,43	77,7	2,61	8,25	25,55			15,46	71,	2,71	9,85	25,5			13,56	87,5	0,51	0,	25,67				14,75	94,3	0,52	0,	25,5				5,46	87,8					
28-04-2022 04:17:42						15,50	78,1	2,2	8,31	25,55			15,65	71,3	2,75	9,85	25,5			13,63	87,6	0,57	0,	25,67				15,00	94,3	0,53	0,	25,5				5,46	88,					
28-04-2022 04:22:41						15,18	78,	2,59	8,33	25,55			15,58	70,9	2,7	9,86	25,5			13,63	87,5	0,56	0,	25,67				14,75	94,2	0,56	0,	25,5				5,46	88,1					
28-04-2022 04:27:43						15,18	78,1	2,52	8,49	25,55			15,71	71,2	2,52	9,85	25,5			13,63	87,6	0,57	0,	25,67				14,68	94,2	0,51	0,	25,5				5,52	88,					
28-04-2022 04:32:41						14,87	78,1	2,61	8,33	25,55			15,65	70,6	2,49	9,85	25,5			13,63	87,3	0,54	0,	25,67				14,75	94,3	0,53	0,	25,5				5,33	88,					
28-04-2022 04:37:42						14,93	79,6	2,64	8,48	25,55			16,08	71,8	2,59	9,85	25,5			13,63	87,6	0,56	0,	25,67				14,93	94,3	0,55	0,	25,5				5,27	88,4					
28-04-2022 04:42:42						14,93	79,2	2,58	8,7	25,55			15,71	72,2	2,83	9,85	25,5			13,63	87,4	0,67	0,	25,67				14,75	94,2	0,61	0,	25,5				5,46	88,8					
28-04-2022 04:47:40						14,87	79,9	2,49	8,61	25,55			15,65	72,6	2,6	9,84	25,5			13,63	87,4	0,59	0,	25,67				15,06	94,2	0,51	0,	25,5				5,33	88,4					
28-04-2022 04:52:41						15,12	79,3	2,54	8,72	25,55			15,40	71,7	2,57	9,85	25,5			13,63	87,5	0,57	0,	25,67				14,81	94,2	0,53	0,	25,5				5,40	88,4					
28-04-2022 04:57:41						14,62	78,8	2,59	8,82	25,55			15,52	72,8	2,71	9,85	25,5			13,63	87,5	0,55	0,	25,67				15,00	94,3	0,55	0,	25,5				5,40	88,4					
28-04-2022 05:02:42						14,37	78,9	2,48	9,03	25,55			15,58	72,3	2,77	9,85	25,5			13,63	87,3	0,55	0,	25,67				14,93	94,2	0,55	0,	25,5				5,33	88,4					
28-04-2022 05:07:42						14,68	79,7	2,39	9,03	25,55			15,40	71,	2,48	9,85	25,5			13,63	87,6	0,52	0,	25,67				14,81	94,4	0,51	0,	25,5				5,33	88,5					
28-04-2022 05:12:42						14,56	78,9	2,71	9,13	25,55			15,65	72,2	2,6	9,85	25,5			13,63	87,5	0,52	0,	25,67				14,75	94,3	0,52	0,	25,5				5,33	88,8					
28-04-2022 05:17:42						14,62	79,6	2,41	9,32	25,55			15,52	71,4	2,31	9,86	25,5			13,56	87,3	0,53	0,	25,67				14,68	94,3	0,52	0,	25,5				5,40	88,4					
28-04-2022 05:22:42						14,56	79,7	2,52	9,11	25,55			15,58	71,9	2,43	9,86	25,5			13,63	87,6	0,53	0,	25,67				15,00	94,4	0,53	0,	25,5				5,27	88,4					
28-04-2022 05:27:43						14,62	79,2	2,5	8,91	25,55			15,83	72,	2,42	9,84	25,5			13,69	87,4	0,56	0,	25,67				14,81	94,4	0,53	0,	25,5				5,21	88,4					
28-04-2022 05:32:42						14,50	79,2	2,64	8,86	25,55			15,65	71,3	2,25	9,85	25,5			13,56	87,6	0,55	0,	25,67				14,75	94,5	0,51	0,	25,5				5,33	88,4					
28-04-2022 05:37:42						14,56	79,3	2,57	8,62	25,55			15,71	72,2	2,24	9,85	25,5			13,63	87,5	0,54	0,	25,67				14,81	94,5	0,55	0,	25,5				5,21	88,					
28-04-2022 05:42:41						14,56	79,7	2,61	8,4	25,55			15,96	72,9	2,37	9,85	25,5			13,63	87,6	0,54	0,	25,67				14,93	94,4	0,54	0,	25,5				5,27	88,1					
28-04-2022 05:47:42						14,87	80,1	2,39	8,25	25,55			16,15	73,	2,47	9,85	25,5			13,56	87,6	0,55	0,	25,67				15,00	94,4	0,51	0,	25,5				5,33	88,1					
28-04-2022 05:52:41						15,06	80,5	2,28	8,21	25,55			15,96	72,6	2,4	9,86	25,5			13,56	87,6	0,52	0,	25,67				14,81	94,5	0,51	0,	25,5				5,33	88,					
28-04-2022 05:57:42						14,93	80,5	2,51	8,51	25,55			15,65	72,6	2,41	9,86	25,5			13,56	87,5	0,55	0,	25,67				15,00	94,5	0,55	0,	25,5				5,33	88,					
28-04-2022 06:02:41						14,50	79,4	2,57	8,7	25,55			15,77	72,2	2,73	9,86	25,5			13,63	87,6	0,57	0,	25,67				14,87	94,6	0,54	0,	25,5				5,46	88,					
28-04-2022 06:07:42						14,56	80,9	2,48	8,82	25,55			15,58	71,8	2,59	9,86	25,5			13,63	87,6	0,5	0,	25,67				14,93	94,5	0,55	0,	25,5				5,77	87,3					
28-04-2022 06:12:42						14,68	81,6	2,52	8,81	25,55			15,58	73,1	2,4	9,86	25,5			13,63	87,4	0,52	0,	25,67				14,81	94,5	0,48	0,	25,5				6,02	86,4					
28-04-2022 06:17:41						14,68	80,8	2,39	8,85	25,55			15,52	72,2	2,57	9,86	25,5			13,63	87,4	0,53	0,	25,67				14,81	94,5	0,52	0,	25,5				6,27	84,8					
28-04-2022 06:22:42						14,56	80,1	2,46	9,01	25,55			15,65	72,6	2,31	9,85	25,5			13,63	87,3	0,55	0,	25,67				14,87	94,4	0,54	0,	25,5				6,02	83,2					
28-04-2022 06:27:41						14,50	79,7	2,36	9,08	25,55			16,02	75,	2,5	9,86	25,5			13,63	87,3	0,64	0,	25,67				14,93	94,4	0,54	0,	25,5				5,96	82,9					
28-04-2022 06:32:42						14,62	80,1	2,59	8,77	25,55			15,96	74,2	2,68	9,85	25,5			13,63	87,3	0,56	0,	25,67				14,87	94,5	0,56	0,	25,5				5,96	82,8					
28-04-2022 06:37:41						14,68	81,3	2,35	8,83	25,55			16,02	74,9	2,87	9,85	25,5			13,63	87,5	0,6	0,	25,67				14,81	94,4	0,55	0,	25,5				6,08	81,2					
28-04-2022 06:42:42						15,37	83,3	2,56	8,63	25,55			16,15	76,2	2,9	9,85	25,5			13,69	87,5	0,56	0,	25,67				14,68	94,3	0,51	0,	25,5				6,02	80,					
28-04-2022 06:47:41						16,62	84,9	2,36	9,53	25,55			16,46	75,4	2,8	9,85	25,5			13,69	87,3	0,55	0,	25,67				15,00	94,3	0,59	0,	25,5				6,21	82,3					
28-04-2022 06:52:42						16,81	83,7	0,86	3,47	0,			17,02	77,8	0,57	2,4	0,			13,63	87,3	0,56	0,	25,67				15,06	94,2	0,55	0,	25,5				6,27	84,1					
28-04-2022 06:57:42						16,12	84,2	0,75	4,03	0,			16,90	77,4	0,7	4,58	0,			13,63	87,4	0,56	0,	25,67				14,75	94,2	0,52	0,	25,5				6,33	84,4					
28-04-2022 07:02:41						15,43	84,5	0,79	3,75	0,			17,15	81,4	0,69	5,	0,01			13,63	87,6	0,58	0,	25,67				14,81	94,2	0,52	0,	25,5				6,46	84,8					
28-04-2022 07:07:42						15,12	84,	0,85	3,37	0,			16,83	78,6	0,69	5,44	0,			13,63	87,6	0,65	0,	25,67				15,00	94,3	0,61	0,	25,5				6,52	84,4					
28-04-2022 07:12:41						14,93	84,5	0,78	3,52	0,			16,21	78,6	0,77	5,79	0,			13,63	87,4	0,64	0,	25,67				14,81	94,2	0,55	0,	25,5				6,58	84,4					
28-04-2022 07:17:41						14,81	83,7	0,86	3,16	0,			16,40	79,6	0,89	6,51	0,			13,69	87,6	0,63	0,	25,67				14,87	94,2	0,61	0,	25,5				6,71	84,4					
28-04-2022 07:22:42						14,93	84,5	0,95	2,98	0,			15,77	77,8	0,76	7,04	0,			13,69	87,5	0,6	0,	25,67				14,93	94,2	0,51	0,	25,5				6,77	84,					
28-04-2022 07:27:42						14,75	84,5	0,79	2,78	0,			15,90	80,2	0,79	6,49	0,			13,63	87,2	0,59	0,	25,67				14,81	94,3	0,58	0,	25,5				6,77	83,5					
28-04-2022 07:32:41						14,87	84,4	0,64	1,8	0,			15,90	79,4	0,78	6,49	0,			13,63	87,2	0,64	0,	25,67				14,81	94,3	0,55	0,	25,5				6,90	83,1					
28-04-2022 07:37:42						15,00	85,3	0,64	0,75	0,			15,52	78,3	0,72	6,49	0,			13,69	87,2	0,58	0,	25,67				14,75	94,2	0,55	0,	25,5				7,02	82,5					
28-04-2022 07:42:42						15,06	84,5	0,51	0,32	0,			15,08	77,7	0,68	5,89	0,			13,56	87,2	0,64	0,	25,67				14,87	94,2	0,58	0,	25,5				7,15	82,4					
28-04-2022 07:47:41						15,00	83,7	0,57	0,41	0,			14,96	77,4	0,62	5,65	0,			13,56	87,1	0,58	0,	25,67				14,87	94,2	0,52	0,	25,5				7,21	82,1					
28-04-2022 07:52:42						14,81	83,3	0,44	0,	0,			15,15	77,8	0,65	5,16	0,			13,63	87,2	0,56	0,	25,67				14,93	94,2	0,55	0,	25,5				7,21	81,6					
28-04-2022 07:57:41						15,12	83,8	0,65	0,13	0,			15,33	78,3	0,69	5,15	0,			13,63	87,2	0,6	0,	25,67				15,06	94,2	0,55	0,	25,5				7,40	80,8					
28-04-2022 08:02:42						15,12	82,9	0,45	0,	0,			15,15	77,	0,76	5,15	0,			13,63	87,2	0,63	0,	25,67				14,93	94,2	0,56	0,	25,5				7,33	80,					
28-04-2022 08:07:41						15,12	83,	0,44	0,	0,			15,21	76,1	0,67	5,15	0,			13,56	87,2	0,55	0,	25,67				14,81	94,2	0,53	0,	25,5				7,46	79,6					
28-04-2022 08:12:42						14,87	82,2	0,45	0,	0,			15,08	76,1	0,73	4,66	0,			13,56	87,2	0,62	0,	25,67				15,06	94,2	0,56	0,	25,5				7,71	79,6					
28-04-2022 08:17:41						14,93	82,9	2,63	9,08	25,55			15,40	77,	0,67	4,12	0,			13,69	87,2	0,6	0,	25,67				14,87	94,2	0,58	0,	25,5				7,71	79,3					
28-04-2022 08:22:42						14,87	83,2	2,38	9,42	25,55			15,33	75,8	0,74	4,11	0,			13,56	87,2	0,56	0,	25,67				15,06	94,2	0,55	0,	25,5				7,83	78,8					
28-04-2022 08:27:42						14,93	84,	2,35	9,42	25,55			15,46	76,6	0,67	4,23	0,			13,63	87,2	0,52	0,	25,67				14,87	94,2	0,51	0,	25,5				8,02	78,8					
28-04-2022 08:32:41						14,81	83,2	2,32	9,44	25,55			15,46	76,2	0,71	3,8	0,			13,56	87,2	0,59	0,	25,67				14,87	94,2	0,61	0,	25,5				7,90	77,7					
28-04-2022 08:37:42						14,93	83,3	2,27	9,43	25,55			15,71	76,2	0,78	3,8	0,			13,63	87,2	0,55	0,	25,67				14,93	94,1	0,58	0,	25,5				8,27	77,3					
28-04-2022 08:42:42						15,25	83,3	0,77	2,64	0,			15,96	76,2	0,68	3,8	0,			13,63	87,2	0,51	0,	25,67				14,87	94,	0,51	0,	25,5				8,58	77,2					
28-04-2022 08:47:42						15,31	83,3	0,72	2,28	0,			15,90	75,	0,72	4,43	0,			13,63	87,2	0,58	0,	25,67				15,00	94,1	0,57	0,	25,5				8,27	75,6					
28-04-2022 08:52:42						15,18	82,3	0,81	3,	0,			15,71	75,1	0,84	4,92	0,			13,63	87,2	0,5	0,	25,67				14,87	94,1	0,56	0,	25,5				8,58	76,4					
28-04-2022 08:57:42						15,37	83,7	0,8	3,27	0,			15,65	75,4	0,68	4,92	0,			13,69	87,1	0,56	0,	25,67				15,12	94,1	0,59	0,	25,5				8,58	74,8					
28-04-2022 09:02:41						15,56	82,9	0,99	3,77	0,			15,77	76,4	0,71	4,92	0,			13,69	87,	0,52	0,	25,67				15,12	94,1	0,51	0,	25,5				8,96	75,3					
28-04-2022 09:07:44						15,62	83,3	0,85	4,02	0,			15,90	75,8	0,82	4,92	0,			13,69	86,9	0,58	0,	25,67				15,12	94,1	0,52	0,	25,5				8,65	74,7					
28-04-2022 09:12:41						15,50	83,4	0,85	4,45	0,			15,90	74,6	0,66	4,92	0,			13,69	86,9	0,56	0,	25,67				14,93	94,1	0,51	0,	25,5				8,77	74,8					
28-04-2022 09:17:43						15,31	82,4	0,79	4,57	0,			15,90	75,5	0,71	4,92	0,			13,69	86,9	0,53	0,	25,67				15,06	94,1	0,57	0,	25,5				8,83	74,6					
28-04-2022 09:22:42						15,31	82,6	0,78	4,84	0,			15,90	76,2	0,68	4,92	0,			13,69	86,9	0,52	0,	25,67				15,00	94,1	0,53	0,	25,5				9,21	74,6					
28-04-2022 09:27:41						15,50	83,3	0,97	4,96	0,			16,21	75,8	0,75	5,36	0,			13,75	87,	0,54	0,	25,67				15,12	93,9	0,53	0,	25,5				9,21	72,3					
28-04-2022 09:32:41						15,43	82,8	0,86	5,42	0,			16,02	75,4	0,67	5,36	0,			13,69	86,9	0,58	0,	25,67				15,12	93,9	0,52	0,	25,5				9,40	73,3					
28-04-2022 09:37:40						15,56	82,9	0,89	5,36	0,			16,08	76,2	0,76	5,57	0,			13,75	87,	0,56	0,	25,67				15,12	94,	0,49	0,	25,5				9,21	71,2					
28-04-2022 09:42:42						15,50	82,7	1,13	5,72	0,			16,02	75,4	0,74	5,77	0,			13,75	87,2	0,54	0,	25,67				15,06	93,9	0,51	0,	25,5				9,27	70,5					
28-04-2022 09:47:42						15,31	83,3	1,06	5,94	0,			16,08	75,8	0,7	5,98	0,			13,69	87,2	0,55	0,	25,67				15,31	94,	0,51	0,	25,5				9,71	71,					
28-04-2022 09:52:42						15,43	83,5	1,	6,32	0,			16,27	75,	0,71	6,45	0,			13,75	87,2	0,52	0,	25,67				15,12	94,1	0,51	0,	25,5				9,77	69,3					
28-04-2022 09:57:43						15,43	83,7	1,24	6,65	0,			16,27	75,5	0,85	6,95	0,			13,75	87,2	0,56	0,	25,67				15,18	94,1	0,59	0,	25,5				9,96	68,5					
28-04-2022 10:02:43						15,18	82,9	1,58	7,27	0,			16,33	76,2	0,74	6,95	0,			13,75	87,2	0,49	0,	25,67				15,06	94,	0,5	0,	25,5				10,02	66,3					
28-04-2022 10:07:42						15,25	84,5	1,64	7,33	0,			16,27	75,8	0,87	6,94	0,			13,69	87,1	0,51	0,	25,67				15,31	94,	0,55	0,	25,5				10,15	66,5					
28-04-2022 10:12:41						15,25	84,5	1,91	7,69	0,			16,21	75,6	0,96	7,46	0,			13,75	87,1	0,49	0,	25,67				15,12	94,2	0,52	0,	25,5				10,21	68,1					
28-04-2022 10:17:42						15,18	84,1	1,93	7,88	0,			16,27	75,4	0,98	8,01	0,			13,75	87,1	0,54	0,	25,67				15,06	94,	0,5	0,	25,5				10,46	68,9					
28-04-2022 10:22:41						15,25	85,2	2,32	8,15	0,			16,33	75,3	1,1	8,98	0,			13,81	87,2	0,52	0,	25,67				15,12	94,	0,5	0,	25,5				10,40	66,9					
28-04-2022 10:27:44						15,00	84,2	2,49	8,62	0,			16,40	75,2	1,48	9,68	0,			13,81	87,2	0,56	0,	25,67				15,12	94,1	0,56	0,	25,5				10,71	66,8					
28-04-2022 10:32:40						15,25	84,1	2,22	9,32	0,			16,46	75,2	1,6	9,86	0,			13,81	86,9	0,52	0,	25,67				15,18	93,9	0,49	0,	25,5				11,02	65,1					
28-04-2022 10:37:42						15,25	83,8	1,93	9,54	0,			16,21	74,6	1,81	9,87	0,			13,81	87,1	0,54	0,	25,67				15,31	93,8	0,56	0,	25,5				11,02	65,1					
28-04-2022 10:42:42						15,50	84,1	2,12	9,54	0,			16,33	74,2	2,17	9,86	0,			13,88	87,1	0,55	0,	25,67				15,25	93,9	0,55	0,	25,5				11,15	65,					
28-04-2022 10:47:41						15,43	83,3	2,11	9,56	0,			16,33	74,5	2,19	9,85	0,			13,88	87,2	0,56	0,	25,67				15,25	93,8	0,59	0,	25,5				10,90	64,5					
28-04-2022 10:52:42						15,43	83,3	1,93	9,55	0,			16,27	73,3	2,25	9,86	0,			13,88	87,2	0,53	0,	25,67				15,25	93,9	0,52	0,	25,5				11,40	64,2					
28-04-2022 10:57:41						15,75	82,9	2,13	9,55	0,			16,33	73,6	2,65	9,85	0,			13,94	87,2	0,55	0,	25,67				15,43	94,	0,53	0,	25,5				11,40	62,5					
28-04-2022 11:02:42						15,87	82,9	2,05	9,54	0,			16,46	73,2	2,71	9,86	0,			13,94	87,2	0,56	0,	25,67				15,25	93,8	0,56	0,	25,5				11,40	60,5					
28-04-2022 11:07:41						16,25	82,9	2,02	9,53	0,			16,65	73,	2,49	9,85	0,			13,94	87,2	0,52	0,	25,67				15,25	94,	0,56	0,	25,5				11,65	61,8					
28-04-2022 11:12:42						16,31	82,4	1,93	9,55	0,			16,71	73,	2,61	9,86	0,			13,94	87,2	0,48	0,	25,67				15,50	94,1	0,5	0,	25,5				11,90	61,7					
28-04-2022 11:17:41						16,43	82,8	2,11	9,53	0,			17,15	73,5	2,37	9,86	0,			13,94	87,4	0,68	0,	25,67				15,43	93,9	0,65	0,	25,5				11,52	59,7					
28-04-2022 11:22:42						16,50	81,6	1,97	9,56	0,			16,77	72,7	2,41	9,85	0,			14,00	87,4	0,51	0,	25,67				15,56	93,9	0,53	0,	25,5				11,58	59,7					
28-04-2022 11:27:42						16,56	81,5	2,2	9,55	0,			16,90	72,3	2,44	9,86	0,			13,94	87,3	0,54	0,	25,67				15,31	93,8	0,58	0,	25,5				11,71	59,3					
28-04-2022 11:32:41						16,62	81,3	2,2	9,53	0,			17,21	72,6	2,39	9,86	0,			14,00	87,3	0,5	0,	25,67				15,43	93,8	0,51	0,	25,5				11,65	57,8					
28-04-2022 11:37:42						16,81	80,9	1,98	9,58	0,			17,27	72,8	2,47	9,85	0,			14,00	87,3	0,54	0,	25,67				15,37	93,8	0,55	0,	25,5				11,83	56,9					
28-04-2022 11:42:41						16,75	79,7	2,09	9,53	0,			17,08	71,4	2,36	9,86	0,			14,00	87,2	0,66	0,	25,67				15,31	93,8	0,6	0,	25,5				12,15	56,4					
28-04-2022 11:47:42						17,00	79,1	2,07	9,54	0,			17,52	72,2	2,44	9,86	0,			14,00	87,2	0,48	0,	25,67				15,25	93,8	0,51	0,	25,5				11,96	57,3					
28-04-2022 11:52:40						16,68	78,9	2,01	9,56	0,			17,71	71,4	2,42	9,86	0,			14,06	87,2	0,48	0,	25,67				15,37	93,8	0,51	0,	25,5				11,96	54,1					
28-04-2022 11:57:42						17,18	79,3	2,14	9,53	0,			17,77	71,	2,47	9,87	0,			14,06	87,2	0,54	0,	25,67				15,56	93,7	0,52	0,	25,5				12,02	55,3					
28-04-2022 12:02:40						17,18	78,	1,93	9,55	0,			18,02	71,1	2,33	9,87	0,			14,06	87,2	0,62	0,	25,67				15,56	93,5	0,51	0,	25,5				12,21	55,1					
28-04-2022 12:07:41						17,12	77,9	2,17	9,54	0,			18,02	69,4	2,26	9,87	0,			14,06	87,2	0,48	0,	25,67				15,37	93,5	0,47	0,	25,5				12,27	55,5					
28-04-2022 12:12:41						17,93	80,9	2,01	9,56	0,			18,21	69,8	2,5	9,87	0,			14,13	87,2	0,48	0,	25,67				15,43	93,4	0,49	0,	25,5				12,27	54,1					
28-04-2022 12:17:41						18,75	79,7	2,	9,55	0,			18,15	68,2	2,54	9,86	0,			14,13	87,2	0,48	0,	25,67				15,43	93,3	0,51	0,	25,5				12,08	51,9					
28-04-2022 12:22:42						18,56	80,1	2,09	9,54	0,			19,08	72,7	2,5	9,87	0,			14,13	87,2	0,5	0,	25,67				15,62	93,2	0,49	0,	25,5				12,33	58,9					
28-04-2022 12:27:41						17,87	78,5	1,95	9,56	0,			19,46	71,9	2,53	9,87	0,			14,13	87,2	0,54	0,	25,67				15,50	93,1	0,57	0,	25,5				12,65	58,4					
28-04-2022 12:32:41						17,87	78,6	2,21	9,55	0,			19,40	71,4	2,32	9,87	0,			14,19	87,2	0,48	0,	25,67				15,43	93,	0,5	0,	25,5				12,27	55,7					
28-04-2022 12:37:41						17,87	78,1	2,32	9,55	0,			19,15	70,1	2,57	9,86	0,			14,19	87,2	0,57	0,	25,67				15,62	93,	0,52	0,	25,5				12,65	53,5					
28-04-2022 12:42:42						17,81	77,	2,21	9,53	0,			19,08	69,5	2,28	9,86	0,			14,19	87,2	0,53	0,	25,67				15,50	93,	0,58	0,	25,5				12,83	58,1					
28-04-2022 12:47:40						17,75	76,5	2,04	9,56	0,			18,90	69,	2,35	9,87	0,			14,19	87,2	0,48	0,	25,67				15,75	93,	0,49	0,	25,5				12,71	50,8					
28-04-2022 12:52:41						18,12	76,3	2,03	9,56	0,			18,77	67,4	2,35	9,86	0,			14,25	87,2	0,57	0,	25,67				15,62	92,9	0,57	0,	25,5				13,08	54,6					
28-04-2022 12:57:41						18,18	76,3	2,25	9,57	0,			18,77	67,8	2,44	9,86	0,			14,25	87,2	0,48	0,	25,67				15,56	93,	0,51	0,	25,5				12,90	54,9					
28-04-2022 13:02:41						18,62	76,9	2,03	9,55	0,			18,96	67,7	2,41	9,86	0,			14,25	87,1	0,49	0,	25,67				15,56	92,9	0,53	0,	25,5				13,15	58,1					
28-04-2022 13:07:41						18,81	75,7	2,1	9,54	0,			19,02	65,7	2,44	9,87	0,			14,31	86,9	0,48	0,	25,67				15,81	92,7	0,51	0,	25,5				13,08	52,9					
28-04-2022 13:12:41						18,50	73,6	2,2	9,53	0,			19,15	65,3	2,56	9,87	0,			14,31	86,9	0,56	0,	25,67				15,62	92,7	0,51	0,	25,5				13,02	53,6					
28-04-2022 13:17:41						18,37	73,6	2,19	9,55	0,			19,40	66,2	2,69	9,86	0,			14,31	86,9	0,54	0,	25,67				15,68	92,6	0,63	0,	25,5				13,15	52,1					
28-04-2022 13:22:41						18,37	72,6	2,04	9,54	0,			19,40	65,	2,46	9,86	0,			14,31	87,	0,56	0,	25,67				15,62	92,7	0,53	0,	25,5				13,21	50,9					
28-04-2022 13:27:42						18,62	72,5	1,93	9,54	0,			19,33	64,5	2,49	9,86	0,			14,38	87,	0,48	0,	25,67				15,87	92,6	0,48	0,	25,5				13,02	48,6					
28-04-2022 13:32:41						18,68	71,4	2,01	9,57	0,			19,52	64,5	2,47	9,86	0,			14,38	87,	0,54	0,	25,67				15,75	92,6	0,56	0,	25,5				13,08	49,8					
28-04-2022 13:37:43						18,93	72,2	2,06	9,53	0,			19,58	62,9	2,49	9,86	0,			14,31	87,2	0,52	0,	25,67				15,68	92,6	0,52	0,	25,5				13,58	51,					
28-04-2022 13:42:42						18,62	69,8	2,02	9,54	0,			19,96	62,8	2,55	9,85	0,			14,38	86,9	0,49	0,	25,67				15,62	92,5	0,5	0,	25,5				13,83	46,					
28-04-2022 13:47:40						18,87	69,4	2,18	9,54	0,			19,77	61,1	2,45	9,86	0,			14,38	87,1	0,53	0,	25,67				15,75	92,5	0,51	0,	25,5				13,21	47,3					
28-04-2022 13:52:42						19,00	69,6	2,46	9,55	0,			19,83	61,7	2,54	9,87	0,			14,31	87,2	0,51	0,	25,67				15,75	92,2	0,48	0,	25,5				13,40	46,6					
28-04-2022 13:57:41						18,87	69,4	1,82	9,55	0,			20,15	60,9	2,33	9,86	0,			14,38	87,1	0,49	0,	25,67				15,81	92,2	0,47	0,	25,5				13,52	47,					
28-04-2022 14:02:42						19,25	71,	2,33	9,54	0,			19,90	59,2	2,35	9,87	0,			14,38	87,2	0,52	0,	25,67				15,68	92,2	0,53	0,	25,5				13,46	47,3					
28-04-2022 14:07:41						19,68	69,8	2,22	9,56	0,			20,27	61,1	2,87	9,86	0,			14,44	87,1	0,48	0,	25,67				15,81	92,2	0,5	0,	25,5				13,71	45,9					
28-04-2022 14:12:42						19,18	68,5	2,14	9,56	0,			20,40	58,9	2,98	9,85	0,			14,44	87,1	0,53	0,	25,67				15,87	92,1	0,5	0,	25,5				13,46	46,6					
28-04-2022 14:17:41						19,25	67,5	2,75	9,55	0,			20,58	58,5	3,07	9,86	0,			14,44	87,1	0,71	0,	25,67				15,75	91,9	0,65	0,	25,5				13,77	47,7					
28-04-2022 14:22:42						19,25	67,	2,06	9,56	0,			20,90	60,1	3,02	9,86	0,			14,50	87,1	0,54	0,	25,67				15,68	92,	0,61	0,	25,5				14,08	50,9					
28-04-2022 14:27:42						19,75	68,8	2,28	9,56	0,			20,77	58,5	2,96	9,87	0,			14,44	87,1	0,48	0,	25,67				15,87	91,8	0,51	0,	25,5				13,83	47,					
28-04-2022 14:32:41						19,75	68,2	2,46	9,53	0,			20,77	58,5	2,89	9,86	0,			14,50	87,2	0,58	0,	25,67				15,81	91,8	0,64	0,	25,5				13,71	47,5					
28-04-2022 14:37:43						19,62	66,6	2,2	9,56	0,			20,77	58,	2,78	9,86	0,			14,50	87,	0,54	0,	25,67				15,75	91,8	0,53	0,	25,5				13,52	48,2					
28-04-2022 14:42:41						19,93	69,5	2,42	9,56	0,			20,46	56,9	2,72	9,86	0,			14,56	87,	0,48	0,	25,67				15,81	91,8	0,47	0,	25,5				13,90	48,2					
28-04-2022 14:47:42						20,12	69,	2,42	9,57	0,			20,71	57,1	2,94	9,87	0,			14,44	87,	0,58	0,	25,67				15,93	91,8	0,57	0,	25,5				13,77	52,1					
28-04-2022 14:52:41						20,37	69,	2,32	9,58	0,			20,58	56,7	2,91	9,87	0,			14,44	87,	0,52	0,	25,67				15,93	91,8	0,51	0,	25,5				13,71	50,1					
28-04-2022 14:57:42						20,00	70,5	2,56	9,55	0,			20,83	57,3	2,8	9,87	0,			14,50	86,9	0,66	0,	25,67				15,87	91,8	0,62	0,	25,5				13,77	48,3					
28-04-2022 15:02:40						20,06	68,9	2,21	9,55	0,			20,90	58,2	2,99	9,87	0,			14,50	87,	0,53	0,	25,67				15,87	91,9	0,62	0,	25,5				13,96	52,5					
28-04-2022 15:07:42						19,56	66,6	2,53	9,57	0,			21,08	57,7	3,15	9,87	0,			14,50	87,2	0,55	0,	25,67				15,75	91,8	0,5	0,	25,5				13,65	50,7					
28-04-2022 15:12:43						19,25	64,4	2,12	9,56	0,			21,27	60,5	2,97	9,87	0,			14,56	87,	0,53	0,	25,67				15,87	91,8	0,63	0,	25,5				13,96	50,7					
28-04-2022 15:17:40						19,37	66,9	2,02	9,55	0,			21,08	57,7	2,85	9,87	0,			14,50	86,9	0,59	0,	25,67				15,87	91,8	0,59	0,	25,5				13,83	49,6					
28-04-2022 15:22:42						19,31	67,4	2,53	9,55	0,			20,96	57,4	2,8	9,87	0,			14,50	87,	0,57	0,	25,67				15,62	91,8	0,56	0,	25,5				13,21	49,1					
28-04-2022 15:27:41						19,25	65,5	2,18	9,57	0,			20,77	56,9	3,1	9,86	0,			14,56	86,9	0,67	0,	25,67				15,62	91,8	0,6	0,	25,5				13,33	50,8					
28-04-2022 15:32:41						19,43	67,8	2,45	9,53	0,			20,65	58,9	2,89	9,87	0,			14,56	86,9	0,57	0,	25,67				15,62	91,8	0,68	0,	25,5				13,71	51,5					
28-04-2022 15:37:41						19,50	67,4	2,14	9,56	0,			20,90	60,1	2,81	9,86	0,			14,56	86,9	0,7	0,	25,67				15,68	91,8	0,59	0,	25,5				13,15	49,1					
28-04-2022 15:42:42						19,18	67,3	2,28	9,57	0,			20,65	59,3	2,67	9,87	0,			14,56	86,9	0,67	0,	25,67				15,75	91,7	0,61	0,	25,5				13,08	53,					
28-04-2022 15:47:42						19,06	68,	2,36	9,56	0,			20,77	60,6	2,87	9,86	0,			14,63	86,8	0,62	0,	25,67				15,93	91,5	0,63	0,	25,5				13,58	54,6					
28-04-2022 15:52:43						18,75	66,6	2,33	9,54	0,			20,58	61,3	3,13	9,87	0,			14,56	86,8	0,73	0,	25,67				15,81	91,6	0,74	0,	25,5				12,96	53,9					
28-04-2022 15:57:42						18,68	66,6	2,19	9,58	0,			20,27	60,1	3,1	9,87	0,			14,56	86,8	0,56	0,	25,67				15,68	91,5	0,55	0,	25,5				13,15	55,1					
28-04-2022 16:02:41						18,56	68,8	2,5	9,55	0,			20,08	61,	3,09	9,87	0,			14,63	86,8	0,55	0,	25,67				15,81	91,5	0,51	0,	25,5				13,21	56,7					
28-04-2022 16:07:42						18,68	68,	1,93	9,26	0,			20,15	61,3	2,93	9,87	0,			14,56	86,8	0,66	0,	25,67				15,81	91,6	0,67	0,	25,5				12,96	52,1					
28-04-2022 16:12:40						18,68	68,2	2,23	9,58	0,			20,27	60,5	2,85	9,87	0,			14,56	86,8	0,6	0,	25,67				15,68	91,5	0,55	0,	25,5				12,71	50,8					
28-04-2022 16:17:42						18,50	68,5	2,28	9,55	0,			20,27	58,9	2,66	9,86	0,			14,56	86,8	0,83	0,	25,67				15,62	91,6	0,82	0,	25,5				12,71	51,4					
28-04-2022 16:22:41						18,43	69,	2,14	9,54	0,			20,21	60,5	2,81	9,86	0,			14,56	86,8	0,63	0,	25,67				15,75	91,4	0,56	0,	25,5				12,77	55,3					
28-04-2022 16:27:41						18,37	68,7	2,11	9,54	0,			20,58	61,3	2,56	9,87	0,			14,63	86,8	0,65	0,	25,67				15,87	91,4	0,7	0,	25,5				12,65	54,1					
28-04-2022 16:32:40						18,43	69,4	2,38	9,56	0,			20,15	62,2	2,86	9,87	0,			14,63	86,8	0,66	0,	25,67				15,75	91,4	0,6	0,	25,5				12,58	55,3					
28-04-2022 16:37:42						18,50	69,5	2,14	9,55	0,			20,15	60,7	2,69	9,87	0,			14,63	86,8	0,71	0,	25,67				15,81	91,4	0,5	0,	25,5				12,77	57,3					
28-04-2022 16:42:42						18,31	67,8	2,08	9,55	0,			20,15	60,1	2,83	9,87	0,			14,63	86,8	0,62	0,	25,67				15,87	91,4	0,58	0,	25,5				12,46	55,8					
28-04-2022 16:47:41						18,43	69,1	2,04	9,54	0,			20,02	60,6	2,91	9,86	0,			14,63	86,8	0,63	0,	25,67				15,87	91,4	0,55	0,	25,5				12,58	57,6					
28-04-2022 16:52:42						18,43	70,3	2,29	9,53	0,			19,65	60,5	2,61	9,86	0,			14,63	86,8	0,55	0,	25,67				15,68	91,4	0,55	0,	25,5				12,52	58,6					
28-04-2022 16:57:41						18,43	70,2	2,1	9,54	0,			19,65	57,9	2,59	9,86	0,			14,56	86,7	0,71	0,	25,67				15,81	91,3	0,66	0,	25,5				12,58	58,5					
28-04-2022 17:02:41						18,43	70,3	2,06	9,56	0,			19,27	57,7	2,39	9,86	0,			14,69	86,7	0,65	0,	25,67				15,56	91,4	0,58	0,	25,5				12,40	57,7					
28-04-2022 17:07:40						18,50	70,6	2,02	9,55	0,			19,21	58,4	2,73	9,87	0,			14,56	86,8	0,53	0,	25,67				16,00	91,1	0,6	0,	25,5				12,46	58,1					
28-04-2022 17:12:43						18,37	69,8	2,25	9,56	0,			19,02	57,8	2,75	9,86	0,			14,63	86,8	0,63	0,	25,67				15,62	91,3	0,56	0,	25,5				12,65	57,7					
28-04-2022 17:17:42						18,37	71,	1,95	9,56	0,			19,02	59,3	2,67	9,87	0,			14,56	86,6	0,57	0,	25,67				15,75	91,3	0,55	0,	25,5				12,02	56,1					
28-04-2022 17:22:42						18,18	70,2	2,02	9,55	0,			18,90	58,5	2,64	9,87	0,			14,56	86,7	0,66	0,	25,67				15,68	91,4	0,57	0,	25,5				12,21	58,9					
28-04-2022 17:27:42						18,00	70,6	2,29	9,54	0,			18,77	59,8	2,44	9,87	0,			14,63	86,7	0,7	0,	25,67				15,93	91,4	0,66	0,	25,5				12,02	57,4					
28-04-2022 17:32:41						17,68	71,4	2,28	9,56	0,			18,71	59,9	2,61	9,86	0,			14,63	86,7	0,56	0,	25,67				15,81	91,4	0,57	0,	25,5				12,02	59,					
28-04-2022 17:37:42						17,68	71,1	2,12	9,55	0,			18,52	59,3	2,38	9,87	0,			14,56	86,8	0,64	0,	25,67				15,56	91,3	0,58	0,	25,5				11,71	59,3					
28-04-2022 17:42:41						17,81	72,1	2,27	9,55	0,			18,46	60,9	2,42	9,86	0,			14,56	86,8	0,59	0,	25,67				15,75	91,4	0,59	0,	25,5				12,21	61,3					
28-04-2022 17:47:42						18,00	73,8	2,17	9,56	0,			18,40	60,4	2,7	9,87	0,			14,63	86,7	0,74	0,	25,67				15,81	91,4	0,71	0,	25,5				11,65	60,5					
28-04-2022 17:52:41						18,00	71,1	2,37	9,56	0,			18,40	60,5	2,58	9,86	0,			14,63	86,7	0,68	0,	25,67				15,81	91,4	0,6	0,	25,5				11,77	61,3					
28-04-2022 17:57:42						17,56	71,8	2,3	9,54	0,			18,40	61,4	2,65	9,87	0,			14,56	86,6	0,67	0,	25,67				15,81	91,4	0,65	0,	25,5				11,58	62,5					
28-04-2022 18:02:41						17,43	71,8	2,1	9,55	0,			18,52	63,7	2,38	9,86	0,			14,63	86,6	0,65	0,	25,67				15,56	91,4	0,69	0,	25,5				11,33	62,1					
28-04-2022 18:07:42						17,12	71,1	1,95	9,56	0,			18,46	62,9	2,38	9,86	0,			14,56	86,7	0,6	0,	25,67				15,75	91,4	0,59	0,	25,5				11,58	64,1					
28-04-2022 18:12:42						17,25	73,	2,28	9,55	0,			18,27	62,5	2,32	9,86	0,			14,63	86,7	0,58	0,	25,67				15,87	91,4	0,62	0,	25,5				11,33	61,8					
28-04-2022 18:17:41						17,68	75,3	2,35	9,53	0,			18,15	63,	2,43	9,86	0,			14,56	86,7	0,64	0,	25,67				15,81	91,4	0,63	0,	25,5				11,40	63,3					
28-04-2022 18:22:42						18,25	76,4	2,28	9,55	0,			18,02	63,	2,74	9,86	0,			14,56	86,6	0,65	0,	25,67				15,75	91,4	0,6	0,	25,5				11,08	64,2					
28-04-2022 18:27:41						18,06	74,9	2,14	9,56	0,			17,96	62,9	2,54	9,87	0,			14,63	86,6	0,86	0,	25,67				15,62	91,5	0,75	0,	25,5				10,96	63,7					
28-04-2022 18:32:42						17,56	73,	2,16	9,55	0,			17,96	63,7	2,45	9,87	0,			14,63	86,7	0,68	0,	25,67				15,75	91,4	0,72	0,	25,5				10,90	65,3					
28-04-2022 18:37:42						17,62	76,1	2,04	9,54	0,			17,83	63,8	2,54	9,86	0,			14,63	86,5	0,67	0,	25,67				15,56	91,4	0,56	0,	25,5				10,83	65,6					
28-04-2022 18:42:41						17,93	76,5	2,18	9,53	0,			18,21	68,6	2,73	9,87	0,			14,63	86,5	0,6	0,	25,67				15,68	91,4	0,65	0,	25,5				10,65	64,					
28-04-2022 18:47:41						17,56	77,3	2,32	9,54	0,			18,27	69,2	2,28	9,86	0,			14,63	86,5	0,67	0,	25,67				15,62	91,3	0,58	0,	25,5				10,58	65,7					
28-04-2022 18:52:43						17,00	75,7	2,11	9,54	0,			18,33	70,6	2,43	9,86	0,			14,63	86,4	0,55	0,	25,67				15,68	91,4	0,58	0,	25,5				10,52	67,3					
28-04-2022 18:57:42						16,93	76,9	2,26	9,54	0,			18,02	70,2	2,33	9,86	0,			14,69	86,4	0,67	0,	25,67				15,62	91,4	0,61	0,	25,5				10,46	66,1					
28-04-2022 19:02:41						16,75	76,1	2,22	9,57	0,			17,58	69,	2,34	9,85	0,			14,69	86,4	0,65	0,	25,67				15,62	91,4	0,62	0,	25,5				10,40	66,3					
28-04-2022 19:07:41						16,06	73,8	2,05	9,56	0,			16,96	67,8	2,51	9,86	0,			14,63	86,4	0,63	0,	25,67				15,68	91,4	0,55	0,	25,5				10,27	67,3					
28-04-2022 19:12:40						16,56	77,7	2,3	9,54	0,			16,65	67,7	2,62	9,86	0,			14,63	86,4	0,62	0,	25,67				15,75	91,4	0,59	0,	25,5				10,08	68,4					
28-04-2022 19:17:42						16,18	76,9	2,2	9,55	0,			16,65	68,3	2,5	9,86	0,			14,63	86,4	0,59	0,	25,67				15,62	91,4	0,59	0,	25,5				10,33	64,2					
28-04-2022 19:22:41						15,75	74,8	2,32	9,54	0,			16,46	67,8	2,42	9,87	0,			14,56	86,4	0,68	0,	25,67				15,75	91,6	0,62	0,	25,5				10,08	58,1					
28-04-2022 19:27:42						15,62	76,1	2,2	9,55	0,			16,08	66,5	2,52	9,86	0,			14,63	86,4	0,62	0,	25,67				15,75	91,7	0,65	0,	25,5				10,02	57,3					
28-04-2022 19:32:41						15,43	74,5	2,28	9,55	0,			15,90	67,5	2,64	9,87	0,			14,56	86,4	0,58	0,	25,67				15,87	91,7	0,58	0,	25,5				9,96	56,					
28-04-2022 19:37:42						15,43	75,8	2,42	9,54	0,			15,83	67,4	2,36	9,85	0,			14,56	86,4	0,7	0,	25,67				15,68	91,6	0,66	0,	25,5				10,08	56,5					
28-04-2022 19:42:42						15,50	74,5	2,38	9,55	0,			15,90	66,8	2,62	9,87	0,			14,50	86,4	0,61	0,	25,67				15,68	91,7	0,55	0,	25,5				9,71	59,3					
28-04-2022 19:47:40						15,37	76,	2,31	9,52	0,			15,77	66,7	2,29	9,87	0,			14,56	86,4	0,57	0,	25,67				15,75	91,7	0,55	0,	25,5				9,90	58,9					
28-04-2022 19:52:42						15,31	74,5	2,44	9,25	0,			15,52	67,1	2,49	9,86	0,			14,56	86,4	0,59	0,	25,67				15,75	91,8	0,62	0,	25,5				9,58	59,8					
28-04-2022 19:57:41						14,87	74,5	2,4	9,55	0,			15,65	68,5	2,21	9,86	0,			14,56	86,4	0,58	0,	25,67				15,62	91,8	0,65	0,	25,5				9,58	62,7					
28-04-2022 20:02:42						14,75	75,4	2,45	9,05	0,			15,77	67,8	1,97	9,87	0,			14,50	86,4	0,63	0,	25,67				15,68	91,8	0,62	0,	25,5				9,77	63,8					
28-04-2022 20:07:41						14,87	75,7	2,35	9,15	0,			15,65	67,	1,9	9,86	0,			14,56	86,4	0,59	0,	25,67				15,62	91,8	0,63	0,	25,5				9,83	64,8					
28-04-2022 20:12:42						14,75	76,1	2,14	9,4	0,			15,52	67,4	1,94	9,87	0,			14,56	86,4	0,64	0,	25,67				15,43	91,8	0,62	0,	25,5				9,71	65,7					
28-04-2022 20:17:41						14,56	76,1	2,37	9,09	0,			15,46	68,2	1,9	9,86	0,			14,50	86,4	0,62	0,	25,67				15,75	91,9	0,58	0,	25,5				9,33	68,8					
28-04-2022 20:22:41						14,75	76,1	2,53	8,63	0,			15,33	67,4	1,93	9,86	0,			14,50	86,4	0,57	0,	25,67				15,62	92,1	0,56	0,	25,5				9,02	70,1					
28-04-2022 20:27:41						15,00	78,1	2,58	8,5	0,			15,27	67,4	1,69	9,86	0,			14,50	86,4	0,57	0,	25,67				15,75	92,	0,61	0,	25,5				8,77	73,2					
28-04-2022 20:32:41						14,81	77,7	2,63	8,4	0,			15,33	68,7	1,68	9,86	0,			14,50	86,4	0,58	0,	25,67				15,62	91,9	0,56	0,	25,5				8,90	74,3					
28-04-2022 20:37:42						14,68	76,9	2,44	8,22	0,			15,27	67,9	1,75	9,86	0,			14,44	86,4	0,58	0,	25,67				15,56	92,1	0,58	0,	25,5				8,58	74,6					
28-04-2022 20:42:41						14,50	77,7	2,3	8,12	0,			15,15	67,9	1,77	9,85	0,			14,44	86,4	0,52	0,	25,67				15,56	92,2	0,53	0,	25,5				8,27	75,4					
28-04-2022 20:47:43						14,68	78,5	2,33	7,88	0,			15,21	68,6	1,76	9,86	0,			14,50	86,4	0,55	0,	25,67				15,68	92,2	0,52	0,	25,5				8,15	75,6					
28-04-2022 20:52:42						14,75	78,6	2,18	7,83	0,			15,08	68,6	1,73	9,86	0,			14,44	86,5	0,59	0,	25,67				15,62	92,2	0,57	0,	25,5				7,96	76,8					
28-04-2022 20:57:42						14,50	78,2	2,37	7,82	0,			14,96	68,2	1,84	9,87	0,			14,44	86,6	0,52	0,	25,67				15,75	92,2	0,55	0,	25,5				7,77	77,2					
28-04-2022 21:02:40						14,50	78,4	1,93	7,82	0,			14,71	68,6	1,71	9,87	0,			14,50	86,5	0,52	0,	25,67				15,37	92,2	0,51	0,	25,5				7,71	77,6					
28-04-2022 21:07:42						14,31	77,8	2,08	7,83	0,			14,77	69,4	1,8	9,87	0,			14,44	86,5	0,5	0,	25,67				15,43	92,2	0,51	0,	25,5				7,77	78,3					
28-04-2022 21:12:42						14,18	78,4	1,87	7,71	0,			14,65	68,9	1,9	9,86	0,			14,50	86,4	0,53	0,	25,67				15,56	92,2	0,52	0,	25,5				7,65	78,4					
28-04-2022 21:17:41						14,37	78,9	2,06	7,68	0,			14,83	70,2	1,75	9,86	0,			14,44	86,5	0,51	0,	25,67				15,62	92,2	0,51	0,	25,5				7,77	78,9					
28-04-2022 21:22:41						14,37	78,5	2,11	7,52	0,			14,77	70,1	1,82	9,86	0,			14,44	86,7	0,57	0,	25,67				15,50	92,3	0,54	0,	25,5				7,77	78,7					
28-04-2022 21:27:40						14,43	78,5	2,05	7,53	0,			14,65	69,5	1,58	9,86	0,			14,44	86,5	0,56	0,	25,67				15,43	92,4	0,52	0,	25,5				7,65	78,7					
28-04-2022 21:32:42						14,37	78,6	1,89	7,44	0,			14,83	69,4	1,62	9,86	0,			14,44	86,6	0,58	0,	25,67				15,56	92,3	0,55	0,	25,5				7,65	79,2					
28-04-2022 21:37:42						14,56	79,3	1,95	7,44	0,			14,83	71,	1,44	9,87	0,			14,44	86,8	0,56	0,	25,67				15,37	92,3	0,52	0,	25,5				7,65	79,6					
28-04-2022 21:42:42						14,50	78,9	1,85	7,21	0,			14,90	71,2	1,43	9,86	0,			14,38	86,7	0,65	0,	25,67				15,43	92,5	0,59	0,	25,5				7,52	80,					
28-04-2022 21:47:40						14,56	78,9	1,75	7,17	0,			14,83	70,4	1,32	9,4	0,			14,44	86,6	0,61	0,	25,67				15,37	92,5	0,54	0,	25,5				7,33	80,3					
28-04-2022 21:52:42						14,68	78,8	1,81	7,07	0,			14,71	69,8	1,3	8,84	0,			14,44	86,6	0,6	0,	25,67				15,56	92,5	0,55	0,	25,5				7,21	80,5					
28-04-2022 21:57:42						14,75	79,3	1,51	6,83	0,			14,90	70,5	1,17	8,32	0,			14,38	86,5	0,6	0,	25,67				15,68	92,6	0,58	0,	25,5				7,21	80,9					
28-04-2022 22:02:41						14,43	78,5	1,85	6,84	0,			15,15	70,5	1,32	8,32	0,			14,44	86,6	0,57	0,	25,67				15,50	92,6	0,58	0,	25,5				7,33	80,5					
28-04-2022 22:07:42						14,62	79,3	1,23	6,55	0,			15,27	71,	1,05	8,03	0,			14,38	86,5	0,56	0,	25,67				15,43	92,6	0,56	0,	25,5				7,33	80,5					
28-04-2022 22:12:41						14,75	79,5	1,	6,35	0,			15,02	70,4	0,99	7,84	0,			14,38	86,5	0,61	0,	25,67				15,56	92,6	0,62	0,	25,5				7,46	80,4					
28-04-2022 22:17:42						14,75	79,3	1,05	6,26	0,			15,15	71,	0,78	7,25	0,			14,38	86,7	0,57	0,	25,67				15,62	92,6	0,55	0,	25,5				7,65	79,8					
28-04-2022 22:22:42						14,87	79,8	1,17	6,29	0,			15,27	70,6	0,91	7,24	0,			14,38	86,5	0,67	0,	25,67				15,37	92,6	0,6	0,	25,5				7,65	79,6					
28-04-2022 22:27:42						14,93	79,7	1,27	6,23	0,			15,40	70,6	0,98	7,47	0,			14,38	86,5	0,63	0,	25,67				15,37	92,6	0,55	0,	25,5				7,77	78,8					
28-04-2022 22:32:41						14,93	79,4	1,05	6,15	0,			15,21	70,1	0,88	7,13	0,			14,38	86,5	0,63	0,	25,67				15,37	92,6	0,6	0,	25,5				7,71	78,6					
28-04-2022 22:37:42						15,06	80,	0,95	6,1	0,			15,46	71,	0,88	7,13	0,			14,38	86,8	0,58	0,	25,67				15,62	92,6	0,59	0,	25,5				7,77	78,9					
28-04-2022 22:42:42						15,18	79,6	0,88	6,12	0,			15,46	70,6	1,04	7,14	0,			14,31	86,7	0,61	0,	25,67				15,50	92,6	0,63	0,	25,5				7,65	79,2					
28-04-2022 22:47:40						15,12	79,3	1,12	5,92	0,			15,33	70,4	0,96	7,14	0,			14,38	86,7	0,64	0,	25,67				15,56	92,6	0,63	0,	25,5				7,71	79,1					
28-04-2022 22:52:41						15,00	79,3	1,	5,9	0,			15,71	72,2	0,91	7,5	0,			14,31	86,7	0,76	0,	25,67				15,37	92,6	0,61	0,	25,5				7,77	79,2					
28-04-2022 22:57:41						15,12	79,3	1,04	5,93	0,			15,58	71,3	1,01	7,9	0,			14,31	86,6	0,71	0,	25,67				15,62	92,6	0,61	0,	25,5				7,65	79,4					
28-04-2022 23:02:42						15,06	79,3	1,09	5,83	0,			15,33	70,6	1,05	7,89	0,			14,31	86,5	0,7	0,	25,67				15,43	92,6	0,6	0,	25,5				7,65	79,6					
28-04-2022 23:07:40						15,06	79,3	1,04	5,75	0,			15,33	71,	0,89	7,9	0,			14,31	86,7	0,53	0,	25,67				15,50	92,6	0,53	0,	25,5				7,46	80,4					
28-04-2022 23:12:42						15,12	80,1	0,93	5,66	0,			15,33	71,4	1,03	7,7	0,			14,31	86,8	0,63	0,	25,67				15,56	92,6	0,65	0,	25,5				7,40	80,8					
28-04-2022 23:17:41						15,93	81,6	1,36	6,62	0,			15,58	71,4	1,17	8,29	0,			14,38	86,8	0,63	0,	25,67				15,37	92,7	0,67	0,	25,5				7,27	81,6					
28-04-2022 23:22:41						15,87	83,5	2,01	7,76	0,			16,33	74,2	1,36	9,39	0,			14,44	86,5	0,57	0,	25,67				15,37	92,6	0,55	0,	25,5				7,27	82,					
28-04-2022 23:27:42						14,87	82,9	2,08	8,05	0,			16,33	75,8	1,62	9,87	0,			14,31	86,6	0,59	0,	25,67				15,25	92,6	0,65	0,	25,5				7,15	82,8					
28-04-2022 23:32:41						14,56	83,4	1,97	7,63	0,			15,27	75,	2,22	9,87	0,			14,38	86,8	0,65	0,	25,67				15,56	92,6	0,55	0,	25,5				7,02	83,2					
28-04-2022 23:37:41						14,18	82,5	1,83	7,49	0,			14,83	76,6	1,61	9,86	0,			14,31	86,5	0,53	0,	25,67				15,31	92,6	0,51	0,	25,5				6,96	83,7					
28-04-2022 23:42:42						14,31	83,6	1,76	7,04	0,			14,58	76,5	1,56	9,87	0,			14,38	86,7	0,66	0,	25,67				15,37	92,4	0,61	0,	25,5				6,90	84,					
28-04-2022 23:47:42						14,31	82,9	1,71	6,94	0,			14,71	76,2	1,28	9,86	0,			14,38	86,7	0,48	0,	25,67				15,43	92,6	0,52	0,	25,5				6,90	84,1					
28-04-2022 23:52:42						14,00	83,	1,35	6,75	0,			14,46	75,7	1,15	8,87	0,			14,38	86,6	0,5	0,	25,67				15,37	92,6	0,5	0,	25,5				6,83	84,4					
28-04-2022 23:57:42						14,25	84,1	1,25	6,44	0,			14,65	76,2	1,12	7,87	0,			14,38	86,5	0,5	0,	25,67				15,43	92,5	0,49	0,	25,5				6,77	84,4					
