Net no:						1	1	1	1	1			1	1	1	1	1			1	1	1	1	1				1	1	1	1	1				1	1					
Object no:						131	141	150	151	152			134	144	159	160	161			133	143	156	157	158				132	142	153	154	155				130	140					
Table no:						0	0	0	0	0			0	0	0	0	0			0	0	0	0	0				0	0	0	0	0				0	0					
Code no:						48	48	48	48	48			48	48	136	136	136			48	48	48	48	48				48	48	48	48	48				48	48					
Calculation:						T	/10	/100	/100	/100			T	/10	/100	/100	/100			T	/10	/100	/100	/100				T	/10	/100	/100	/100				T	/10					
Date/time:	Afp. 1776	Bes. 97184			Stald 1	Temp_stald1	Fugt_stald1	DynamicAir_trinlřs_stald1	Spjćld_trinlřs_stald 1	On/off_stald1		Stald 2	Temp_stald2	Fugt_stald2	DynamicAir_trinlřs_stald2	Spjćld_trinlřs_stald2	On/off_stald2		Stald5	Temp_stald5	Fugt_stald5	DynamicAir_trinlřs_stald5	Spjćld_trinlřs_stald5	On/off_stald 5			Stald6	Temp_stald6	Fugt_stald 6	DynamicAir_trinlřs_stald6	Spjćld_trinlřs_stald6	On/off_stald6			UDE	Temp_ude	Fugt_ude					
23-08-2022 00:02:41						19,37	101,1	0,98	6,6	0,			20,33	69,7	0,79	4,11	25,5			19,88	0,	0,7	3,78	0,				21,18	80,3	0,76	5,18	0,				14,33	82,2					
23-08-2022 00:07:42						19,00	101,1	0,87	6,44	0,			20,33	69,8	0,78	4,12	25,5			19,63	0,	0,71	4,11	0,				20,93	80,1	0,79	5,53	0,				14,27	82,4					
23-08-2022 00:12:42						18,87	101,1	0,91	6,34	0,			20,33	69,4	0,77	4,11	25,5			19,31	0,	0,72	3,86	0,				20,56	79,1	0,77	5,59	0,				14,21	82,5					
23-08-2022 00:17:40						18,75	101,1	0,87	6,33	0,			20,27	69,7	0,76	4,11	25,5			19,06	0,	0,71	3,12	0,				20,25	78,6	0,79	5,33	0,				14,02	82,8					
23-08-2022 00:22:42						18,56	101,1	0,76	6,04	0,			20,21	69,8	0,78	4,11	25,5			18,81	0,	0,66	2,44	0,				20,12	79,8	0,75	5,2	0,				14,02	83,					
23-08-2022 00:27:41						18,31	101,1	0,8	5,66	0,			20,27	69,8	0,77	4,11	25,5			18,75	0,	0,52	0,56	0,				19,93	79,5	0,74	4,82	0,				14,08	83,3					
23-08-2022 00:32:41						18,31	101,1	0,8	5,34	0,			20,21	70,2	0,78	4,11	25,5			18,50	0,	0,48	0,	0,				20,00	79,5	0,72	4,51	0,				14,21	83,6					
23-08-2022 00:37:41						18,37	101,1	0,73	5,05	0,			20,21	70,2	0,8	4,11	25,5			18,56	0,	2,74	8,43	25,67				19,75	79,7	0,71	4,1	0,				14,21	83,6					
23-08-2022 00:42:42						18,31	101,1	0,75	4,86	0,			20,21	69,8	0,77	3,92	25,5			18,88	0,	2,61	8,14	25,67				20,00	79,5	0,71	3,68	0,				14,21	83,6					
23-08-2022 00:47:40						18,43	101,1	0,69	4,76	0,			20,21	70,3	0,78	3,62	25,5			19,06	0,	2,54	8,14	25,67				20,00	80,1	0,68	3,13	0,				14,15	83,7					
23-08-2022 00:52:42						18,43	101,1	0,73	4,43	0,			20,21	71,	0,77	3,62	25,5			19,19	0,	2,46	7,98	25,67				19,93	79,6	0,68	2,95	0,				14,02	83,7					
23-08-2022 00:57:42						18,31	101,1	0,74	4,	0,			20,21	70,6	0,79	3,63	25,5			19,31	0,	2,43	7,7	25,67				19,93	79,6	0,68	2,54	0,				13,83	83,9					
23-08-2022 01:02:40						18,37	101,1	0,71	3,7	0,			20,21	70,4	0,79	3,63	25,5			19,31	0,	2,27	7,7	25,67				19,93	79,7	0,58	1,82	0,				13,83	84,					
23-08-2022 01:07:41						18,31	101,1	0,73	3,38	0,			20,21	71,	0,8	3,62	25,5			19,50	0,	2,43	7,69	25,67				19,93	78,9	0,56	0,62	0,				13,77	84,4					
23-08-2022 01:12:41						18,31	101,1	0,69	3,15	0,			20,15	71,4	0,79	3,62	25,5			19,50	0,	2,16	7,7	25,67				19,75	79,9	0,48	0,	0,				13,77	84,4					
23-08-2022 01:17:43						18,25	101,1	0,68	2,78	0,			20,21	71,	0,79	3,16	25,5			19,44	0,	2,17	7,7	25,67				19,81	79,5	0,47	0,	0,				13,90	84,8					
23-08-2022 01:22:41						18,31	101,1	0,61	2,14	0,			20,21	71,8	0,76	2,68	25,5			19,50	0,	2,4	7,54	25,67				19,81	80,3	2,58	8,74	25,5				13,77	84,6					
23-08-2022 01:27:42						18,37	101,1	0,61	1,79	0,			20,27	72,1	0,83	2,68	25,5			19,81	0,	2,25	7,3	25,67				19,62	79,5	2,34	8,19	25,5				13,83	85,1					
23-08-2022 01:32:41						18,43	101,1	0,56	1,24	0,			20,27	71,8	0,82	3,23	25,5			19,94	0,	2,18	7,3	25,67				19,75	79,5	2,38	8,1	25,5				13,90	85,1					
23-08-2022 01:37:42						18,43	101,1	0,48	0,51	0,			20,21	71,7	0,79	3,65	25,5			19,94	0,	2,1	7,29	25,67				20,12	80,2	2,14	7,85	25,5				13,90	85,2					
23-08-2022 01:42:42						18,81	101,1	0,56	0,76	0,			20,21	72,1	0,79	3,76	25,5			19,94	0,	2,23	7,46	25,67				20,43	80,	2,29	7,84	25,5				13,96	85,6					
23-08-2022 01:47:41						18,87	101,1	0,55	0,74	0,			20,21	71,8	0,78	3,57	25,5			20,00	0,	2,18	7,7	25,67				20,12	79,5	2,29	7,81	25,5				14,02	85,6					
23-08-2022 01:52:42						18,75	101,1	0,58	1,48	0,			20,21	72,5	0,77	3,11	25,5			19,88	0,	2,35	7,7	25,67				20,25	79,2	2,25	7,79	25,5				14,08	85,5					
23-08-2022 01:57:40						18,75	101,1	0,71	2,71	0,			20,27	72,7	0,78	2,76	25,5			19,88	0,	2,39	7,69	25,67				20,25	79,2	2,56	7,72	25,5				14,02	85,2					
23-08-2022 02:02:41						18,81	101,1	0,67	2,69	0,			20,21	73,2	0,77	2,76	25,5			19,94	0,	2,62	7,7	25,67				20,37	79,8	2,13	7,85	25,5				14,02	85,1					
23-08-2022 02:07:41						18,62	101,1	0,77	2,96	0,			20,27	73,1	0,85	2,76	25,5			19,88	0,	2,4	7,8	25,67				20,37	80,	2,33	7,7	25,5				14,08	84,8					
23-08-2022 02:12:42						18,62	101,1	0,76	2,95	0,			20,27	72,8	0,81	3,26	25,5			19,88	0,	2,83	7,8	25,67				20,50	80,2	1,96	7,69	25,5				14,08	84,7					
23-08-2022 02:17:41						18,68	101,1	0,66	2,96	0,			20,27	73,	0,79	3,46	25,5			19,88	0,	2,55	7,93	25,67				20,68	80,1	2,06	7,68	25,5				14,27	84,4					
23-08-2022 02:22:42						18,68	101,1	0,75	2,94	0,			20,21	72,6	0,81	3,76	25,5			19,88	0,	2,78	8,09	25,67				20,37	80,	2,18	7,81	25,5				14,40	84,					
23-08-2022 02:27:42						18,68	101,1	0,77	2,95	0,			20,15	73,	0,83	3,95	25,5			19,88	0,	2,61	8,09	25,67				20,56	79,9	2,31	8,	25,5				14,52	84,					
23-08-2022 02:32:41						18,56	101,1	0,73	2,95	0,			20,15	72,9	0,8	3,51	25,5			19,88	0,	2,87	8,28	25,67				20,43	80,3	2,44	8,	25,5				14,58	83,6					
23-08-2022 02:37:42						18,75	101,1	0,71	2,95	0,			20,15	73,	0,8	3,51	25,5			19,81	0,	2,72	8,69	25,67				20,43	79,5	2,41	7,98	25,5				14,71	83,6					
23-08-2022 02:42:40						18,62	101,1	0,71	2,96	0,			20,21	72,9	0,79	3,02	25,5			19,88	0,	2,76	8,7	25,67				20,56	79,5	2,44	7,99	25,5				14,58	83,6					
23-08-2022 02:47:42						18,75	101,1	0,71	2,96	0,			20,21	73,5	0,79	3,02	25,5			19,75	0,	2,71	8,84	25,67				20,31	80,6	2,33	8,08	25,5				14,46	84,					
23-08-2022 02:52:40						18,68	101,1	0,7	2,95	0,			20,27	73,	0,8	3,45	25,5			19,94	0,	2,69	8,83	25,67				20,31	79,8	2,42	8,1	25,5				14,40	84,					
23-08-2022 02:57:42						18,68	101,1	0,77	2,95	0,			20,21	72,8	0,8	3,65	25,5			19,75	0,	2,45	9,18	25,67				20,50	79,9	2,6	8,28	25,5				14,33	84,1					
23-08-2022 03:02:41						18,75	101,1	0,72	2,96	0,			20,27	73,	0,79	3,96	25,5			19,75	0,	2,55	9,17	25,67				20,50	80,2	2,87	8,31	25,5				14,27	84,1					
23-08-2022 03:07:42						19,12	101,1	0,72	2,94	0,			20,21	73,	0,81	3,76	25,5			19,69	0,	2,57	9,17	25,67				20,31	79,9	2,55	8,26	25,5				14,40	84,1					
23-08-2022 03:12:42						19,50	101,1	0,76	3,38	0,			20,27	73,3	0,78	3,59	25,5			19,75	0,	2,6	9,17	25,67				20,43	79,9	2,69	8,37	25,5				14,40	84,4					
23-08-2022 03:17:40						19,25	101,1	0,71	3,94	0,			20,21	73,	0,77	3,4	25,5			19,69	0,	2,55	9,17	25,67				20,06	79,5	2,56	8,36	25,5				14,33	84,8					
23-08-2022 03:22:42						18,93	101,1	0,74	3,98	0,			20,27	73,5	0,79	2,81	25,5			19,69	0,	2,5	9,18	25,67				20,50	80,7	2,67	8,36	25,5				14,33	85,2					
23-08-2022 03:27:41						18,62	101,1	0,7	3,96	0,			20,27	73,3	0,79	3,15	25,5			19,50	0,	2,57	9,18	25,67				20,31	81,1	2,52	8,37	25,5				14,21	85,2					
23-08-2022 03:32:41						18,56	101,1	0,7	3,97	0,			20,27	73,2	0,75	3,44	25,5			19,50	0,	2,57	9,17	25,67				20,12	80,9	2,56	8,37	25,5				14,15	85,4					
23-08-2022 03:37:40						18,43	101,1	0,71	3,67	0,			20,21	73,3	0,78	3,83	25,5			19,50	0,	2,31	9,18	25,67				20,25	80,6	2,74	8,2	25,5				14,15	85,5					
23-08-2022 03:42:42						18,43	101,1	0,75	3,38	0,			20,27	72,6	0,78	4,	25,5			19,44	0,	2,44	9,18	25,67				20,43	80,5	2,34	8,21	25,5				14,15	85,6					
23-08-2022 03:47:41						18,37	101,1	0,72	3,15	0,			20,15	73,	0,79	3,72	25,5			19,56	0,	1,84	2,8	0,				20,18	80,2	2,56	8,09	25,5				14,21	85,7					
23-08-2022 03:52:41						18,31	101,1	0,68	2,97	0,			20,08	73,3	0,78	3,31	25,5			19,50	0,	0,58	1,76	0,				20,37	79,5	2,46	8,09	25,5				14,15	85,9					
23-08-2022 03:57:42						18,31	101,1	0,62	2,59	0,			20,15	74,2	0,77	2,9	25,5			19,25	0,	0,62	1,39	0,				20,25	79,8	2,47	8,08	25,5				14,02	85,9					
23-08-2022 04:02:41						18,43	101,1	0,58	2,16	0,			20,21	74,4	0,77	2,9	25,5			18,94	0,	0,59	1,4	0,				20,25	80,	2,66	8,17	25,5				14,08	86,					
23-08-2022 04:07:43						18,18	101,1	0,61	1,44	0,			20,15	74,5	0,76	2,91	25,5			18,81	0,	0,48	0,	0,				20,37	80,3	2,58	8,19	25,5				14,15	85,9					
23-08-2022 04:12:41						18,31	101,1	0,55	0,99	0,			20,21	74,2	0,76	2,91	25,5			18,75	0,	0,48	0,	0,				20,25	80,3	2,62	8,28	25,5				14,21	86,					
23-08-2022 04:17:42						18,37	101,1	0,5	0,38	0,			20,21	74,4	0,77	2,9	25,5			19,00	0,	2,79	8,52	25,67				20,31	79,5	2,41	8,4	25,5				14,27	86,					
23-08-2022 04:22:42						18,37	101,1	0,56	0,48	0,			20,21	74,5	0,77	2,89	25,5			19,19	0,	2,79	8,7	25,67				20,12	80,3	2,63	8,39	25,5				14,27	86,					
23-08-2022 04:27:41						18,37	101,1	0,51	0,	0,			20,21	74,6	0,77	2,9	25,5			19,31	0,	2,58	8,7	25,67				20,18	80,7	2,65	8,15	25,5				14,21	86,					
23-08-2022 04:32:41						18,43	101,1	0,44	0,	0,			20,27	74,7	0,76	2,89	25,5			19,50	0,	2,8	8,71	25,67				20,43	81,4	2,64	8,26	25,5				14,33	86,					
23-08-2022 04:37:41						18,62	101,1	0,44	0,	0,			20,21	75,	0,81	2,9	25,5			19,44	0,	2,6	8,47	25,67				20,75	81,2	2,32	8,2	25,5				14,27	86,					
23-08-2022 04:42:42						18,62	101,1	0,44	0,	0,			20,27	74,8	0,75	2,89	25,5			19,50	0,	2,7	8,48	25,67				20,50	80,7	2,68	8,33	25,5				14,46	86,					
23-08-2022 04:47:42						18,56	101,1	0,44	0,	0,			20,27	75,	0,79	2,89	25,5			19,56	0,	2,64	8,48	25,67				20,06	81,1	2,56	8,44	25,5				14,46	86,2					
23-08-2022 04:52:41						18,87	101,1	0,44	0,	0,			20,27	75,	0,76	2,89	25,5			19,56	0,	2,75	8,47	25,67				20,18	80,6	2,48	8,44	25,5				14,46	86,1					
23-08-2022 04:57:41						18,68	101,1	0,44	0,	0,			20,27	75,1	0,75	2,89	25,5			19,56	0,	2,68	8,48	25,67				20,18	81,1	2,54	8,21	25,5				14,40	86,					
23-08-2022 05:02:41						18,68	101,1	0,44	0,	0,			20,21	75,	0,8	2,89	25,5			19,63	0,	2,85	8,47	25,67				20,37	81,2	2,55	8,21	25,5				14,52	86,3					
23-08-2022 05:07:40						18,62	101,1	0,44	0,	0,			20,27	75,4	0,79	2,9	25,5			19,56	0,	2,5	8,47	25,67				20,18	81,2	2,46	8,2	25,5				14,40	86,2					
23-08-2022 05:12:41						18,56	101,1	0,44	0,	0,			20,27	75,4	0,78	2,9	25,5			19,63	0,	2,6	8,48	25,67				20,31	81,5	2,5	8,21	25,5				14,40	86,2					
23-08-2022 05:17:41						18,93	101,1	2,56	9,03	25,55			20,27	75,4	0,77	2,88	25,5			19,63	0,	2,6	8,48	25,67				20,43	81,6	2,64	8,2	25,5				14,33	86,2					
23-08-2022 05:22:42						19,06	101,1	2,56	9,02	25,55			20,21	75,4	0,79	2,89	25,5			19,56	0,	2,63	8,47	25,67				20,18	81,5	2,69	8,2	25,5				14,58	86,					
23-08-2022 05:27:41						19,18	101,1	2,67	9,01	25,55			20,27	75,7	0,78	2,89	25,5			19,63	0,	2,39	8,47	25,67				20,12	81,7	2,47	8,2	25,5				14,71	85,9					
23-08-2022 05:32:40						19,12	101,1	2,55	9,02	25,55			20,33	75,8	0,85	2,88	25,5			19,69	0,	2,67	8,46	25,67				20,06	81,8	2,51	8,18	25,5				14,71	85,7					
23-08-2022 05:37:42						19,12	101,1	2,68	9,02	25,55			20,33	75,8	0,76	2,89	25,5			19,63	0,	2,54	8,47	25,67				20,31	82,2	2,4	8,12	25,5				14,65	86,					
23-08-2022 05:42:41						19,31	101,1	2,44	9,24	25,55			20,33	75,9	0,75	2,89	25,5			19,69	0,	2,54	8,45	25,67				20,25	81,8	2,55	8,15	25,5				14,58	86,					
23-08-2022 05:47:42						19,18	101,1	2,46	9,32	25,55			20,33	76,2	0,78	2,88	25,5			19,75	0,	2,81	8,47	25,67				20,25	81,9	2,32	8,08	25,5				14,52	86,3					
23-08-2022 05:52:40						19,06	101,1	2,28	9,21	25,55			20,27	75,8	0,76	2,88	25,5			19,69	0,	2,77	8,46	25,67				20,12	81,9	2,64	8,09	25,5				14,52	86,7					
23-08-2022 05:57:42						19,06	101,1	2,33	9,3	25,55			20,27	76,	0,79	2,88	25,5			19,63	0,	2,82	8,67	25,67				20,12	81,7	2,61	8,08	25,5				14,52	86,8					
23-08-2022 06:02:40						19,12	101,1	2,18	9,38	25,55			20,27	76,1	0,79	2,88	25,5			19,63	0,	2,71	8,67	25,67				20,25	82,2	2,4	8,08	25,5				14,46	87,					
23-08-2022 06:07:41						19,37	101,1	2,34	9,53	25,55			20,27	76,1	0,79	3,36	25,5			19,56	0,	2,63	8,68	25,67				20,25	82,2	2,54	8,09	25,5				14,46	87,2					
23-08-2022 06:12:42						19,68	101,1	2,44	9,52	25,55			20,21	76,1	0,81	3,37	25,5			19,63	0,	2,63	9,1	25,67				20,25	81,9	2,39	8,09	25,5				14,58	87,2					
23-08-2022 06:17:41						19,68	101,1	0,66	2,72	0,			20,27	76,2	0,79	3,2	25,5			19,69	0,	2,59	9,09	25,67				20,81	82,6	2,53	8,1	25,5				14,71	87,1					
23-08-2022 06:22:42						19,25	101,1	0,71	3,36	0,			20,21	76,	0,78	3,04	25,5			19,56	0,	2,51	9,1	25,67				20,93	82,4	2,57	8,32	25,5				14,65	87,1					
23-08-2022 06:27:41						19,06	101,1	0,74	3,75	0,			20,21	76,3	0,8	3,03	25,5			19,44	0,	2,66	9,1	25,67				20,68	81,9	2,72	8,81	25,5				14,71	87,1					
23-08-2022 06:32:41						18,87	101,1	0,75	3,85	0,			20,27	76,6	0,8	3,03	25,5			19,56	0,	2,62	9,1	25,67				20,56	82,3	2,46	8,81	25,5				14,90	87,2					
23-08-2022 06:37:40						18,75	101,1	0,76	3,99	0,			20,21	76,2	0,77	3,04	25,5			19,75	0,	2,53	9,1	25,67				20,31	82,7	2,61	8,93	25,5				14,90	87,2					
23-08-2022 06:42:41						18,81	101,1	0,75	4,26	0,			20,33	76,6	0,73	2,84	25,5			19,81	0,	2,46	9,23	25,67				20,12	82,7	2,57	8,93	25,5				15,02	87,3					
23-08-2022 06:47:41						18,93	101,1	0,72	4,56	0,			20,33	76,3	0,74	2,85	25,5			19,75	0,	2,46	9,23	25,67				20,25	82,7	2,81	9,05	25,5				15,15	87,2					
23-08-2022 06:52:42						19,18	101,1	0,72	4,79	0,			20,33	76,1	0,73	2,85	25,5			20,00	0,	2,52	9,23	25,67				20,25	83,	2,65	9,27	25,5				15,27	87,2					
23-08-2022 06:57:41						19,25	101,1	0,77	5,02	0,			20,27	76,6	0,8	2,87	25,5			20,00	0,	0,56	1,8	0,				20,31	83,5	2,57	9,29	25,5				15,40	86,8					
23-08-2022 07:02:41						19,43	101,1	0,91	5,19	0,			20,21	76,6	0,8	2,86	25,5			19,94	0,	0,7	2,72	0,				20,68	84,2	2,52	9,28	25,5				15,52	86,8					
23-08-2022 07:07:42						19,56	101,1	0,84	5,88	0,			20,27	77,	0,78	2,87	25,5			19,88	0,	0,72	2,96	0,				20,93	83,8	0,71	2,5	0,				15,58	86,1					
23-08-2022 07:12:41						19,56	101,1	0,87	6,25	0,			20,27	77,	0,79	2,86	25,5			20,00	0,	0,7	3,64	0,				21,43	83,4	0,72	3,45	0,				15,71	86,					
23-08-2022 07:17:42						19,56	101,1	1,08	6,85	0,			20,33	76,7	0,8	3,13	25,5			19,88	0,	0,73	3,92	0,				21,50	83,8	0,7	4,42	0,				15,83	85,9					
23-08-2022 07:22:41						19,25	101,1	1,34	7,28	0,			20,33	76,9	0,76	3,45	25,5			19,88	0,	0,74	4,37	0,				21,25	83,7	0,75	4,84	0,				15,83	85,8					
23-08-2022 07:27:41						19,75	101,1	2,17	8,01	0,			20,27	75,5	0,8	3,71	25,5			20,06	0,	0,75	4,8	0,				21,56	83,7	0,82	5,98	0,				15,77	85,7					
23-08-2022 07:32:40						19,50	101,1	2,25	8,61	0,			20,33	75,9	0,79	3,92	25,5			20,38	0,	0,82	5,72	0,				21,50	83,	1,03	6,53	0,				15,83	85,9					
23-08-2022 07:37:41						19,31	101,1	2,04	9,54	0,			20,27	75,5	0,76	4,33	25,5			20,38	0,	1,51	6,99	0,				21,37	84,9	1,69	7,76	0,				15,90	86,					
23-08-2022 07:42:42						19,12	101,1	2,26	9,57	0,			20,27	76,2	0,74	4,79	25,5			20,13	0,	2,1	7,65	0,				20,68	85,	2,13	8,16	0,				16,08	86,1					
23-08-2022 07:47:40						19,12	101,1	2,19	9,56	0,			20,27	75,8	0,76	4,78	25,5			19,75	0,	2,51	8,24	0,				20,25	85,4	2,37	9,12	0,				16,15	86,2					
23-08-2022 07:52:42						18,87	101,1	2,22	9,42	0,			20,27	75,8	0,74	4,8	25,5			19,56	0,	2,69	8,24	0,				19,75	85,8	2,11	9,31	0,				16,27	86,3					
23-08-2022 07:57:40						18,87	101,1	2,23	9,41	0,			20,27	75,1	0,76	4,79	25,5			19,38	0,	2,42	8,92	0,				19,81	86,4	2,15	9,21	0,				16,46	86,2					
23-08-2022 08:02:41						18,87	101,1	1,98	9,42	0,			20,21	75,8	0,76	4,8	25,5			19,31	0,	2,15	9,24	0,				19,81	86,9	2,21	9,03	0,				16,52	85,7					
23-08-2022 08:07:40						18,81	101,1	2,25	9,27	0,			20,27	75,	0,75	4,8	25,5			19,25	0,	2,3	9,22	0,				19,62	87,2	2,46	8,53	0,				16,83	85,4					
23-08-2022 08:12:41						18,87	101,1	2,19	9,28	0,			20,27	75,4	0,78	4,8	25,5			19,19	0,	2,39	9,21	0,				19,62	87,5	2,41	8,53	0,				16,90	84,9					
23-08-2022 08:17:41						19,00	101,1	2,16	9,01	0,			20,27	75,1	0,72	4,8	25,5			19,19	0,	2,3	9,21	0,				19,68	88,	2,37	8,35	0,				17,21	84,5					
23-08-2022 08:22:42						19,00	101,1	2,18	9,4	0,			20,27	75,4	0,78	4,79	25,5			19,13	0,	2,21	9,19	0,				19,68	87,9	2,17	8,25	0,				17,21	84,					
23-08-2022 08:27:42						19,12	101,1	2,15	9,39	0,			20,27	75,5	0,75	4,79	25,5			19,19	0,	2,33	8,96	0,				19,87	88,2	2,38	8,16	0,				17,71	84,					
23-08-2022 08:32:41						19,12	101,1	2,02	9,38	0,			20,33	75,4	0,73	4,8	25,5			19,31	0,	2,28	8,97	0,				19,87	87,8	2,34	8,05	0,				18,02	83,1					
23-08-2022 08:37:42						19,31	101,1	2,11	9,4	0,			20,27	76,	0,76	4,79	25,5			19,38	0,	2,21	9,12	0,				20,00	88,4	2,07	8,03	0,				18,40	82,					
23-08-2022 08:42:41						19,43	101,1	2,18	9,56	0,			20,33	75,8	0,77	4,8	25,5			19,50	0,	2,28	9,13	0,				20,18	88,3	2,08	8,04	0,				18,52	80,9					
23-08-2022 08:47:42						19,43	101,1	1,98	9,54	0,			20,40	75,8	0,74	4,79	25,5			19,56	0,	2,38	9,13	0,				20,18	88,6	2,29	8,11	0,				18,90	80,8					
23-08-2022 08:52:41						19,43	101,1	2,16	9,56	0,			20,40	76,3	0,72	4,79	25,5			19,69	0,	2,45	8,81	0,				20,25	88,5	2,27	8,14	0,				19,27	79,6					
23-08-2022 08:57:41						19,50	101,1	2,06	9,54	0,			20,40	76,3	0,75	4,79	25,5			19,75	0,	2,16	9,23	0,				20,31	88,8	2,37	8,51	0,				19,02	78,8					
23-08-2022 09:02:41						19,56	101,1	2,21	9,54	0,			20,33	76,3	0,76	4,79	25,5			19,81	0,	2,08	9,23	0,				20,25	88,	2,4	8,97	0,				18,83	78,4					
23-08-2022 09:07:42						19,56	101,1	2,08	9,53	0,			20,46	76,4	0,8	4,8	25,5			19,81	0,	2,04	9,24	0,				20,37	88,6	2,3	8,87	0,				18,96	78,1					
23-08-2022 09:12:42						19,62	101,1	2,11	9,57	0,			20,40	76,4	0,78	4,79	25,5			19,81	0,	2,43	9,24	0,				20,18	88,6	2,44	9,04	0,				19,08	77,2					
23-08-2022 09:17:40						19,56	101,1	2,19	9,56	0,			20,46	76,3	0,82	5,27	25,5			19,88	0,	2,28	9,24	0,				20,37	88,8	2,48	9,05	0,				19,15	77,1					
23-08-2022 09:22:42						19,56	101,1	2,12	9,55	0,			20,46	76,5	0,72	5,26	25,5			19,81	0,	2,19	9,25	0,				20,43	88,8	2,29	9,04	0,				19,08	76,8					
23-08-2022 09:27:41						19,43	101,1	1,92	9,56	0,			20,46	76,6	0,77	5,27	25,5			19,75	0,	2,3	9,04	0,				20,37	88,6	2,24	9,29	0,				19,33	76,8					
23-08-2022 09:32:41						19,62	101,1	2,07	9,55	0,			20,52	76,8	0,8	5,26	25,5			19,94	0,	2,44	8,98	0,				20,43	88,4	2,34	9,29	0,				19,27	76,2					
23-08-2022 09:37:40						19,75	101,1	1,97	9,55	0,			20,52	77,	0,78	5,26	25,5			19,94	0,	2,29	9,	0,				20,50	88,2	2,44	9,29	0,				19,58	76,8					
23-08-2022 09:42:42						19,68	101,1	2,13	9,56	0,			20,46	77,	0,77	5,27	25,5			20,06	0,	2,33	8,67	0,				20,68	89,	2,39	9,28	0,				19,96	76,4					
23-08-2022 09:47:41						19,93	101,1	2,05	9,54	0,			20,52	77,1	0,77	5,27	25,5			20,25	0,	2,22	8,67	0,				21,12	89,4	2,17	9,27	0,				20,27	75,6					
23-08-2022 09:52:42						20,06	101,1	2,	9,54	0,			20,52	77,5	0,81	5,46	25,5			20,44	0,	2,56	8,68	0,				21,25	89,4	2,18	9,27	0,				20,65	75,4					
23-08-2022 09:57:43						20,37	101,1	2,05	9,55	0,			20,58	77,7	0,83	5,47	25,5			20,63	0,	2,17	9,25	0,				21,37	89,	2,19	9,3	0,				20,83	75,1					
23-08-2022 10:02:41						20,75	101,1	1,79	9,56	0,			20,71	77,8	0,83	5,66	25,5			20,81	0,	2,17	9,23	0,				21,62	89,1	2,05	9,3	0,				21,15	74,5					
23-08-2022 10:07:42						20,93	101,1	1,65	9,56	0,			20,71	78,2	0,95	5,83	25,5			21,13	0,	2,21	9,23	0,				21,81	89,	2,17	9,29	0,				21,27	74,5					
23-08-2022 10:12:41						20,93	101,1	2,03	9,55	0,			20,83	78,3	0,95	6,04	25,5			21,31	0,	2,1	9,24	0,				22,18	89,	2,13	9,3	0,				21,46	74,					
23-08-2022 10:17:42						21,00	101,1	1,99	9,55	0,			20,83	78,6	0,9	6,44	25,5			21,31	0,	2,2	9,23	0,				22,37	88,5	2,1	9,29	0,				21,27	72,4					
23-08-2022 10:22:40						21,12	101,1	1,82	9,55	0,			20,90	79,	1,	6,59	25,5			21,56	0,	1,99	9,22	0,				22,31	88,3	2,08	9,29	0,				21,52	72,5					
23-08-2022 10:27:41						21,06	101,1	2,04	9,56	0,			20,96	79,	1,1	6,95	25,5			21,69	0,	2,04	9,24	0,				22,31	87,6	2,1	9,29	0,				21,58	72,5					
23-08-2022 10:32:41						21,25	101,1	1,92	9,55	0,			21,02	79,3	1,14	7,38	25,5			21,69	0,	1,95	9,23	0,				22,81	87,5	2,18	9,29	0,				21,77	72,1					
23-08-2022 10:37:42						21,31	101,1	2,08	9,55	0,			21,02	79,6	1,26	7,96	25,5			21,81	0,	2,19	9,24	0,				22,93	87,3	2,12	9,3	0,				22,02	72,5					
23-08-2022 10:42:41						21,50	101,1	2,07	9,57	0,			21,02	79,9	1,33	8,67	25,5			22,13	0,	2,1	9,24	0,				23,37	86,6	2,15	9,29	0,				22,27	72,1					
23-08-2022 10:47:40						21,68	101,1	2,1	9,55	0,			20,96	80,2	1,32	9,42	25,5			22,25	0,	2,24	9,23	0,				23,43	86,2	2,13	9,3	0,				22,58	71,2					
23-08-2022 10:52:42						22,18	101,1	2,07	9,55	0,			20,96	80,2	1,45	9,42	25,5			22,44	0,	2,15	9,26	0,				23,62	85,7	2,18	9,3	0,				22,71	70,5					
23-08-2022 10:57:41						22,56	101,1	2,08	9,54	0,			20,96	80,2	1,55	9,86	25,5			22,94	0,	2,06	9,23	0,				23,68	85,5	2,19	9,3	0,				22,65	69,7					
23-08-2022 11:02:42						22,56	101,1	1,83	9,52	0,			21,15	80,6	1,54	9,86	25,5			23,31	0,	2,67	9,25	0,				23,75	84,7	2,12	9,31	0,				22,96	69,7					
23-08-2022 11:07:40						22,68	101,1	2,03	9,56	0,			21,21	81,	1,41	9,87	25,5			23,88	0,	2,56	9,24	0,				24,25	85,	2,81	9,29	0,				23,27	69,3					
23-08-2022 11:12:42						22,62	101,1	2,	9,56	0,			21,21	81,	1,4	9,86	25,5			24,13	0,	2,78	9,26	0,				25,31	83,4	2,63	9,31	0,				23,08	68,4					
23-08-2022 11:17:41						22,56	101,1	2,01	9,57	0,			21,27	81,8	1,6	9,87	25,5			24,06	0,	2,67	9,25	0,				25,37	81,9	2,54	9,29	0,				23,27	68,2					
23-08-2022 11:22:43						22,62	101,1	1,93	9,55	0,			21,33	81,	1,58	9,87	25,5			24,19	0,	2,74	9,26	0,				25,68	81,9	2,7	9,32	0,				23,58	68,2					
23-08-2022 11:27:42						22,68	101,1	1,96	9,55	0,			21,52	81,8	1,45	9,86	25,5			24,44	0,	2,67	9,25	0,				25,68	81,4	2,69	9,31	0,				23,71	68,5					
23-08-2022 11:32:41						23,12	101,1	2,36	9,54	0,			21,65	81,	1,58	9,85	25,5			24,56	0,	2,82	9,24	0,				25,43	81,5	2,75	9,3	0,				23,96	68,2					
23-08-2022 11:37:42						23,25	101,1	2,36	9,58	0,			21,71	80,7	1,54	9,86	25,5			24,63	0,	2,75	9,26	0,				25,56	81,5	2,65	9,3	0,				23,77	67,1					
23-08-2022 11:42:40						23,37	101,1	2,17	9,56	0,			21,77	81,4	1,31	9,87	25,5			24,63	0,	2,73	9,26	0,				25,68	81,	2,65	9,3	0,				23,90	66,2					
23-08-2022 11:47:41						23,43	101,1	2,19	9,56	0,			21,90	81,	1,47	9,87	25,5			24,75	0,	2,68	9,25	0,				26,00	80,3	2,62	9,3	0,				23,96	66,					
23-08-2022 11:52:40						23,62	101,1	2,29	9,58	0,01			22,02	81,4	1,39	9,86	25,5			24,88	0,	2,79	9,25	0,				26,25	79,9	2,5	9,31	0,				24,46	65,7					
23-08-2022 11:57:41						23,75	101,1	2,44	9,57	0,02			21,96	81,	1,52	9,87	25,5			24,94	0,	2,68	9,26	0,				25,93	79,1	2,77	9,3	0,				24,65	64,1					
23-08-2022 12:02:40						23,81	101,1	2,25	9,57	0,			22,02	80,2	1,41	9,87	25,5			24,75	0,	2,7	9,25	0,				25,87	78,7	2,51	9,3	0,				23,90	64,1					
23-08-2022 12:07:41						24,18	101,1	2,55	9,58	0,02			22,02	80,1	1,53	9,86	25,5			24,81	0,	2,63	9,26	0,				26,06	78,	2,4	9,32	0,				24,71	63,3					
23-08-2022 12:12:41						24,37	101,1	2,26	9,58	0,03			22,15	80,2	1,42	9,87	25,5			25,06	0,	2,7	9,25	0,				26,00	78,	2,45	9,29	0,				24,65	61,2					
23-08-2022 12:17:41						24,37	101,1	2,25	9,57	0,04			22,21	79,8	1,65	9,87	25,5			25,19	0,	2,62	9,26	0,				26,12	78,6	2,74	9,29	0,				24,77	61,3					
23-08-2022 12:22:42						24,50	101,1	2,25	9,56	0,01			22,15	79,4	1,89	9,86	25,5			25,44	0,	2,8	9,25	0,				26,62	78,3	2,44	9,31	0,				25,08	60,5					
23-08-2022 12:27:40						24,75	101,1	2,42	9,59	0,03			22,46	78,6	2,06	9,87	25,5			25,44	0,	2,72	9,26	0,				26,62	78,3	2,42	9,29	0,				25,27	60,1					
23-08-2022 12:32:41						24,87	101,1	2,36	9,55	0,03			22,58	78,6	2,48	9,86	25,5			25,44	0,	2,57	9,25	0,				26,81	77,6	2,72	9,31	0,				25,15	59,7					
23-08-2022 12:37:41						25,00	101,1	2,73	9,58	0,04			22,58	79,	2,63	9,85	25,5			25,31	0,	2,65	9,26	0,				26,62	76,6	2,66	9,31	0,				25,08	58,7					
23-08-2022 12:42:42						25,12	101,1	2,65	9,59	0,			22,58	78,1	2,63	9,86	25,5			25,31	0,	2,67	9,26	0,				26,62	75,4	2,46	9,3	0,				25,27	57,3					
23-08-2022 12:47:40						24,87	101,1	2,23	9,57	0,04			22,83	77,	2,65	9,87	25,5			25,38	0,	2,48	9,25	0,				26,62	75,6	2,53	9,32	0,				25,02	57,5					
23-08-2022 12:52:42						24,68	101,1	2,43	9,55	0,07			22,96	74,6	3,15	8,07	0,01			25,25	0,	2,74	9,25	0,				26,43	75,1	2,7	9,31	0,				25,08	58,1					
23-08-2022 12:57:41						24,93	101,1	2,54	9,59	0,03			22,90	73,8	0,58	3,28	0,			25,25	0,	2,82	9,26	0,				26,81	74,7	2,63	9,31	0,				25,77	56,9					
23-08-2022 13:02:41						24,87	101,1	2,56	9,59	0,06			23,15	72,6	0,55	5,32	0,			25,44	0,	2,55	9,26	0,				26,87	73,9	2,53	9,31	0,				25,46	56,5					
23-08-2022 13:07:42						24,93	101,1	2,34	9,6	0,05			23,33	72,3	0,57	5,32	0,			25,50	0,	2,58	9,26	0,				26,87	73,5	2,59	9,3	0,				25,46	55,5					
23-08-2022 13:12:42						25,06	101,1	2,43	9,56	0,02			23,40	71,4	0,68	6,44	0,			25,56	0,	2,65	9,25	0,				26,93	73,8	2,52	9,31	0,				25,46	55,4					
23-08-2022 13:17:42						25,00	101,1	2,14	9,59	0,01			23,52	70,3	0,64	7,31	0,			25,69	0,	2,72	9,26	0,				27,12	72,3	2,4	9,32	0,				25,52	56,2					
23-08-2022 13:22:40						25,06	101,1	2,42	9,58	0,05			23,71	69,8	1,35	9,87	0,			25,69	0,	2,71	9,26	0,				27,00	73,1	2,47	9,3	0,				25,65	56,4					
23-08-2022 13:27:41						25,43	101,1	2,49	9,58	0,02			24,02	68,9	2,17	9,87	0,			25,75	0,	2,63	9,27	0,				27,00	72,3	2,38	9,29	0,				25,90	55,6					
23-08-2022 13:32:40						25,37	101,1	2,3	9,58	0,02			24,02	67,4	2,51	9,87	0,			25,75	0,	2,65	9,25	0,				26,68	71,9	2,4	9,31	0,				25,27	56,					
23-08-2022 13:37:42						25,25	101,1	2,4	9,57	0,04			24,27	67,	2,36	9,87	0,			25,81	0,	2,6	9,26	0,				26,93	71,5	2,53	9,32	0,				25,77	56,1					
23-08-2022 13:42:42						25,37	101,1	2,52	9,58	0,04			24,52	67,	2,39	9,86	0,			25,81	0,	2,56	9,26	0,				26,87	71,9	2,53	9,32	0,				25,90	56,1					
23-08-2022 13:47:41						25,43	101,1	2,47	9,6	0,			24,71	66,	2,36	9,87	0,			25,88	0,	2,62	9,27	0,				27,25	71,9	2,57	9,31	0,				25,65	54,5					
23-08-2022 13:52:41						25,62	101,1	2,39	9,58	0,02			24,83	65,4	2,35	9,87	0,			25,94	0,	2,79	9,26	0,				26,87	71,9	2,48	9,32	0,				25,96	56,					
23-08-2022 13:57:40						25,62	101,1	2,31	9,57	0,04			25,02	65,1	2,29	9,87	0,			26,19	0,	2,46	9,27	0,				27,18	71,1	2,58	9,31	0,				25,96	54,9					
23-08-2022 14:02:42						25,75	101,1	2,41	9,57	0,03			25,15	64,7	2,33	9,87	0,			26,25	0,	2,7	9,26	0,				27,43	71,1	2,71	9,32	0,				26,08	55,3					
23-08-2022 14:07:41						25,81	101,1	2,43	9,59	0,04			24,71	64,5	2,79	9,87	0,			26,25	0,	2,73	9,26	0,				27,43	70,8	2,31	9,3	0,				26,08	55,7					
23-08-2022 14:12:42						25,75	101,1	2,33	9,57	0,03			24,02	66,	2,63	9,87	0,			26,19	0,	2,66	9,26	0,				27,31	70,9	2,6	9,31	0,				25,33	55,9					
23-08-2022 14:17:41						25,87	101,1	2,34	9,58	0,02			25,15	65,1	2,38	9,87	0,			26,19	0,	2,67	9,26	0,				27,56	70,7	2,54	9,31	0,				26,40	55,3					
23-08-2022 14:22:42						26,25	101,1	2,45	9,57	0,03			25,52	64,9	2,32	9,88	0,			26,50	0,	2,7	9,26	0,				27,62	70,7	2,3	9,32	0,				26,52	53,7					
23-08-2022 14:27:42						26,12	101,1	2,39	9,58	0,			24,65	64,9	3,	9,87	0,			26,50	0,	2,55	9,26	0,				27,56	70,7	2,49	9,31	0,				25,96	53,6					
23-08-2022 14:32:41						26,31	101,1	2,49	9,58	0,03			24,46	66,1	2,79	9,88	0,			26,50	0,	2,59	9,26	0,				27,93	71,5	2,55	9,32	0,				26,46	55,3					
23-08-2022 14:37:42						26,31	101,1	2,34	9,61	0,03			25,58	65,4	2,3	9,87	0,			26,63	0,	2,36	9,26	0,				27,93	70,4	2,48	9,33	0,				26,46	54,9					
23-08-2022 14:42:41						26,37	101,1	2,51	9,56	0,03			24,90	64,9	2,97	9,87	0,			26,63	0,	2,63	9,25	0,				27,75	71,1	2,54	9,31	0,				26,52	54,9					
23-08-2022 14:47:43						26,62	101,1	2,32	9,57	0,01			24,71	65,7	2,63	9,88	0,			26,81	0,	2,48	9,25	0,				27,75	70,7	2,78	9,31	0,				26,90	54,1					
23-08-2022 14:52:43						26,87	101,1	2,55	9,59	0,02			25,65	64,9	2,78	9,87	0,			26,88	0,	2,53	9,26	0,				28,12	70,7	2,41	9,32	0,				26,65	55,					
23-08-2022 14:57:42						26,81	101,1	2,44	9,59	0,04			24,90	64,9	2,84	9,87	0,			26,81	0,	2,72	9,26	0,				27,93	69,9	2,52	9,31	0,				26,40	54,5					
23-08-2022 15:02:41						27,18	101,1	2,48	9,59	0,04			24,96	65,4	3,19	9,88	0,			26,88	0,	2,77	9,26	0,				27,87	70,4	2,6	9,31	0,				26,27	54,1					
23-08-2022 15:07:42						26,75	101,1	2,45	9,58	0,03			24,71	65,7	2,7	9,88	0,			26,81	0,	2,59	9,25	0,				28,12	69,9	2,53	9,32	0,				26,02	55,3					
23-08-2022 15:12:41						26,68	101,1	2,39	9,59	0,01			25,65	64,1	2,66	9,87	0,			26,69	0,	2,76	9,26	0,				27,81	70,	2,63	9,31	0,				25,71	55,3					
23-08-2022 15:17:41						26,56	101,1	2,35	9,58	0,02			24,77	64,9	2,95	9,87	0,			26,69	0,	2,62	9,27	0,				27,75	70,1	2,31	9,31	0,				25,77	56,1					
23-08-2022 15:22:41						26,75	101,1	2,35	9,59	0,01			24,71	65,3	3,	9,88	0,			26,69	0,	2,49	9,27	0,				28,00	69,9	2,44	9,31	0,				26,08	54,4					
23-08-2022 15:27:41						26,75	101,1	2,35	9,57	0,03			25,52	64,4	2,34	9,88	0,			26,69	0,	2,67	9,27	0,				27,93	69,7	2,46	9,32	0,				25,33	55,6					
23-08-2022 15:32:44						26,37	101,1	2,53	9,59	0,			24,58	64,2	2,94	9,88	0,01			26,56	0,	2,71	9,26	0,				27,68	69,9	2,7	9,32	0,				25,02	57,					
23-08-2022 15:37:41						26,12	101,1	2,48	9,59	0,			24,40	65,4	2,77	9,88	0,			26,44	0,	2,59	9,26	0,				27,62	70,4	2,6	9,31	0,				25,46	57,3					
23-08-2022 15:42:41						26,50	101,1	2,34	9,57	0,02			25,52	64,1	2,29	9,88	0,			26,56	0,	2,62	9,27	0,				28,00	70,3	2,38	9,32	0,				26,33	54,6					
23-08-2022 15:47:41						26,50	101,1	2,43	9,58	0,			25,15	63,7	2,92	9,86	0,			26,75	0,	2,7	9,26	0,				27,81	69,9	2,55	9,32	0,				25,46	54,9					
23-08-2022 15:52:42						26,25	101,1	2,22	9,59	0,01			24,40	64,6	2,97	9,88	0,			26,56	0,	2,6	9,28	0,				27,75	69,5	2,76	9,31	0,				25,15	56,6					
23-08-2022 15:57:42						26,25	101,1	2,37	9,61	0,			24,96	64,1	2,27	9,88	0,			26,44	0,	2,45	9,26	0,				27,62	69,9	2,47	9,32	0,				25,71	56,9					
23-08-2022 16:02:41						26,37	101,1	2,54	9,58	0,			25,46	62,7	2,66	9,88	0,			26,50	0,	2,71	9,26	0,				28,00	68,5	2,47	9,32	0,				25,65	55,7					
23-08-2022 16:07:42						26,37	101,1	2,49	9,58	0,01			24,52	64,1	3,01	9,87	0,			26,63	0,	2,53	9,26	0,				27,87	69,7	2,51	9,31	0,				25,65	56,2					
23-08-2022 16:12:40						26,43	101,1	2,47	9,59	0,			24,71	64,5	2,28	9,87	0,			26,56	0,	2,64	9,26	0,				27,62	69,9	2,54	9,31	0,				25,40	55,7					
23-08-2022 16:17:42						26,31	101,1	2,51	9,58	0,01			25,27	62,5	2,34	9,88	0,			26,50	0,	2,65	9,26	0,				27,81	69,1	2,57	9,31	0,				25,21	55,3					
23-08-2022 16:22:41						26,31	101,1	2,33	9,56	0,02			25,27	61,7	2,36	9,88	0,			26,31	0,	2,62	9,27	0,				27,50	69,1	2,72	9,31	0,				25,71	54,6					
23-08-2022 16:27:41						26,62	101,1	2,37	9,57	0,01			25,21	61,7	2,36	9,88	0,			26,44	0,	2,78	9,27	0,				27,81	68,8	2,37	9,31	0,				26,52	53,8					
23-08-2022 16:32:40						26,75	101,1	2,43	9,59	0,			25,27	62,9	2,88	9,87	0,			26,63	0,	2,59	9,25	0,				27,68	68,7	2,55	9,32	0,				27,02	52,4					
23-08-2022 16:37:42						26,93	101,1	2,49	9,57	0,			25,02	61,2	2,93	9,87	0,			26,81	0,	2,68	9,26	0,				28,06	67,1	2,58	9,31	0,				26,77	49,6					
23-08-2022 16:42:42						27,18	101,1	2,31	9,59	0,01			25,08	60,9	2,79	9,87	0,			26,94	0,	2,65	9,27	0,				28,06	66,1	2,64	9,32	0,				26,90	46,6					
23-08-2022 16:47:41						27,12	101,1	2,48	9,6	0,01			25,08	60,7	3,18	9,87	0,			26,94	0,	2,51	9,25	0,				28,12	65,7	2,48	9,31	0,				26,71	48,2					
23-08-2022 16:52:41						27,25	101,1	2,21	9,59	0,01			25,08	61,3	2,84	9,88	0,			26,81	0,	2,69	9,27	0,				28,06	66,7	2,57	9,32	0,				26,46	49,					
23-08-2022 16:57:40						27,37	101,1	2,57	9,59	0,			25,08	61,7	3,	9,87	0,			26,88	0,	2,74	9,27	0,				28,25	67,1	2,36	9,32	0,				26,40	50,9					
23-08-2022 17:02:42						27,25	101,1	2,5	9,59	0,03			25,08	62,	2,87	9,87	0,			26,81	0,	2,63	9,26	0,				28,06	67,4	2,62	9,31	0,				26,52	51,6					
23-08-2022 17:07:41						27,25	101,1	2,49	9,59	0,02			25,08	62,1	2,99	9,88	0,			26,81	0,	2,59	9,28	0,				27,81	67,1	2,49	9,32	0,				26,52	52,1					
23-08-2022 17:12:42						27,12	101,1	2,48	9,58	0,01			25,15	62,3	2,8	9,88	0,			26,81	0,	2,61	9,27	0,				28,12	67,9	2,67	9,31	0,				26,08	51,2					
23-08-2022 17:17:40						27,18	101,1	2,49	9,58	0,02			25,15	62,2	2,9	9,87	0,			26,88	0,	2,67	9,25	0,				27,81	67,9	2,73	9,31	0,				26,33	52,3					
23-08-2022 17:22:42						27,25	101,1	2,29	9,59	0,			25,15	62,5	2,76	9,87	0,01			26,75	0,	2,58	9,27	0,				27,87	68,	2,59	9,32	0,				26,40	52,5					
23-08-2022 17:27:41						27,25	101,1	2,45	9,58	0,01			25,08	61,5	3,04	9,87	0,			26,75	0,	2,64	9,27	0,				28,12	66,7	2,47	9,32	0,				26,52	51,3					
23-08-2022 17:32:41						27,37	101,1	2,38	9,58	0,			25,02	61,3	2,92	9,88	0,			26,75	0,	2,58	9,27	0,				28,00	66,7	2,58	9,32	0,				26,21	50,9					
23-08-2022 17:37:42						27,31	101,1	2,51	9,57	0,			24,96	61,7	3,01	9,87	0,			26,63	0,	2,53	9,27	0,				27,56	66,9	2,33	9,32	0,				26,08	51,4					
23-08-2022 17:42:40						27,25	101,1	2,26	9,6	0,			24,90	61,8	3,04	9,88	0,			26,50	0,	2,58	9,27	0,				27,75	67,3	2,42	9,3	0,				26,08	52,					
23-08-2022 17:47:42						27,25	101,1	2,63	9,59	0,			24,77	61,7	2,99	9,88	0,			26,56	0,	2,61	9,26	0,				27,81	67,5	2,22	9,32	0,				26,02	52,					
23-08-2022 17:52:40						27,18	101,1	2,31	9,61	0,01			24,77	61,7	2,98	9,87	0,			26,63	0,	2,61	9,27	0,				27,75	67,1	2,62	9,31	0,				25,90	51,7					
23-08-2022 17:57:42						27,12	101,1	2,32	9,59	0,			24,71	61,8	2,88	9,88	0,			26,69	0,	2,53	9,26	0,				27,68	67,5	2,59	9,3	0,				25,58	52,5					
23-08-2022 18:02:40						27,00	101,1	2,51	9,57	0,			25,40	60,	2,34	9,88	0,			26,63	0,	2,61	9,26	0,				27,62	69,5	2,49	9,33	0,				25,65	52,7					
23-08-2022 18:07:42						27,00	101,1	2,42	9,58	0,			24,90	60,2	3,11	9,88	0,			26,44	0,	2,74	9,25	0,				27,62	69,5	2,7	9,32	0,				25,40	52,9					
23-08-2022 18:12:42						26,81	101,1	2,18	9,57	0,			24,52	61,7	2,92	9,88	0,			26,31	0,	2,67	9,26	0,				27,43	69,7	2,45	9,31	0,				25,21	53,4					
23-08-2022 18:17:42						26,62	101,1	2,44	9,59	0,			25,02	60,2	2,4	9,88	0,			26,00	0,	2,69	9,28	0,				27,00	69,9	2,43	9,31	0,				24,65	54,7					
23-08-2022 18:22:43						26,25	101,1	2,5	9,58	0,			25,15	59,3	2,37	9,87	0,			25,63	0,	2,63	9,26	0,				27,00	69,6	2,52	9,32	0,				24,58	56,					
23-08-2022 18:27:41						26,18	101,1	2,4	9,58	0,			25,02	59,3	2,39	9,88	0,			25,63	0,	2,69	9,27	0,				27,00	69,4	2,4	9,32	0,				24,96	55,3					
23-08-2022 18:32:42						26,18	101,1	2,43	9,59	0,			24,90	59,3	2,33	9,88	0,			25,56	0,	2,67	9,27	0,				26,75	68,5	2,76	9,31	0,				25,08	54,6					
23-08-2022 18:37:40						26,25	101,1	2,41	9,59	0,02			24,77	59,7	2,29	9,87	0,			25,50	0,	2,59	9,26	0,				26,87	69,5	2,59	9,32	0,				25,52	54,1					
23-08-2022 18:42:41						26,25	101,1	2,21	9,6	0,01			24,71	59,8	2,35	9,87	0,			25,56	0,	2,62	9,26	0,				27,00	68,3	2,55	9,31	0,				25,46	52,6					
23-08-2022 18:47:40						26,12	101,1	2,58	9,6	0,			24,65	59,7	2,3	9,87	0,			25,63	0,	2,57	9,26	0,				26,75	67,9	2,66	9,31	0,				25,27	52,1					
23-08-2022 18:52:42						26,06	101,1	2,58	9,6	0,			24,52	60,1	2,33	9,87	0,			25,50	0,	2,66	9,25	0,				26,37	69,1	2,58	9,31	0,				24,83	53,9					
23-08-2022 18:57:41						25,87	101,1	2,41	9,57	0,			24,52	60,1	2,29	9,88	0,			25,38	0,	2,66	9,26	0,				26,25	69,1	2,79	9,31	0,				24,83	53,4					
23-08-2022 19:02:40						25,87	101,1	2,42	9,57	0,			24,33	60,1	2,21	9,87	0,			25,31	0,	2,55	9,27	0,				26,25	68,7	2,71	9,31	0,				24,77	52,9					
23-08-2022 19:07:41						25,68	101,1	2,37	9,57	0,01			24,15	59,7	2,33	9,87	0,			25,19	0,	2,67	9,26	0,				26,37	69,	2,49	9,3	0,				24,71	53,7					
23-08-2022 19:12:40						25,62	101,1	2,54	9,59	0,			24,08	59,8	2,31	9,87	0,			25,13	0,	2,66	9,27	0,				26,25	69,	2,5	9,31	0,				24,52	53,1					
23-08-2022 19:17:42						25,56	101,1	2,26	9,59	0,			24,02	60,1	2,38	9,87	0,			25,06	0,	2,61	9,26	0,				26,18	69,5	2,7	9,32	0,				24,15	54,					
23-08-2022 19:22:40						25,37	101,1	2,57	9,57	0,			23,96	59,7	2,41	9,87	0,			24,88	0,	2,6	9,26	0,				25,87	69,4	2,59	9,3	0,				23,65	54,3					
23-08-2022 19:27:41						25,31	101,1	2,58	9,59	0,			23,77	59,3	2,46	9,87	0,			24,75	0,	2,62	9,26	0,				25,93	68,	2,56	9,32	0,				23,52	54,9					
23-08-2022 19:32:41						25,12	101,1	2,61	9,57	0,			23,65	59,3	2,35	9,87	0,			24,63	0,	2,71	9,27	0,				25,62	68,2	2,64	9,3	0,				23,46	54,7					
23-08-2022 19:37:42						25,00	101,1	2,35	9,57	0,			23,52	59,7	2,19	9,87	0,			24,56	0,	2,7	9,25	0,				25,75	68,1	2,55	9,32	0,				23,27	54,4					
23-08-2022 19:42:41						24,75	101,1	2,22	9,59	0,			23,33	59,7	2,35	9,87	0,			24,56	0,	2,66	9,27	0,				25,31	68,5	2,69	9,32	0,				23,15	54,5					
23-08-2022 19:47:40						24,68	101,1	2,55	9,55	0,			23,33	60,1	2,37	9,87	0,			24,38	0,	2,79	9,26	0,				25,75	68,7	2,61	9,32	0,				22,90	56,5					
23-08-2022 19:52:41						24,62	101,1	2,36	9,58	0,			23,21	60,1	2,35	9,88	0,			24,31	0,	2,73	9,26	0,				25,50	68,3	2,62	9,31	0,				22,65	57,8					
23-08-2022 19:57:42						24,75	101,1	2,58	9,59	0,			23,21	60,8	2,39	9,86	0,			24,25	0,	2,59	9,26	0,				25,18	68,4	2,69	9,31	0,				22,46	59,3					
23-08-2022 20:02:42						24,62	101,1	2,33	9,6	0,			23,08	61,3	2,31	9,87	0,			24,19	0,	2,62	9,27	0,				25,37	69,2	2,49	9,3	0,				22,15	61,					
23-08-2022 20:07:40						24,56	101,1	2,59	9,58	0,			23,02	61,3	2,31	9,87	0,			24,00	0,	2,69	9,25	0,				24,87	69,9	2,57	9,31	0,				21,77	62,9					
23-08-2022 20:12:42						24,37	101,1	2,41	9,59	0,			22,96	62,1	2,38	9,87	0,			24,06	0,	2,67	9,26	0,				25,12	70,7	2,62	9,3	0,				21,83	63,7					
23-08-2022 20:17:41						24,37	101,1	2,57	9,58	0,			22,83	62,5	2,38	9,87	0,			23,94	0,	2,63	9,26	0,				24,68	70,7	2,81	9,31	0,				21,58	64,9					
23-08-2022 20:22:43						24,31	101,1	2,5	9,57	0,			22,77	62,9	2,35	9,87	0,01			23,88	0,	2,71	9,26	0,				24,87	70,7	2,67	9,31	0,				21,33	66,1					
23-08-2022 20:27:42						24,18	101,1	2,61	9,59	0,			22,65	63,6	2,29	9,88	0,			23,69	0,	2,75	9,25	0,				24,87	71,6	2,57	9,31	0,				21,21	67,					
23-08-2022 20:32:41						23,93	101,1	2,41	9,57	0,			22,52	63,9	2,22	9,88	0,			23,56	0,	2,66	9,25	0,				24,50	71,9	2,59	9,33	0,				20,96	68,1					
23-08-2022 20:37:42						23,81	101,1	2,54	9,58	0,			22,40	64,5	2,46	9,87	0,			23,44	0,	2,66	9,25	0,				24,43	72,	2,81	9,31	0,				20,71	69,3					
23-08-2022 20:42:41						23,37	101,1	2,37	9,58	0,			22,27	64,5	2,41	9,86	0,			23,25	0,	2,63	9,25	0,				24,62	72,8	2,54	9,31	0,				20,33	70,3					
23-08-2022 20:47:41						23,37	101,1	2,47	9,58	0,01			22,21	65,5	2,38	9,86	0,			23,06	0,	2,76	9,25	0,				24,37	73,1	2,61	9,3	0,				20,40	71,3					
23-08-2022 20:52:41						23,37	101,1	2,29	9,59	0,01			22,15	65,3	2,37	9,87	0,			22,81	0,	2,65	9,27	0,				24,50	72,7	2,69	9,3	0,				20,21	71,3					
23-08-2022 20:57:42						23,37	101,1	2,31	9,58	0,01			22,02	65,9	2,44	9,87	0,			22,88	0,	2,25	9,24	0,				24,12	73,4	2,62	9,3	0,				20,08	72,1					
23-08-2022 21:02:40						23,12	101,1	2,2	9,57	0,02			21,90	66,3	2,31	9,87	0,			23,44	0,	2,56	9,25	0,				24,00	73,5	2,4	9,29	0,				19,96	72,5					
23-08-2022 21:07:43						23,06	101,1	2,59	9,58	0,02			21,77	66,7	2,36	9,87	0,			22,81	0,	2,6	9,26	0,				24,56	70,5	2,5	9,29	0,				19,77	73,2					
23-08-2022 21:12:42						23,31	101,1	2,	9,55	0,			21,58	67,4	2,38	9,87	0,			23,00	0,	2,29	9,25	0,				23,87	73,6	2,73	9,31	0,				19,58	73,9					
23-08-2022 21:17:40						22,93	101,1	2,57	9,56	0,			21,46	67,7	2,34	9,86	0,			23,06	0,	2,2	9,25	0,				23,68	70,3	2,22	9,3	0,				19,65	74,1					
23-08-2022 21:22:42						22,81	101,1	1,97	9,56	0,			21,46	67,8	2,26	9,86	0,			23,00	0,	2,35	9,25	0,				23,87	70,8	2,18	9,29	0,				19,71	74,1					
23-08-2022 21:27:40						23,43	101,1	1,97	9,57	0,02			21,33	68,2	2,41	9,87	0,01			22,88	0,	1,83	9,26	0,				23,31	73,5	2,41	9,29	0,				19,52	74,5					
23-08-2022 21:32:41						22,68	101,1	2,17	9,58	0,			21,21	68,6	2,41	9,87	0,			22,81	0,	2,2	9,26	0,				23,68	71,9	2,21	9,3	0,				19,52	74,5					
23-08-2022 21:37:41						23,00	101,1	1,97	9,57	0,			21,15	69,	2,39	9,86	0,01			22,69	0,	2,3	9,26	0,				23,37	72,6	2,28	9,28	0,				19,46	74,7					
23-08-2022 21:42:42						23,06	101,1	2,2	9,55	0,			21,08	69,2	2,37	9,87	0,			22,56	0,	2,27	9,24	0,				23,56	72,7	2,22	9,29	0,				19,40	74,8					
23-08-2022 21:47:40						22,43	101,1	2,28	9,55	0,01			21,02	69,4	2,34	9,86	0,01			22,50	0,	2,08	9,25	0,				23,31	73,	2,19	9,3	0,				19,52	74,8					
23-08-2022 21:52:42						22,87	101,1	2,08	9,59	0,			21,08	69,8	2,39	9,87	0,			22,38	0,	2,12	9,25	0,				23,00	73,2	2,16	9,3	0,				19,52	74,8					
23-08-2022 21:57:42						22,87	101,1	2,2	9,56	0,01			20,96	70,	2,55	9,86	0,			22,44	0,	2,18	9,26	0,				23,12	73,5	2,2	9,29	0,				19,40	74,9					
23-08-2022 22:02:40						22,31	101,1	2,21	9,58	0,			20,96	70,2	1,93	9,87	0,			22,69	0,	2,19	9,25	0,				23,25	73,9	2,26	9,29	0,				19,27	75,2					
23-08-2022 22:07:42						22,75	101,1	2,03	9,57	0,			20,90	70,3	1,68	9,86	0,			22,63	0,	2,1	9,26	0,				22,87	73,9	2,19	9,29	0,				19,15	75,6					
23-08-2022 22:12:40						22,50	101,1	1,94	9,56	0,			20,77	70,3	1,37	9,86	0,			22,44	0,	2,14	9,25	0,				23,00	74,4	2,16	9,31	0,				19,15	75,8					
23-08-2022 22:17:41						22,43	101,1	2,03	9,57	0,02			20,77	70,6	1,23	9,86	0,			22,31	0,	2,11	9,25	0,				22,87	74,4	2,28	9,3	0,				19,15	76,					
23-08-2022 22:22:41						22,43	101,1	2,19	9,55	0,03			20,71	70,8	1,22	9,53	0,			22,19	0,	2,12	9,24	0,				22,75	74,7	2,26	9,31	0,				19,08	76,					
23-08-2022 22:27:43						22,37	101,1	2,12	9,58	0,			20,71	71,	1,15	9,12	0,			22,13	0,	2,19	9,26	0,				22,75	75,5	2,04	9,29	0,				19,08	76,					
23-08-2022 22:32:42						22,31	101,1	2,09	9,56	0,			20,65	71,	1,12	8,92	0,			22,00	0,	2,13	9,25	0,				23,12	75,1	2,06	9,31	0,				19,08	76,1					
23-08-2022 22:37:42						22,31	101,1	2,03	9,58	0,			20,65	71,1	1,1	8,93	0,			21,94	0,	2,19	9,25	0,				22,93	74,7	2,25	9,31	0,				18,96	76,4					
23-08-2022 22:42:41						22,18	101,1	2,09	9,57	0,			20,58	71,4	0,97	8,56	0,			22,00	0,	2,23	9,24	0,				22,81	76,	2,05	9,3	0,				18,90	76,4					
23-08-2022 22:47:40						22,25	101,1	1,95	9,55	0,			20,58	71,4	0,83	8,16	0,01			22,00	0,	2,17	9,26	0,				22,62	75,9	2,13	9,29	0,				18,90	76,8					
23-08-2022 22:52:42						22,12	101,1	2,06	9,57	0,01			20,58	71,6	0,78	7,95	0,01			21,94	0,	2,11	9,24	0,				22,50	76,2	2,07	9,31	0,				18,71	76,8					
23-08-2022 22:57:41						22,06	101,1	2,1	9,56	0,01			20,58	71,9	0,72	7,87	0,			21,88	0,	2,1	9,25	0,				22,37	76,2	2,15	9,3	0,				18,77	77,1					
23-08-2022 23:02:41						21,93	101,1	1,95	9,54	0,			20,58	72,2	0,69	7,31	0,			21,88	0,	2,21	9,25	0,				22,18	76,7	2,1	9,29	0,				18,71	77,2					
23-08-2022 23:07:41						21,81	101,1	1,93	9,56	0,			20,46	72,2	0,65	6,93	0,			22,00	0,	2,22	9,24	0,				22,25	76,9	1,97	9,3	0,				18,58	77,2					
23-08-2022 23:12:42						21,75	101,1	2,2	9,56	0,			20,52	72,2	0,64	6,92	0,			22,00	0,	2,14	9,26	0,				22,31	77,1	2,07	9,3	0,				18,58	77,3					
23-08-2022 23:17:41						22,06	101,1	2,15	9,56	0,			20,52	72,5	0,65	6,93	0,			21,88	0,	2,14	9,25	0,				22,12	77,1	2,1	9,3	0,				18,52	77,4					
23-08-2022 23:22:41						22,68	101,1	2,41	9,55	0,			20,40	72,6	0,63	6,46	0,			21,75	0,	2,28	9,25	0,				22,00	77,9	2,07	9,29	0,				18,46	77,6					
23-08-2022 23:27:42						22,25	101,1	2,06	9,56	0,			20,40	72,7	0,65	6,45	0,			21,69	0,	2,16	9,25	0,				22,06	77,9	2,02	9,29	0,				18,46	77,6					
23-08-2022 23:32:41						22,12	101,1	1,87	9,56	0,			20,40	72,7	0,62	5,95	0,			21,69	0,	1,91	9,25	0,				22,31	77,9	1,96	9,29	0,				18,52	77,6					
23-08-2022 23:37:43						21,87	101,1	2,05	9,56	0,			20,46	72,9	0,61	5,96	0,			21,69	0,	2,04	9,25	0,				22,62	77,9	2,18	9,29	0,				18,40	77,6					
23-08-2022 23:42:40						22,18	101,1	1,94	9,56	0,			20,46	72,8	0,6	5,53	0,			21,81	0,	2,16	9,26	0,				22,68	77,6	2,13	9,31	0,				18,40	77,6					
23-08-2022 23:47:41						22,18	101,1	1,94	9,56	0,			20,46	73,1	0,63	5,27	0,			21,94	0,	2,13	9,25	0,				22,62	78,3	2,02	9,3	0,				18,40	77,6					
23-08-2022 23:52:41						22,12	101,1	2,05	9,55	0,			20,33	72,9	0,59	5,28	0,			22,25	0,	2,27	9,26	0,				22,87	79,6	2,13	9,3	0,				18,40	77,6					
23-08-2022 23:57:42						22,18	101,1	2,02	9,58	0,			20,40	73,1	0,57	5,27	0,			22,19	0,	2,3	9,25	0,				22,81	79,9	2,23	9,3	0,				18,40	77,7					
