Net no:						1	1	1	1	1			1	1	1	1	1			1	1	1	1	1				1	1	1	1	1				1	1					
Object no:						131	141	150	151	152			134	144	159	160	161			133	143	156	157	158				132	142	153	154	155				130	140					
Table no:						0	0	0	0	0			0	0	0	0	0			0	0	0	0	0				0	0	0	0	0				0	0					
Code no:						48	48	48	48	48			48	48	136	136	136			48	48	48	48	48				48	48	48	48	48				48	48					
Calculation:						T	/10	/100	/100	/100			T	/10	/100	/100	/100			T	/10	/100	/100	/100				T	/10	/100	/100	/100				T	/10					
Date/time:	Afp. 1776	Bes. 97184			Stald 1	Temp_stald1	Fugt_stald1	DynamicAir_trinlřs_stald1	Spjćld_trinlřs_stald 1	On/off_stald1		Stald 2	Temp_stald2	Fugt_stald2	DynamicAir_trinlřs_stald2	Spjćld_trinlřs_stald2	On/off_stald2		Stald5	Temp_stald5	Fugt_stald5	DynamicAir_trinlřs_stald5	Spjćld_trinlřs_stald5	On/off_stald 5			Stald6	Temp_stald6	Fugt_stald 6	DynamicAir_trinlřs_stald6	Spjćld_trinlřs_stald6	On/off_stald6			UDE	Temp_ude	Fugt_ude					
25-07-2022 15:50:08						23,00	91,2	2,27	9,58	0,			25,52	77,8	3,01	9,87	0,			22,50	92,1	0,48	0,	25,67				26,81	82,	0,47	0,	25,5				23,40	68,5					
25-07-2022 15:52:42						23,06	91,	2,45	9,57	0,			25,52	77,6	2,98	9,87	0,			21,56	90,	0,48	0,	25,67				27,12	82,	0,47	0,	25,5				23,46	68,5					
25-07-2022 15:57:41						23,12	90,2	2,46	9,56	0,			25,90	78,5	2,99	9,87	0,			21,88	92,1	0,48	0,	25,67				27,25	81,8	0,47	0,	25,5				23,40	65,3					
25-07-2022 16:02:41						22,87	89,6	2,38	9,55	0,			25,90	77,4	2,97	9,88	0,			22,19	92,2	0,48	0,	25,67				27,18	81,9	0,49	0,	25,5				23,02	65,4					
25-07-2022 16:07:43						22,81	89,6	2,36	9,59	0,			25,90	78,1	2,94	9,87	0,			22,44	92,3	0,48	0,	25,67				27,06	81,9	0,49	0,	25,5				23,27	67,6					
25-07-2022 16:12:41						22,75	90,	2,53	9,56	0,			25,65	78,	3,13	9,87	0,			22,56	92,4	0,48	0,	25,67				27,18	81,9	0,47	0,	25,5				22,83	66,9					
25-07-2022 16:17:41						22,43	89,2	2,4	9,57	0,			25,40	76,1	3,23	9,87	0,			22,56	92,4	0,48	0,	25,67				27,31	81,5	0,51	0,	25,5				23,02	66,3					
25-07-2022 16:22:41						22,56	89,6	2,4	9,59	0,			25,08	75,4	3,02	9,87	0,			21,50	89,6	0,48	0,	25,67				27,37	81,5	0,49	0,	25,5				22,96	66,9					
25-07-2022 16:27:42						22,62	88,5	2,31	9,57	0,			25,27	76,4	3,21	9,87	0,			22,00	92,	0,51	0,	25,67				27,12	81,9	0,5	0,	25,5				22,83	67,3					
25-07-2022 16:32:41						22,81	88,9	2,23	9,58	0,			25,33	76,6	3,01	9,87	0,			22,25	92,2	0,49	0,	25,67				27,12	81,8	0,47	0,	25,5				23,27	68,1					
25-07-2022 16:37:43						22,75	88,8	2,52	9,59	0,			25,27	75,3	3,25	9,88	0,			22,38	92,4	0,59	0,	25,67				27,18	81,5	0,55	0,	25,5				22,90	66,9					
25-07-2022 16:42:42						22,56	88,5	2,3	9,59	0,			25,40	75,2	3,08	9,88	0,			22,44	92,4	0,48	0,	25,67				27,18	81,5	0,49	0,	25,5				22,33	68,9					
25-07-2022 16:47:40						22,50	88,	2,49	9,57	0,			25,27	74,8	3,12	9,87	0,			22,56	92,4	0,49	0,	25,67				27,37	81,6	0,47	0,	25,5				22,27	69,3					
25-07-2022 16:52:41						22,25	87,7	2,31	9,58	0,			24,96	74,2	3,21	9,87	0,			21,69	90,2	0,52	0,	25,67				27,25	81,9	0,58	0,	25,5				22,02	69,2					
25-07-2022 16:57:40						22,18	88,	2,39	9,58	0,			24,77	75,1	2,95	9,87	0,			22,00	92,2	0,48	0,	25,67				27,50	81,5	0,53	0,	25,5				21,71	69,9					
25-07-2022 17:02:41						21,93	88,	2,32	9,57	0,			24,65	74,6	3,15	9,87	0,			22,25	92,3	0,48	0,	25,67				27,00	81,5	0,47	0,	25,5				21,52	70,5					
25-07-2022 17:07:42						21,81	88,2	2,39	9,58	0,			24,65	75,4	3,12	9,87	0,			22,44	92,4	0,48	0,	25,67				27,31	81,6	0,51	0,	25,5				21,46	71,2					
25-07-2022 17:12:41						21,75	88,	2,36	9,58	0,			24,65	75,8	3,17	9,87	0,			22,44	92,4	0,48	0,	25,67				27,25	81,7	0,47	0,	25,5				21,33	71,4					
25-07-2022 17:17:40						21,50	88,	2,46	9,57	0,			24,52	75,6	2,96	9,87	0,			22,50	0,	0,48	0,	25,67				27,37	81,4	0,51	0,	25,5				21,27	71,7					
25-07-2022 17:22:42						21,56	88,6	2,44	9,55	0,			24,71	76,6	3,03	9,86	0,			21,75	0,	0,57	0,	25,67				27,06	81,5	0,54	0,	25,5				22,02	72,1					
25-07-2022 17:27:41						21,75	88,5	2,51	9,54	0,			24,65	74,7	2,95	9,86	0,			22,06	0,	0,55	0,	25,67				26,93	81,9	0,5	0,	25,5				22,58	68,8					
25-07-2022 17:32:41						22,06	88,2	2,17	9,57	0,			24,83	74,5	3,16	9,85	0,			22,25	0,	0,56	0,	25,67				27,06	81,9	0,56	0,	25,5				22,71	66,9					
25-07-2022 17:37:41						21,87	87,9	2,49	9,56	0,			24,90	73,8	3,11	9,86	0,			22,38	0,	0,53	0,	25,67				27,18	81,5	0,55	0,	25,5				22,21	65,1					
25-07-2022 17:42:40						21,75	88,3	2,27	9,55	0,			24,83	73,8	3,01	9,86	0,			22,38	0,	0,48	0,	25,67				27,06	81,5	0,49	0,	25,5				21,71	67,6					
25-07-2022 17:47:42						21,75	88,5	2,34	9,55	0,			24,77	73,8	3,23	9,86	0,			22,50	0,	0,49	0,	25,67				26,87	81,5	0,49	0,	25,5				21,40	69,7					
25-07-2022 17:52:41						21,62	88,4	2,39	9,56	0,			24,71	73,8	3,04	9,86	0,			21,63	0,	0,51	0,	25,67				26,93	81,7	0,47	0,	25,5				21,58	69,1					
25-07-2022 17:57:41						21,50	88,2	2,38	9,54	0,			24,71	73,8	3,18	9,86	0,			22,00	0,	0,58	0,	25,67				27,12	81,5	0,51	0,	25,5				21,52	69,4					
25-07-2022 18:02:40						21,50	88,	2,32	9,55	0,			24,46	73,8	3,14	9,86	0,			22,19	0,	0,48	0,	25,67				27,18	81,5	0,48	0,	25,5				21,65	69,7					
25-07-2022 18:07:41						21,43	88,4	2,45	9,56	0,			24,46	74,2	2,99	9,86	0,			22,38	0,	0,49	0,	25,67				26,93	81,5	0,51	0,	25,5				21,40	70,9					
25-07-2022 18:12:42						21,43	88,6	2,43	9,55	0,			24,52	75,	3,04	9,86	0,			22,38	0,	0,51	0,	25,67				27,00	81,4	0,5	0,	25,5				21,27	69,9					
25-07-2022 18:17:41						21,50	88,8	2,4	9,53	0,			24,65	75,7	3,13	9,86	0,			22,38	0,	0,49	0,	25,67				27,06	81,3	0,47	0,	25,5				21,33	70,1					
25-07-2022 18:22:42						21,50	88,8	2,61	9,53	0,			24,65	74,2	2,91	9,86	0,			21,63	0,	0,55	0,	25,67				26,87	81,5	0,57	0,	25,5				22,15	69,5					
25-07-2022 18:27:41						21,43	88,7	2,49	9,57	0,			24,77	75,4	3,17	9,87	0,			22,00	0,	0,59	0,	25,67				27,12	81,6	0,52	0,	25,5				21,52	69,7					
25-07-2022 18:32:42						21,25	88,8	2,51	9,56	0,			24,65	74,6	3,07	9,86	0,			22,19	0,	0,48	0,	25,67				27,06	81,5	0,47	0,	25,5				21,08	70,4					
25-07-2022 18:37:42						21,18	88,8	2,55	9,56	0,			24,58	74,6	3,01	9,86	0,			22,31	0,	0,53	0,	25,67				27,12	81,1	0,53	0,	25,5				21,21	70,1					
25-07-2022 18:42:41						21,12	88,7	2,27	9,55	0,			24,40	74,2	2,97	9,87	0,			22,31	0,	0,48	0,	25,67				26,87	81,2	0,47	0,	25,5				21,02	70,9					
25-07-2022 18:47:42						21,18	88,7	2,27	9,53	0,			24,21	74,2	3,1	9,86	0,			22,44	0,	0,56	0,	25,67				27,18	81,5	0,5	0,	25,5				21,46	69,8					
25-07-2022 18:52:42						21,18	89,1	2,45	9,52	0,			24,15	74,6	2,98	9,86	0,			21,69	0,	0,59	0,	25,67				27,18	81,2	0,51	0,	25,5				21,27	70,5					
25-07-2022 18:57:42						21,12	89,2	2,27	9,55	0,			24,27	75,4	3,2	9,86	0,			22,06	0,	0,48	0,	25,67				27,12	80,8	0,47	0,	25,5				21,27	70,5					
25-07-2022 19:02:41						21,18	89,2	2,47	9,55	0,			24,40	75,4	3,	9,86	0,			22,19	0,	0,49	0,	25,67				27,06	81,1	0,51	0,	25,5				20,71	71,7					
25-07-2022 19:07:42						21,25	88,8	2,52	9,55	0,			24,40	75,2	3,24	9,86	0,			22,25	0,	0,52	0,	25,67				26,93	81,4	0,59	0,	25,5				20,46	72,5					
25-07-2022 19:12:40						21,18	88,8	2,37	9,58	0,			24,65	76,6	3,25	9,86	0,			22,31	0,	0,49	0,	25,67				27,06	81,1	0,5	0,	25,5				20,27	73,6					
25-07-2022 19:17:42						21,18	89,2	2,46	9,55	0,			24,46	77,	3,07	9,86	0,			22,38	0,	0,58	0,	25,67				27,06	81,	0,53	0,	25,5				20,08	74,9					
25-07-2022 19:22:40						21,00	89,2	2,62	9,56	0,			24,58	78,3	3,08	9,86	0,			21,56	0,	0,48	0,	25,67				27,00	80,7	0,58	0,	25,5				20,02	75,					
25-07-2022 19:27:42						20,93	89,3	2,39	9,55	0,			24,21	78,3	3,16	9,87	0,			21,88	0,	0,49	0,	25,67				26,87	81,9	0,51	0,	25,5				19,96	75,4					
25-07-2022 19:32:40						20,81	89,	2,44	9,57	0,			23,83	77,	3,	9,87	0,			22,13	0,	0,48	0,	25,67				27,06	81,	0,47	0,	25,5				19,77	75,6					
25-07-2022 19:37:41						20,56	89,2	2,38	9,58	0,			23,90	78,2	2,95	9,86	0,			22,19	0,	0,48	0,	25,67				27,00	80,7	0,48	0,	25,5				19,58	75,8					
25-07-2022 19:42:42						20,43	89,2	2,05	9,54	0,			23,90	78,7	3,08	9,86	0,			22,31	0,	0,48	0,	25,67				27,25	80,7	0,53	0,	25,5				19,46	77,2					
25-07-2022 19:47:41						20,12	89,6	2,14	9,58	0,			23,65	77,2	3,08	9,86	0,			22,31	0,	0,48	0,	25,67				27,06	81,1	0,49	0,	25,5				19,46	77,7					
25-07-2022 19:52:42						20,06	89,6	2,19	9,56	0,			23,40	77,	3,16	9,86	0,			21,44	0,	0,51	0,	25,67				27,06	80,6	0,51	0,	25,5				18,90	78,4					
25-07-2022 19:57:41						20,12	89,6	2,09	9,56	0,			23,33	76,6	3,14	9,86	0,			21,81	0,	0,49	0,	25,67				27,06	80,3	0,54	0,	25,5				18,90	79,6					
25-07-2022 20:02:42						20,00	89,6	2,19	9,55	0,			23,21	76,6	3,24	9,86	0,			22,06	0,	0,48	0,	25,67				26,87	80,7	0,47	0,	25,5				18,58	81,2					
25-07-2022 20:07:41						20,06	90,4	2,04	9,55	0,			23,15	76,6	3,18	9,86	0,			22,19	0,	0,48	0,	25,67				27,12	81,1	0,48	0,	25,5				18,33	82,8					
25-07-2022 20:12:42						20,00	90,	2,13	9,57	0,			22,96	77,4	3,06	9,86	0,			22,25	0,	0,48	0,	25,67				27,00	80,7	0,47	0,	25,5				17,83	84,9					
25-07-2022 20:17:41						20,00	89,9	2,16	9,54	0,			22,71	77,1	2,92	9,86	0,			22,25	0,	0,49	0,	25,67				26,87	80,3	0,51	0,	25,5				17,65	86,8					
25-07-2022 20:22:41						19,93	90,	2,1	9,54	0,			22,58	77,8	3,09	9,85	0,			21,50	0,	0,48	0,	25,67				27,12	80,8	0,47	0,	25,5				17,83	86,9					
25-07-2022 20:27:42						19,93	89,9	2,14	9,54	0,			22,52	77,8	3,03	9,86	0,			21,81	0,	0,48	0,	25,67				27,06	81,	0,47	0,	25,5				17,90	87,1					
25-07-2022 20:32:41						20,00	90,	2,08	9,55	0,			22,46	78,2	3,16	9,86	0,			22,06	0,	0,48	0,	25,67				27,06	80,6	0,48	0,	25,5				17,83	87,3					
25-07-2022 20:37:42						20,00	90,	2,16	9,55	0,			22,58	78,3	3,2	9,86	0,			22,13	0,	0,48	0,	25,67				27,00	80,7	0,5	0,	25,5				17,90	87,2					
25-07-2022 20:42:40						20,00	89,8	2,26	9,55	0,			22,58	78,3	2,95	9,86	0,			22,13	0,	0,48	0,	25,67				26,87	80,9	0,51	0,	25,5				17,77	87,7					
25-07-2022 20:47:41						20,00	89,6	2,01	9,55	0,			22,52	78,2	2,96	9,86	0,			22,19	0,	0,48	0,	25,67				26,75	81,	0,51	0,	25,5				17,71	87,9					
25-07-2022 20:52:40						20,06	89,6	2,09	9,55	0,			22,46	77,8	3,18	9,86	0,			21,38	0,	0,48	0,	25,67				27,06	80,8	0,48	0,	25,5				17,71	87,7					
25-07-2022 20:57:41						20,06	89,6	2,13	9,54	0,			22,46	78,6	3,15	9,86	0,			21,75	0,	0,48	0,	25,67				27,12	80,3	0,5	0,	25,5				17,71	88,					
25-07-2022 21:02:41						20,06	89,6	2,04	9,56	0,			22,46	79,	3,25	9,86	0,			21,94	0,	0,5	0,	25,67				27,00	80,8	0,47	0,	25,5				17,77	88,					
25-07-2022 21:07:42						20,00	89,9	2,2	9,55	0,			22,46	79,2	3,08	9,86	0,			22,06	0,	0,48	0,	25,67				26,68	80,8	0,5	0,	25,5				17,77	88,4					
25-07-2022 21:12:41						20,00	89,6	2,01	9,56	0,			22,46	78,6	3,03	9,87	0,			22,13	0,	0,48	0,	25,67				26,68	80,6	0,47	0,	25,5				17,65	88,					
25-07-2022 21:17:41						19,87	89,6	2,	9,55	0,			22,52	80,	3,21	9,86	0,			22,19	0,	0,51	0,	25,67				27,00	80,4	0,51	0,	25,5				17,58	88,					
25-07-2022 21:22:42						19,81	89,5	2,07	9,54	0,			22,40	78,8	3,12	9,86	0,			21,38	0,	0,48	0,	25,67				26,93	80,7	0,47	0,	25,5				17,46	88,1					
25-07-2022 21:27:41						19,75	89,4	2,16	9,56	0,			22,40	79,	3,07	9,86	0,			21,63	0,	0,48	0,	25,67				26,68	80,9	0,49	0,	25,5				17,40	88,4					
25-07-2022 21:32:41						19,75	89,5	2,08	9,56	0,			22,27	79,	3,26	9,85	0,			21,88	0,	0,48	0,	25,67				26,93	80,5	0,56	0,	25,5				17,33	88,7					
25-07-2022 21:37:41						19,68	89,4	1,95	9,58	0,			22,15	78,6	3,08	9,85	0,			21,94	0,	0,48	0,	25,67				26,62	80,3	0,52	0,	25,5				17,33	88,7					
25-07-2022 21:42:41						19,62	89,4	1,97	9,53	0,			22,15	78,3	2,95	9,85	0,			22,06	0,	0,48	0,	25,67				26,93	80,9	0,47	0,	25,5				17,27	88,6					
25-07-2022 21:47:41						19,62	89,6	1,97	9,54	0,			22,02	78,2	2,99	9,85	0,			22,06	0,	0,48	0,	25,67				26,68	80,7	0,47	0,	25,5				17,21	88,4					
25-07-2022 21:52:41						19,56	89,6	2,04	9,54	0,			21,90	77,8	3,11	9,86	0,			21,31	0,	0,48	0,	25,67				26,81	80,3	0,48	0,	25,5				17,21	88,4					
25-07-2022 21:57:42						19,50	89,6	1,99	9,54	0,			21,90	78,	3,14	9,86	0,			21,63	0,	0,51	0,	25,67				26,62	80,7	0,49	0,	25,5				17,08	88,8					
25-07-2022 22:02:41						19,43	89,6	2,08	9,55	0,			21,83	78,2	2,88	9,86	0,			21,88	0,	0,48	0,	25,67				26,62	80,7	0,47	0,	25,5				17,08	88,8					
25-07-2022 22:07:42						19,37	89,7	2,14	9,54	0,			21,83	78,3	3,13	9,85	0,			21,88	0,	0,48	0,	25,67				26,62	80,7	0,47	0,	25,5				17,02	88,8					
25-07-2022 22:12:40						19,43	89,7	2,16	9,54	0,			21,90	78,2	3,01	9,86	0,			22,06	0,	0,48	0,	25,67				26,93	80,3	0,47	0,	25,5				17,02	89,1					
25-07-2022 22:17:42						19,50	90,	2,03	9,54	0,			21,77	78,9	2,98	9,85	0,			22,13	0,	0,48	0,	25,67				26,75	80,3	0,51	0,	25,5				17,08	89,2					
25-07-2022 22:22:41						19,56	89,9	2,04	9,56	0,			21,77	78,6	3,08	9,87	0,			21,25	0,	0,48	0,	25,67				26,50	80,4	0,48	0,	25,5				17,08	88,9					
25-07-2022 22:27:43						19,43	90,	2,18	9,55	0,			21,71	79,	3,04	9,85	0,			21,56	0,	0,48	0,	25,67				26,50	80,7	0,51	0,	25,5				17,02	88,8					
25-07-2022 22:32:40						19,37	89,8	2,03	9,54	0,			21,71	78,7	3,01	9,87	0,			21,81	0,	0,48	0,	25,67				26,75	80,3	0,47	0,	25,5				16,96	88,9					
25-07-2022 22:37:42						19,37	89,8	2,04	9,57	0,			21,71	78,3	3,17	9,86	0,			21,94	0,	0,48	0,	25,67				26,87	80,3	0,47	0,	25,5				16,90	89,1					
25-07-2022 22:42:42						19,37	90,	2,05	9,56	0,			21,58	79,	2,98	9,86	0,			22,00	0,	0,48	0,	25,67				26,81	80,5	0,51	0,	25,5				16,83	89,					
25-07-2022 22:47:41						19,31	89,6	2,02	9,54	0,			21,58	78,4	3,05	9,87	0,			22,06	0,	0,48	0,	25,67				26,75	80,6	0,49	0,	25,5				16,83	88,9					
25-07-2022 22:52:41						19,31	90,	2,13	9,55	0,			21,40	78,1	3,	9,86	0,			21,25	0,	0,48	0,	25,67				26,62	80,1	0,47	0,	25,5				16,77	89,2					
25-07-2022 22:57:40						19,25	89,9	1,95	9,54	0,			21,40	78,3	3,06	9,85	0,			21,56	0,	0,48	0,	25,67				26,87	80,3	0,47	0,	25,5				16,83	89,2					
25-07-2022 23:02:41						19,31	90,	1,9	9,56	0,			21,40	78,2	2,99	9,86	0,			21,75	0,	0,48	0,	25,67				26,81	80,3	0,47	0,	25,5				16,77	89,1					
25-07-2022 23:07:41						19,25	90,1	2,08	9,53	0,			21,40	78,6	2,98	9,85	0,			21,94	0,	0,48	0,	25,67				26,81	80,6	0,47	0,	25,5				16,83	89,2					
25-07-2022 23:12:42						19,25	90,1	2,12	9,58	0,			21,40	78,4	3,13	9,86	0,			21,94	0,	0,49	0,	25,67				26,81	80,2	0,47	0,	25,5				16,90	89,1					
25-07-2022 23:17:41						19,25	90,1	2,04	9,54	0,			21,46	78,3	2,99	9,85	0,			22,00	0,	0,48	0,	25,67				26,56	80,	0,47	0,	25,5				16,77	88,9					
25-07-2022 23:22:42						19,25	90,1	2,09	9,56	0,			21,33	78,2	3,05	9,86	0,			21,25	0,	0,48	0,	25,67				26,75	80,3	0,47	0,	25,5				16,77	89,2					
25-07-2022 23:27:42						19,18	90,3	2,21	9,55	0,			21,33	78,6	3,01	9,87	0,			21,56	0,	0,48	0,	25,67				26,75	80,3	0,47	0,	25,5				16,83	89,2					
25-07-2022 23:32:40						19,62	90,9	2,19	9,55	0,			21,52	79,8	2,97	9,85	0,			21,75	0,	0,48	0,	25,67				26,81	80,	0,49	0,	25,5				16,71	89,2					
25-07-2022 23:37:42						19,87	90,8	2,09	9,54	0,			22,27	81,7	3,05	9,85	0,			21,88	0,	0,48	0,	25,67				26,68	79,9	0,47	0,	25,5				16,71	89,2					
25-07-2022 23:42:40						19,62	90,4	1,93	9,55	0,			22,58	82,7	2,98	9,86	0,			21,94	0,	0,48	0,	25,67				26,75	80,1	0,48	0,	25,5				16,71	88,9					
25-07-2022 23:47:42						19,56	90,4	2,	9,57	0,			22,33	81,5	3,13	9,87	0,			21,94	0,	0,48	0,	25,67				26,56	80,3	0,47	0,	25,5				16,65	89,1					
25-07-2022 23:52:41						19,18	90,8	2,22	9,52	0,			21,83	81,	3,15	9,86	0,			21,13	0,	0,48	0,	25,67				26,62	79,9	0,47	0,	25,5				16,65	89,2					
25-07-2022 23:57:41						19,00	90,4	2,13	9,54	0,			21,71	81,4	3,13	9,86	0,			21,56	0,	0,48	0,	25,67				26,81	79,8	0,47	0,	25,5				16,58	89,6					
