Net no:						1	1	1	1	1			1	1	1	1	1			1	1	1	1	1				1	1	1	1	1				1	1					
Object no:						131	141	150	151	152			134	144	159	160	161			133	143	156	157	158				132	142	153	154	155				130	140					
Table no:						0	0	0	0	0			0	0	0	0	0			0	0	0	0	0				0	0	0	0	0				0	0					
Code no:						48	48	48	48	48			48	48	136	136	136			48	48	48	48	48				48	48	48	48	48				48	48					
Calculation:						T	/10	/100	/100	/100			T	/10	/100	/100	/100			T	/10	/100	/100	/100				T	/10	/100	/100	/100				T	/10					
Date/time:	Afp. 1776	Bes. 97184			Stald 1	Temp_stald1	Fugt_stald1	DynamicAir_trinlřs_stald1	Spjćld_trinlřs_stald 1	On/off_stald1		Stald 2	Temp_stald2	Fugt_stald2	DynamicAir_trinlřs_stald2	Spjćld_trinlřs_stald2	On/off_stald2		Stald5	Temp_stald5	Fugt_stald5	DynamicAir_trinlřs_stald5	Spjćld_trinlřs_stald5	On/off_stald 5			Stald6	Temp_stald6	Fugt_stald 6	DynamicAir_trinlřs_stald6	Spjćld_trinlřs_stald6	On/off_stald6			UDE	Temp_ude	Fugt_ude					
25/01/2023 00.04.13						15,06	0,	0,8		0,			15,27	79,8	0,62	5,22	0,			15,63	74,1	0,78	5,57	0,				18,50	88,2	3,47	9,31	25,5				4,27	94,4					
25/01/2023 00.09.12						14,75	0,	0,7		0,			14,96	78,2	0,62	5,21	0,			14,88	72,	0,88	5,72	0,				17,50	87,9	3,47	9,3	25,5				4,21	94,4					
25/01/2023 00.14.12						14,68	0,	0,65		0,			14,65	77,9	0,63	5,2	0,			14,25	71,4	0,84	5,46	0,				15,81	86,3	2,83	9,	25,5				4,21	94,3					
25/01/2023 00.19.11						14,68	0,	0,61		0,			14,27	78,	0,81	4,99	0,			13,94	72,1	0,79	5,46	0,				15,12	87,1	2,19	8,67	25,5				4,27	94,3					
25/01/2023 00.24.12						14,37	0,	0,44		0,			14,33	79,4	0,67	4,24	0,			13,56	71,6	0,76	5,24	0,				15,12	87,5	2,47	8,08	25,5				4,21	94,2					
25/01/2023 00.29.12						14,62	0,	2,8		25,55			14,21	78,9	0,57	3,09	0,			13,38	71,2	0,75	4,76	0,				15,25	87,8	8,82	7,93	25,5				4,21	94,					
25/01/2023 00.34.12						14,12	0,	2,48		25,55			14,15	78,2	0,55	1,88	0,			13,38	71,5	0,71	4,75	0,				15,56	87,9	8,52	7,62	25,5				4,21	94,1					
25/01/2023 00.39.12						13,93	0,	2,5		25,55			14,02	77,8	0,47	0,99	0,			13,31	70,8	0,73	3,72	0,				15,81	87,	8,38	7,53	25,5				4,27	94,					
25/01/2023 00.44.13						14,43	0,	2,36		25,55			14,08	76,7	0,47	0,28	0,			13,25	70,4	0,75	3,31	0,				16,25	87,4	8,16	7,5	25,5				4,15	94,					
25/01/2023 00.49.12						14,50	0,	2,26		25,55			13,96	77,	0,48	0,08	0,			13,31	71,4	0,78	2,78	0,				16,31	86,6	8,21	7,44	25,5				4,21	94,					
25/01/2023 00.54.12						14,81	0,	2,46		25,55			13,90	77,5	2,67	9,86	25,5			13,19	70,4	0,73	2,32	0,				16,50	86,1	8,15	7,5	25,5				4,21	94,					
25/01/2023 00.59.13						14,81	0,	1,98		25,55			14,15	78,1	2,36	9,86	25,5			13,25	69,6	0,57	1,05	0,				16,75	86,	7,93	7,44	25,5				4,21	94,					
25/01/2023 01.04.11						15,00	0,	2,24		25,55			14,08	78,3	1,92	9,86	25,5			13,13	69,3	0,54	0,3	0,				16,68	85,5	8,06	7,4	25,5				4,21	94,					
25/01/2023 01.09.13						15,43	0,	2,17		25,55			14,46	78,1	2,18	9,86	25,5			13,19	68,9	0,48	0,	0,				16,50	84,2	7,9	7,41	25,5				4,08	94,					
25/01/2023 01.14.11						14,68	0,	2,23		25,55			14,33	76,2	2,02	9,87	25,5			13,38	69,6	0,48	0,	0,				16,68	83,5	7,83	7,39	25,5				4,15	94,					
25/01/2023 01.19.13						15,06	0,	2,07		25,55			14,58	77,4	1,97	9,86	25,5			13,44	70,9	2,38	8,55	25,67				17,06	83,3	7,87	7,38	25,5				4,21	94,					
25/01/2023 01.24.11						15,25	0,	2,09		25,55			14,83	77,5	1,76	9,85	25,5			14,00	71,7	2,6	8,56	25,67				16,93	83,2	7,82	7,39	25,5				4,15	94,					
25/01/2023 01.29.13						15,00	0,	1,91		25,55			14,96	77,5	2,03	9,85	25,5			14,06	70,6	2,48	8,22	25,67				17,06	83,	7,83	7,4	25,5				4,15	94,					
25/01/2023 01.34.14						15,00	0,	2,17		25,55			14,96	76,6	1,94	9,85	25,5			14,25	70,8	2,3	8,21	25,67				17,18	83,1	7,93	7,55	25,5				4,08	94,					
25/01/2023 01.39.12						15,00	0,	2,11		25,55			15,02	76,2	1,91	9,86	25,5			14,31	70,	2,33	7,96	25,67				17,18	82,6	8,04	7,56	25,5				4,15	94,					
25/01/2023 01.44.13						15,00	0,	2,14		25,55			15,08	74,6	2,15	9,85	25,5			14,50	69,6	2,21	7,99	25,67				17,06	82,2	8,04	7,6	25,5				4,15	94,					
25/01/2023 01.49.12						14,87	0,	1,9		25,55			14,83	75,	2,15	9,86	25,5			14,63	69,2	2,36	7,99	25,67				16,62	81,6	8,03	7,55	25,5				4,15	93,9					
25/01/2023 01.54.12						14,62	0,	2,16		25,55			14,96	75,6	1,99	9,86	25,5			14,88	70,	2,08	7,99	25,67				17,31	82,7	8,04	7,64	25,5				4,08	93,7					
25/01/2023 01.59.12						14,93	0,	2,34		25,55			14,96	75,4	1,9	9,86	25,5			14,94	69,4	2,26	7,98	25,67				16,50	81,1	8,05	7,64	25,5				4,08	93,7					
25/01/2023 02.04.14						15,37	0,	2,11		25,55			14,77	74,2	2,04	9,86	25,5			14,81	68,	2,33	8,	25,67				16,68	81,5	8,05	7,64	25,5				4,15	93,9					
25/01/2023 02.09.12						15,12	0,	2,21		25,55			14,77	74,2	2,03	9,86	25,5			14,81	68,1	2,51	7,98	25,67				16,93	81,1	8,09	7,63	25,5				4,08	93,7					
25/01/2023 02.14.13						14,87	0,	2,26		25,55			14,71	75,	2,31	9,86	25,5			14,75	68,2	2,39	7,99	25,67				16,43	79,9	8,07	7,59	25,5				4,02	93,8					
25/01/2023 02.19.12						15,06	0,	2,3		25,55			14,71	74,8	2,41	9,85	25,5			14,88	68,7	2,44	7,98	25,67				16,87	80,7	8,06	7,58	25,5				4,02	94,					
25/01/2023 02.24.12						14,93	0,	2,43		25,55			14,71	75,1	2,25	9,85	25,5			14,94	68,4	2,54	7,99	25,67				17,06	81,1	8,05	7,58	25,5				4,08	93,7					
25/01/2023 02.29.12						15,25	0,	2,39		25,55			14,58	74,6	2,19	9,85	25,5			15,00	67,5	2,45	7,99	25,67				16,93	81,	8,05	7,58	25,5				4,02	93,7					
25/01/2023 02.34.12						15,25	0,	2,2		25,55			14,71	74,8	2,1	9,86	25,5			14,88	67,2	2,54	7,98	25,67				16,81	80,3	2,12	7,58	25,5				4,08	93,8					
25/01/2023 02.39.12						15,25	0,	2,47		25,55			14,77	75,3	2,39	9,85	25,5			15,00	67,2	2,36	7,99	25,67				16,75	79,9	1,84	7,55	25,5				4,08	93,9					
25/01/2023 02.44.11						15,12	0,	2,33		25,55			14,71	75,2	2,2	9,85	25,5			14,94	67,2	2,1	7,99	25,67				17,00	79,9	8,03	7,54	25,5				4,08	93,7					
25/01/2023 02.49.13						14,81	0,	2,32		25,55			14,77	74,8	2,2	9,86	25,5			15,00	67,2	2,59	7,98	25,67				16,68	80,1	8,03	7,55	25,5				4,15	93,7					
25/01/2023 02.54.11						15,37	0,	2,34		25,55			14,71	74,7	2,46	9,85	25,5			14,94	66,8	2,66	8,15	25,67				16,81	79,9	8,1	7,54	25,5				4,15	93,6					
25/01/2023 02.59.13						15,37	0,	2,44		25,55			14,71	74,6	2,55	9,85	25,5			15,00	66,8	2,43	8,44	25,67				17,00	80,3	8,01	7,54	25,5				4,21	93,6					
25/01/2023 03.04.15						15,12	0,	2,17		25,55			14,90	74,6	2,68	9,85	25,5			14,94	67,2	2,44	8,44	25,67				16,68	79,9	8,03	7,7	25,5				4,21	93,6					
25/01/2023 03.09.11						15,00	0,	2,13		25,55			14,83	74,6	2,43	9,85	25,5			14,94	68,	2,28	8,43	25,67				16,56	80,3	8,01	7,72	25,5				4,15	93,6					
25/01/2023 03.14.12						15,18	0,	2,02		25,55			14,65	75,	2,24	9,85	25,5			15,06	67,2	2,53	8,63	25,67				16,81	80,7	8,12	7,77	25,5				4,08	93,6					
25/01/2023 03.19.12						14,93	0,	2,35		25,55			14,65	74,4	2,49	9,86	25,5			14,88	67,2	2,41	8,97	25,67				16,75	80,6	8,15	7,76	25,5				4,15	93,6					
25/01/2023 03.24.12						15,00	0,	2,29		25,55			14,52	72,8	1,32	1,77	0,			14,75	68,1	2,41	8,96	25,67				17,31	81,5	8,17	7,76	25,5				4,08	93,7					
25/01/2023 03.29.11						14,87	0,	2,07		25,55			14,33	72,5	0,48	1,12	0,			15,25	69,3	2,4	8,96	25,67				17,06	80,6	8,17	7,92	25,5				4,08	93,6					
25/01/2023 03.34.12						15,37	0,	2,17		25,55			14,40	75,	0,48	1,12	0,			15,06	68,4	2,43	8,97	25,67				16,81	80,9	2,18	7,94	25,5				4,15	93,6					
25/01/2023 03.39.11						15,12	0,	2,13		25,55			14,40	74,6	0,47	0,47	0,			14,88	67,5	2,46	8,96	25,67				16,62	80,1	2,52	7,95	25,5				4,15	93,6					
25/01/2023 03.44.12						15,25	0,	2,31		25,55			14,46	74,2	0,48	0,48	0,			14,75	66,6	2,47	8,96	25,67				16,81	80,3	8,22	7,95	25,5				4,21	93,6					
25/01/2023 03.49.12						15,37	0,	2,43		25,55			14,40	73,4	0,52	0,08	0,			14,75	68,	2,34	8,39	25,67				17,06	80,7	8,24	7,95	25,5				4,21	93,4					
25/01/2023 03.54.12						15,06	0,	2,68		25,55			14,21	72,8	0,48	0,08	0,			15,00	68,3	2,57	8,39	25,67				16,93	80,7	8,32	7,94	25,5				4,21	93,5					
25/01/2023 03.59.14						14,93	0,	2,29		25,55			14,65	76,2	2,37	9,85	25,5			14,94	67,6	2,77	8,38	25,67				17,12	80,3	8,33	7,94	25,5				4,21	93,4					
25/01/2023 04.04.12						15,18	0,	2,26		25,55			14,40	75,3	2,49	9,86	25,5			14,75	66,8	2,27	8,38	25,67				16,68	79,5	8,14	7,94	25,5				4,27	93,5					
25/01/2023 04.09.13						15,25	0,	2,47		25,55			14,52	75,3	2,32	9,86	25,5			14,81	66,5	2,54	8,38	25,67				16,81	79,5	8,17	7,95	25,5				4,27	93,5					
25/01/2023 04.14.12						15,12	0,	2,43		25,55			14,58	74,2	2,42	9,86	25,5			14,81	66,9	2,55	8,38	25,67				16,75	79,5	8,45	7,77	25,5				4,27	93,4					
25/01/2023 04.19.13						15,12	0,	2,32		25,55			14,52	73,6	2,27	9,86	25,5			14,69	66,8	2,71	8,38	25,67				16,37	79,2	8,44	7,7	25,5				4,21	93,2					
25/01/2023 04.24.12						15,06	0,	2,14		25,55			14,58	75,	2,19	9,86	25,5			14,63	66,4	2,27	8,38	25,67				17,06	80,3	8,51	7,7	25,5				4,21	93,4					
25/01/2023 04.29.12						14,81	0,	2,62		25,55			14,58	75,	2,23	9,86	25,5			14,69	66,8	2,58	8,38	25,67				17,00	80,	8,37	7,69	25,5				4,27	93,2					
25/01/2023 04.34.12						15,25	0,	2,57		25,55			14,71	74,6	2,27	9,85	25,5			14,69	66,8	2,58	8,38	25,67				16,87	79,9	8,26	7,77	25,5				4,21	93,2					
25/01/2023 04.39.12						15,00	0,	2,29		25,55			14,77	74,2	2,11	9,86	25,5			14,81	67,2	2,34	8,38	25,67				16,87	79,9	8,14	7,82	25,5				4,21	93,2					
25/01/2023 04.44.13						14,68	0,	2,43		25,55			14,65	73,8	2,	9,85	25,5			14,63	66,6	2,78	8,38	25,67				16,68	78,7	8,13	7,83	25,5				4,27	93,1					
25/01/2023 04.49.11						15,06	0,	2,1		25,55			14,71	73,9	2,05	9,86	25,5			14,81	67,7	2,09	8,38	25,67				16,56	79,6	8,12	7,82	25,5				4,33	93,					
25/01/2023 04.54.13						15,18	0,	2,3		25,55			14,65	73,2	2,13	9,85	25,5			14,94	68,	2,54	8,38	25,67				16,62	79,1	8,13	7,71	25,5				4,27	92,9					
25/01/2023 04.59.11						15,00	0,	2,25		25,55			14,77	73,5	1,98	9,86	25,5			14,81	66,8	2,41	8,39	25,67				17,00	79,5	8,08	7,73	25,5				4,27	93,					
25/01/2023 05.04.13						15,06	0,	2,33		25,55			14,83	74,2	2,04	9,86	25,5			14,81	67,2	2,39	8,38	25,67				16,50	78,7	8,09	7,73	25,5				4,33	93,1					
25/01/2023 05.09.12						15,12	0,	2,23		25,55			14,90	73,4	2,18	9,86	25,5			14,94	67,5	2,18	8,39	25,67				17,00	79,5	8,03	7,72	25,5				4,27	93,1					
25/01/2023 05.14.12						15,31	0,	2,14		25,55			14,77	72,7	2,19	9,85	25,5			14,94	67,6	2,4	8,38	25,67				16,87	78,6	2,36	7,73	25,5				4,33	93,					
25/01/2023 05.19.12						15,25	0,	2,41		25,55			15,08	75,	2,15	9,86	25,5			14,75	66,9	2,29	8,38	25,67				16,75	78,2	8,14	7,71	25,5				4,27	93,1					
25/01/2023 05.24.12						15,43	0,	2,22		25,55			15,15	74,3	2,16	9,85	25,5			14,81	66,8	2,52	8,38	25,67				16,75	78,7	8,06	7,64	25,5				4,33	92,9					
25/01/2023 05.29.13						15,31	0,	2,37		25,55			15,15	74,3	2,22	9,85	25,5			14,69	66,9	2,41	8,37	25,67				16,43	77,9	8,05	7,62	25,5				4,33	93,1					
25/01/2023 05.34.12						15,00	0,	2,23		25,55			15,21	74,3	2,11	9,86	25,5			14,69	66,9	2,54	8,38	25,67				16,75	78,7	8,04	7,63	25,5				4,27	93,1					
25/01/2023 05.39.13						15,31	0,	2,35		25,55			14,96	75,	2,3	9,86	25,5			14,75	67,5	2,53	8,38	25,67				16,87	78,3	8,05	7,63	25,5				4,33	93,					
25/01/2023 05.44.11						15,18	0,	2,42		25,55			14,71	73,8	2,33	9,85	25,5			14,69	67,2	2,62	8,38	25,67				16,68	78,3	8,04	7,63	25,5				4,33	93,1					
25/01/2023 05.49.12						15,00	0,	2,05		25,55			14,65	73,7	2,33	9,86	25,5			14,88	68,	2,44	8,38	25,67				17,18	78,9	8,06	7,62	25,5				4,33	93,1					
25/01/2023 05.54.12						15,12	0,	2,21		25,55			14,77	73,8	2,3	9,86	25,5			14,81	68,	2,39	8,75	25,67				16,93	79,2	8,06	7,63	25,5				4,33	93,1					
25/01/2023 05.59.13						15,06	0,	2,2		25,55			14,71	74,2	2,32	9,86	25,5			14,88	67,8	2,56	8,74	25,67				17,25	79,2	7,96	7,64	25,5				4,33	93,1					
25/01/2023 06.04.12						15,50	0,	1,99		25,55			14,77	74,5	2,42	9,86	25,5			14,69	67,3	2,5	8,44	25,67				16,75	78,7	7,92	7,63	25,5				4,33	93,1					
25/01/2023 06.09.11						15,43	0,	2,24		25,55			14,77	74,2	2,21	9,86	25,5			14,63	67,2	2,22	8,44	25,67				16,81	78,7	8,12	7,63	25,5				4,33	93,1					
25/01/2023 06.14.12						14,81	0,	2,32		25,55			14,71	73,8	2,4	9,86	25,5			14,50	67,2	2,73	8,43	25,67				17,37	80,1	8,25	7,64	25,5				4,27	93,1					
25/01/2023 06.19.12						15,06	0,	2,4		25,55			15,02	75,2	2,35	9,85	25,5			14,50	67,9	2,33	8,44	25,67				19,18	84,4	8,18	8,34	25,5				4,33	93,1					
25/01/2023 06.24.14						14,68	0,	2,33		25,55			15,08	74,5	2,5	9,86	25,5			14,75	69,2	2,37	8,43	25,67				18,12	84,4	8,17	9,3	25,5				4,33	93,1					
25/01/2023 06.29.11						14,93	0,	2,32		25,55			14,65	74,	2,25	9,86	25,5			15,00	68,8	2,51	8,66	25,67				17,37	84,8	8,15	9,3	25,5				4,33	93,1					
25/01/2023 06.34.13						15,62	0,	2,51		25,55			15,02	75,9	2,63	9,86	25,5			14,94	68,7	2,67	8,67	25,67				18,00	86,6	8,13	2,83	0,				4,33	93,2					
25/01/2023 06.39.11						15,37	0,	2,25		25,55			15,02	76,2	2,54	9,86	25,5			14,88	69,2	2,47	8,67	25,67				16,62	85,8	8,38	3,32	0,				4,33	93,2					
25/01/2023 06.44.12						15,50	0,	2,65		25,55			15,21	75,9	2,72	9,87	25,5			15,06	71,2	2,66	8,66	25,67				15,37	84,7	8,88	2,42	0,				4,27	93,2					
25/01/2023 06.49.13						14,56	0,	2,58		25,55			15,21	75,5	2,49	9,87	0,			15,56	72,4	2,48	9,	25,67				15,43	85,	8,45	0,42	0,				4,33	93,2					
25/01/2023 06.54.12						15,81	0,	2,27		25,55			14,96	74,6	0,53	1,32	0,			15,50	70,	2,33	9,01	25,67				15,25	85,	9,13	0,	0,				4,33	93,2					
25/01/2023 06.59.12						17,12	0,	0,61		0,			15,90	77,3	0,57	3,64	0,			15,25	69,9	2,36	9,	25,67				16,12	86,7	2,61	8,59	25,5				4,27	93,3					
25/01/2023 07.04.12						16,37	0,	0,76		0,			16,21	80,3	0,74	5,09	0,			16,38	75,	0,8	2,37	0,				15,81	86,6	3,76	8,18	25,5				4,40	93,3					
25/01/2023 07.09.14						15,56	0,	0,78		0,			15,83	77,3	0,62	5,43	0,			16,06	71,6	0,76	4,28	0,				17,31	89,5	3,83	8,52	25,5				4,40	93,2					
25/01/2023 07.14.12						15,06	0,	0,83		0,			15,15	77,8	0,65	5,43	0,			15,94	74,	0,73	4,85	0,				18,12	91,	3,38	9,32	25,5				4,46	93,2					
25/01/2023 07.19.12						15,00	0,	0,75		0,			14,71	79,5	0,62	5,01	0,			15,31	72,4	0,83	5,08	0,				16,81	89,1	3,28	9,32	25,5				4,40	93,2					
25/01/2023 07.24.12						14,75	0,	0,59		0,			14,58	79,8	0,91	4,58	0,			14,69	71,4	0,77	4,78	0,				15,43	88,6	2,72	8,78	25,5				4,52	93,2					
25/01/2023 07.29.12						14,50	0,	0,52		0,			14,27	78,6	0,58	3,95	0,			14,19	71,2	0,72	4,78	0,				15,06	88,7	2,76	8,4	25,5				4,40	93,2					
25/01/2023 07.34.13						14,56	0,	0,44		0,			14,40	79,1	0,62	2,57	0,			14,00	71,6	0,78	4,24	0,				15,75	90,2	2,47	7,93	25,5				4,46	93,5					
25/01/2023 07.39.11						14,62	0,	0,44		0,			14,15	77,6	0,51	1,56	0,			13,81	71,5	0,8	3,73	0,				15,87	89,4	2,16	7,73	25,5				4,40	93,6					
25/01/2023 07.44.12						14,12	0,	2,44		25,55			14,46	79,4	0,48	0,56	0,			13,69	71,2	0,74	3,54	0,				16,00	89,2	8,68	7,59	25,5				4,52	93,6					
25/01/2023 07.49.12						13,93	0,	2,33		25,55			14,27	77,6	0,48	0,08	0,			13,69	71,8	0,82	3,28	0,				16,43	89,1	8,43	7,44	25,5				4,46	93,6					
25/01/2023 07.54.13						14,00	0,	2,48		25,55			14,27	78,3	0,47	0,09	0,			13,75	72,4	0,72	2,89	0,				16,56	88,	8,41	7,39	25,5				4,46	93,9					
25/01/2023 07.59.12						14,06	0,	2,31		25,55			14,40	78,6	2,51	9,86	25,5			13,75	71,4	0,74	2,58	0,				16,50	87,5	8,31	7,29	25,5				4,52	93,9					
25/01/2023 08.04.12						14,18	0,	2,33		25,55			14,40	77,9	2,7	9,87	25,5			13,81	71,9	0,81	2,58	0,				16,43	87,1	8,26	7,28	25,5				4,46	94,					
25/01/2023 08.09.11						14,50	0,	2,44		25,55			14,21	77,3	2,22	9,87	25,5			13,94	71,6	0,63	1,54	0,				16,62	87,1	8,23	7,21	25,5				4,52	94,					
25/01/2023 08.14.14						14,62	0,	2,37		25,55			14,46	76,6	2,21	9,86	25,5			13,75	70,4	0,7	1,54	0,				17,00	87,4	8,08	7,25	25,5				4,46	94,					
25/01/2023 08.19.12						15,00	0,	2,28		25,55			14,65	77,8	2,35	9,87	25,5			13,88	70,6	0,58	1,31	0,				17,31	87,5	8,04	7,37	25,5				4,52	94,					
25/01/2023 08.24.11						15,18	0,	2,31		25,55			14,52	76,2	2,17	9,87	25,5			13,88	70,4	0,6	0,97	0,				17,50	86,8	8,11	7,44	25,5				4,52	94,					
25/01/2023 08.29.13						15,37	0,	2,11		25,55			14,40	75,4	2,19	9,87	25,5			13,81	69,7	0,51	0,	0,				17,18	85,8	8,11	7,45	25,5				4,52	94,3					
25/01/2023 08.34.11						14,87	0,	2,29		25,55			14,52	75,9	2,09	9,87	25,5			13,88	69,6	0,5	0,	0,				17,18	85,4	8,1	7,49	25,5				4,65	94,4					
25/01/2023 08.39.12						15,37	0,	2,39		25,55			15,02	76,2	2,24	9,87	25,5			13,81	69,6	0,48	0,	0,				17,00	84,4	8,11	7,44	25,5				4,58	94,4					
25/01/2023 08.44.12						15,31	0,	2,18		25,55			14,71	75,8	2,31	9,87	25,5			13,94	69,6	0,48	0,	0,				17,00	84,3	8,14	7,46	25,5				4,58	94,5					
25/01/2023 08.49.13						15,37	0,	2,35		25,55			14,71	75,1	2,2	9,86	25,5			14,25	70,9	2,46	8,85	25,67				17,12	84,2	8,23	7,44	25,5				4,58	94,5					
25/01/2023 08.54.11						15,37	0,	2,36		25,55			14,90	76,7	2,26	9,86	25,5			14,50	70,7	2,37	8,86	25,67				17,06	83,8	8,25	7,55	25,5				4,58	94,6					
25/01/2023 08.59.13						15,06	0,	2,23		25,55			14,90	75,4	2,42	9,85	25,5			14,50	70,4	2,28	8,85	25,67				16,62	82,4	8,26	7,61	25,5				4,65	94,8					
25/01/2023 09.04.12						15,12	0,	2,49		25,55			14,71	75,4	2,37	9,86	25,5			14,56	70,2	2,47	8,85	25,67				17,06	83,	8,26	7,6	25,5				4,58	95,					
25/01/2023 09.09.11						15,12	0,	2,32		25,55			14,96	75,8	2,41	9,86	25,5			14,75	70,6	2,36	8,99	25,67				17,25	82,7	8,28	7,69	25,5				4,52	95,1					
25/01/2023 09.14.13						15,25	0,	2,25		25,55			15,08	75,8	2,64	9,86	25,5			14,94	70,3	2,33	9,16	25,67				17,06	82,2	8,26	7,72	25,5				4,52	95,2					
25/01/2023 09.19.12						15,06	0,	2,24		25,55			15,21	75,4	2,45	9,85	25,5			15,06	69,8	2,54	9,16	25,67				16,75	82,3	8,51	7,71	25,5				4,58	95,3					
25/01/2023 09.24.13						14,75	0,	2,28		25,55			14,96	74,6	1,09	1,71	0,			14,88	68,7	2,43	9,16	25,67				16,62	81,6	8,51	7,72	25,5				4,65	95,3					
25/01/2023 09.29.12						15,00	0,	2,5		25,55			15,02	74,3	0,49	1,71	0,			14,94	69,2	2,16	9,17	25,67				16,93	82,3	8,59	7,73	25,5				4,65	95,4					
25/01/2023 09.34.12						14,93	0,	2,58		25,55			15,40	75,	0,56	2,48	0,			14,88	69,6	2,36	9,17	25,67				16,87	81,9	8,62	7,72	25,5				4,65	95,5					
25/01/2023 09.39.12						14,93	0,	2,33		25,55			15,52	77,6	0,62	4,	0,			14,81	68,8	0,55	1,	0,				16,56	81,4	8,64	7,73	25,5				4,65	95,6					
25/01/2023 09.44.13						15,06	0,	2,24		25,55			15,15	75,	0,64	4,2	0,			14,56	67,6	0,58	1,71	0,				16,50	81,4	8,45	7,73	25,5				4,71	95,7					
25/01/2023 09.49.14						14,87	0,	2,44		25,55			15,21	76,6	0,72	4,99	0,			14,56	67,6	0,68	2,45	0,				16,56	81,9	8,44	7,73	25,5				4,71	96,					
25/01/2023 09.54.11						14,93	0,	2,51		25,55			15,08	76,2	0,68	4,99	0,			14,69	68,	0,68	2,75	0,				16,75	82,2	8,44	7,72	25,5				4,77	96,					
25/01/2023 09.59.12						15,18	0,	2,48		25,55			15,02	76,6	0,64	5,	0,			14,69	68,	0,8	3,11	0,				17,12	82,7	8,46	7,73	25,5				4,83	96,					
25/01/2023 10.04.12						15,31	0,	2,37		25,55			15,21	76,5	0,67	5,	0,			14,75	68,2	0,7	3,12	0,				16,68	81,5	8,44	7,83	25,5				4,77	96,1					
25/01/2023 10.09.13						15,87	0,	2,41		25,55			15,33	76,5	0,67	4,99	0,			14,75	68,5	0,78	3,4	0,				16,62	81,5	8,72	7,74	25,5				4,83	96,2					
25/01/2023 10.14.11						15,43	0,	2,18		25,55			15,27	75,8	0,64	5,11	0,			14,94	69,1	0,71	4,15	0,				16,93	82,	2,38	7,74	25,5				4,83	96,3					
25/01/2023 10.19.13						15,81	0,	2,39		25,55			15,27	76,2	0,63	5,12	0,			15,06	70,8	0,68	4,84	0,				17,31	82,9	9,55	7,89	25,5				4,83	96,4					
25/01/2023 10.24.11						16,00	0,	0,83		0,			15,40	76,5	0,69	5,12	0,			14,88	70,	0,71	5,2	0,				17,37	82,7	2,15	8,03	25,5				4,90	96,4					
25/01/2023 10.29.13						15,81	0,	0,63		0,			15,40	76,6	0,73	5,67	0,			14,88	70,	0,73	5,46	0,				17,56	83,4	2,54	8,13	25,5				4,90	96,6					
25/01/2023 10.34.12						15,87	0,	0,75		0,			15,40	75,8	0,74	5,88	0,			14,75	69,6	0,81	5,81	0,				17,50	83,6	2,51	8,3	25,5				4,96	96,6					
25/01/2023 10.39.12						15,37	0,	0,79		0,			15,15	75,	0,68	6,15	0,			14,63	69,2	0,94	6,21	0,				17,18	83,3	3,18	8,24	25,5				4,96	96,7					
25/01/2023 10.44.13						15,87	0,	0,83		0,			14,96	76,2	0,64	6,48	0,			14,56	69,4	1,01	6,21	0,				17,00	83,4	3,57	8,31	25,5				5,02	96,8					
25/01/2023 10.49.11						15,75	0,	0,7		0,			15,08	75,9	0,78	6,72	0,			14,38	69,2	0,97	6,25	0,				17,18	84,2	3,86	8,44	25,5				5,02	96,8					
25/01/2023 10.54.14						15,93	0,	0,77		0,			14,90	75,9	0,69	6,91	0,			14,38	70,	0,99	6,27	0,				17,06	83,7	4,27	8,5	25,5				5,08	96,9					
25/01/2023 10.59.12						16,00	0,	0,78		0,			14,96	75,9	0,66	7,6	0,			14,56	71,2	1,24	6,57	0,				17,37	84,7	4,34	8,56	25,5				5,02	96,9					
25/01/2023 11.04.13						15,87	0,	0,72		0,			14,96	75,5	0,76	7,6	0,			14,50	70,8	1,15	6,57	0,				16,87	84,2	4,8	9,21	25,5				5,08	97,1					
25/01/2023 11.09.12						15,81	0,	0,84		0,			15,02	75,7	0,98	7,95	0,			14,69	71,2	1,58	7,05	0,				17,06	84,6	5,05	8,89	25,5				5,08	97,2					
25/01/2023 11.14.13						15,68	0,	0,88		0,			14,83	75,9	1,22	8,7	0,			14,25	70,4	1,56	7,25	0,				16,50	84,2	5,55	8,68	25,5				5,21	97,2					
25/01/2023 11.19.13						15,50	0,	0,71		0,			14,27	76,2	0,86	8,21	0,			14,25	72,	1,44	7,24	0,				16,56	84,6	5,82	8,63	25,5				5,27	97,2					
25/01/2023 11.24.12						15,56	0,	1,07		0,			14,52	76,6	1,18	7,79	0,			14,44	72,8	1,71	7,25	0,				17,18	86,2	6,04	8,63	25,5				5,33	97,3					
25/01/2023 11.29.12						15,62	0,	0,83		0,			14,58	76,1	0,85	7,79	0,			14,31	72,	1,57	7,25	0,				17,56	87,	6,12	9,02	25,5				5,27	95,6					
25/01/2023 11.34.12						15,43	0,	0,97		0,			14,52	76,7	0,71	7,6	0,			14,13	70,8	1,51	7,24	0,				17,43	87,4	6,36	9,31	25,5				5,33	97,6					
25/01/2023 11.39.13						15,43	0,	0,96		0,			15,02	78,5	0,94	8,47	0,			14,06	71,7	1,61	7,25	0,				17,06	86,6	6,44	1,47	0,				5,33	97,7					
25/01/2023 11.44.11						16,25	0,	1,21		0,			14,90	77,	1,21	9,13	0,			14,06	72,4	1,8	7,25	0,				16,00	84,2	7,18	1,76	0,				5,33	97,9					
25/01/2023 11.49.13						15,93	0,	1,4		0,			15,08	78,9	1,27	9,88	0,			14,00	72,5	2,23	7,66	0,				16,50	85,8	7,39	1,09	0,				5,33	97,9					
25/01/2023 11.54.12						15,37	0,	2,03		0,			15,02	79,9	1,48	9,88	0,			14,19	74,4	2,19	8,05	0,				16,87	86,2	8,1	2,62	0,				5,33	98,					
25/01/2023 11.59.12						14,81	0,	1,7		0,			14,83	80,6	1,99	9,88	0,			14,63	74,	2,29	8,74	0,				17,06	86,6	8,13	3,02	0,				5,40	98,					
25/01/2023 12.04.13						14,37	0,	2,03		0,			14,40	80,9	1,89	9,88	0,			14,63	75,5	2,11	9,26	0,				16,62	86,2	7,88	3,44	0,				5,40	98,					
25/01/2023 12.09.11						14,31	0,	2,15		0,			13,77	79,5	1,66	9,88	0,			14,19	75,4	2,03	9,26	0,				17,12	87,8	8,03	3,85	0,				5,40	98,					
25/01/2023 12.14.12						13,93	0,	2,24		0,			13,90	81,3	1,27	9,87	0,			13,94	75,9	1,95	9,26	0,				16,62	87,3	8,11	4,41	0,				5,46	98,					
25/01/2023 12.19.12						13,81	0,	2,16		0,			13,77	80,3	1,33	9,88	0,			13,63	74,5	2,19	8,94	0,				16,12	86,6	7,83	4,33	0,				5,46	98,					
25/01/2023 12.24.14						14,56	0,	2,		0,			13,90	80,1	1,28	9,88	0,			13,56	75,6	2,35	8,96	0,				15,62	86,6	7,84	3,76	0,				5,40	98,					
25/01/2023 12.29.11						14,37	0,	1,7		0,			13,90	79,5	1,12	9,87	0,			13,31	74,4	1,92	8,27	0,				15,43	85,8	7,71	3,26	0,				5,40	98,					
25/01/2023 12.34.12						14,37	0,	1,52		0,			13,90	79,2	1,09	9,88	0,			13,25	75,9	2,14	8,	0,				15,37	85,8	7,56	2,54	0,				5,46	98,					
25/01/2023 12.39.12						14,25	0,	1,53		0,			13,71	79,	1,15	9,2	0,			13,00	74,4	1,94	7,79	0,				15,43	85,8	7,53	1,72	0,				5,40	98,					
25/01/2023 12.44.13						14,18	0,	1,21		0,			14,02	80,6	1,06	8,74	0,			12,94	74,	1,92	7,5	0,				15,12	85,	6,83	0,47	0,				5,40	98,					
25/01/2023 12.49.13						14,50	0,	1,04		0,			13,96	79,8	1,18	8,75	0,			13,00	74,4	1,63	7,3	0,				15,25	85,	6,53	0,	0,				5,40	98,					
25/01/2023 12.54.12						14,50	0,	0,84		0,			13,96	78,8	1,09	8,74	0,			13,13	74,9	1,47	7,17	0,				15,56	85,	6,24	3,73	25,5				5,46	98,1					
25/01/2023 12.59.14						14,37	0,	0,87		0,			14,21	79,2	1,02	8,73	0,			13,44	75,6	1,49	6,95	0,				16,68	87,8	6,21	9,07	25,5				5,40	98,4					
25/01/2023 13.04.11						14,62	0,	0,8		0,			14,46	80,1	1,04	8,74	0,			13,63	74,8	1,47	6,96	0,				16,43	86,9	5,96	9,01	25,5				5,40	98,3					
25/01/2023 13.09.12						14,81	0,	0,83		0,			14,02	77,6	1,17	9,34	0,			13,63	74,4	1,19	6,46	0,				16,75	87,4	5,93	8,75	25,5				5,46	98,3					
25/01/2023 13.14.12						14,75	0,	0,9		0,			14,02	79,1	1,16	9,33	0,			13,88	74,9	1,31	6,45	0,				16,43	86,9	5,84	8,42	25,5				5,46	98,2					
25/01/2023 13.19.13						14,68	0,	1,		0,			14,15	78,4	1,23	8,99	0,			13,88	73,6	1,4	6,46	0,				17,00	87,8	5,89	8,48	25,5				5,46	98,2					
25/01/2023 13.24.11						14,87	0,	0,98		0,			14,15	79,1	1,26	8,7	0,			14,06	74,6	1,34	6,45	0,				16,75	87,1	5,69	8,49	25,5				5,46	98,3					
25/01/2023 13.29.12						14,87	0,	0,77		0,			14,27	79,9	0,83	8,	0,			14,06	72,8	1,42	6,95	0,				16,37	86,6	5,45	8,33	25,5				5,46	98,3					
25/01/2023 13.34.13						15,06	0,	0,89		0,			14,27	79,8	0,71	8,	0,			13,81	72,9	1,36	6,94	0,				16,25	86,1	5,45	8,14	25,5				5,46	98,3					
25/01/2023 13.39.12						15,12	0,	0,81		0,			14,40	79,4	0,77	7,51	0,			13,75	73,1	1,47	7,14	0,				16,62	86,8	5,42	8,24	25,5				5,40	98,4					
25/01/2023 13.44.13						15,43	0,	0,85		0,			14,52	78,5	1,04	7,52	0,			13,69	73,2	1,4	7,14	0,				16,62	86,7	5,25	8,12	25,5				5,46	98,4					
25/01/2023 13.49.12						15,12	0,	0,75		0,			14,40	79,3	0,87	8,52	0,			13,81	73,1	1,34	7,5	0,				16,81	86,6	4,84	8,03	25,5				5,46	98,4					
25/01/2023 13.54.13						15,31	0,	0,65		0,			14,15	78,5	0,93	8,52	0,			13,38	72,4	1,64	7,5	0,				16,81	86,6	4,64	7,99	25,5				5,40	98,4					
25/01/2023 13.59.12						15,50	0,	0,76		0,			14,15	78,3	1,12	8,52	0,			13,50	73,3	1,31	7,5	0,				16,43	85,6	4,25	8,	25,5				5,52	98,4					
25/01/2023 14.04.12						15,37	0,	0,78		0,			14,27	79,	1,21	8,93	0,			13,38	73,1	1,49	7,5	0,				16,75	85,8	4,06	8,	25,5				5,58	98,4					
25/01/2023 14.09.12						15,50	0,	0,97		0,			14,15	78,	1,21	9,15	0,			13,44	73,3	1,64	7,29	0,				17,37	86,8	3,58	8,01	25,5				5,58	98,4					
25/01/2023 14.14.12						15,43	0,	0,73		0,			14,21	79,1	1,06	9,15	0,			13,56	74,1	1,4	7,29	0,				16,93	85,9	3,86	7,99	25,5				5,65	98,3					
25/01/2023 14.19.13						15,56	0,	0,86		0,			14,02	77,6	1,38	9,87	0,			13,44	72,5	1,56	7,29	0,				17,37	86,2	3,76	8,13	25,5				5,65	98,3					
25/01/2023 14.24.12						15,68	0,	0,76		0,			13,96	78,2	1,27	9,87	0,			13,50	74,	1,4	7,1	0,				16,56	84,6	2,27	8,21	25,5				5,65	97,9					
25/01/2023 14.29.13						15,75	0,	0,77		0,			14,15	78,5	1,22	9,87	0,			13,69	74,2	1,38	7,1	0,				16,50	84,6	4,56	8,21	25,5				5,71	98,4					
25/01/2023 14.34.11						15,56	0,	0,69		0,			13,90	78,8	1,37	9,88	0,			13,75	74,	1,49	7,1	0,				16,56	84,9	4,88	8,08	25,5				5,65	98,2					
25/01/2023 14.39.12						15,43	0,	0,79		0,			13,77	80,2	1,36	9,88	0,			13,75	73,8	1,63	7,1	0,				16,93	85,4	5,14	8,05	25,5				5,65	98,4					
25/01/2023 14.44.12						15,31	0,	0,77		0,			13,83	78,6	1,38	9,87	0,			13,69	73,6	1,4	7,11	0,				17,31	86,	5,05	8,04	25,5				5,71	98,3					
25/01/2023 14.49.13						15,18	0,	0,75		0,			14,02	79,2	1,22	9,87	0,			13,69	73,5	1,28	7,11	0,				16,93	85,6	5,15	8,18	25,5				5,71	98,4					
25/01/2023 14.54.12						15,18	0,	0,85		0,			14,02	78,6	1,38	9,87	0,			13,56	73,2	1,44	7,11	0,				16,81	85,5	5,52	8,29	25,5				5,71	97,					
25/01/2023 14.59.12						15,37	0,	0,87		0,			14,02	79,2	1,24	9,87	0,			13,75	74,1	1,37	6,88	0,				16,75	85,8	5,65	8,27	25,5				5,71	98,4					
25/01/2023 15.04.13						15,25	0,	0,8		0,			13,90	79,4	1,14	9,38	0,			13,88	73,6	1,5	6,87	0,				16,56	86,1	5,49	8,33	25,5				5,77	98,4					
25/01/2023 15.09.12						15,00	0,	0,74		0,			13,90	79,	1,11	8,96	0,			14,00	73,4	1,44	6,88	0,				16,06	85,	5,36	8,34	25,5				5,71	98,4					
25/01/2023 15.14.13						15,06	0,	0,78		0,			13,96	79,4	0,9	8,17	0,			14,00	73,2	1,3	6,88	0,				16,18	85,4	5,24	8,14	25,5				5,71	98,2					
25/01/2023 15.19.12						15,31	0,	0,8		0,			14,33	79,8	0,88	7,28	0,			14,00	72,8	1,55	6,88	0,				16,37	85,4	5,06	8,15	25,5				5,77	98,7					
25/01/2023 15.24.12						15,50	0,	0,73		0,			14,33	78,6	0,74	7,09	0,			14,06	73,8	1,23	6,89	0,				16,31	85,4	5,05	8,04	25,5				5,83	98,4					
25/01/2023 15.29.11						15,43	0,	0,7		0,			14,58	78,2	0,65	7,1	0,			13,94	72,9	1,22	6,88	0,				16,50	85,4	5,05	7,92	25,5				5,77	98,8					
25/01/2023 15.34.13						15,56	0,	0,77		0,			14,71	79,4	0,74	6,89	0,			14,06	72,8	1,14	6,75	0,				16,68	85,2	5,35	7,91	25,5				5,83	98,8					
25/01/2023 15.39.11						15,37	0,	0,78		0,			14,71	77,5	0,66	6,89	0,			14,06	73,6	1,3	6,74	0,				17,06	85,7	5,56	7,91	25,5				5,77	98,8					
25/01/2023 15.44.12						15,31	0,	0,75		0,			14,58	77,4	0,63	6,72	0,			14,19	73,5	1,34	6,74	0,				17,37	85,	5,45	7,9	25,5				5,90	98,8					
25/01/2023 15.49.13						15,12	0,	0,85		0,			14,90	78,6	0,68	6,73	0,			14,06	71,7	1,35	6,9	0,				17,00	84,2	5,45	8,06	25,5				5,83	98,8					
25/01/2023 15.54.12						15,37	0,	0,78		0,			15,02	78,2	0,66	6,72	0,			14,06	72,4	1,44	6,91	0,				17,06	84,2	5,08	8,13	25,5				5,83	98,8					
25/01/2023 15.59.13						15,25	0,	0,72		0,			14,96	77,8	0,68	7,17	0,			14,00	72,6	1,24	6,91	0,				17,25	84,2	5,14	8,13	25,5				5,90	98,9					
25/01/2023 16.04.11						15,18	0,	0,73		0,			14,96	78,3	0,76	7,19	0,			14,00	72,	1,55	6,91	0,				16,87	83,7	4,86	8,12	25,5				5,90	98,8					
25/01/2023 16.09.13						15,18	0,	0,75		0,			14,65	77,	0,73	7,19	0,			13,81	72,4	1,42	6,9	0,				17,12	84,2	4,65	8,13	25,5				5,83	98,9					
25/01/2023 16.14.12						15,31	0,	0,76		0,			14,65	77,2	0,91	7,39	0,			13,88	72,4	1,28	6,91	0,				17,12	84,	4,69	8,22	25,5				5,90	98,8					
25/01/2023 16.19.13						15,12	0,	0,73		0,			14,58	77,	0,77	7,4	0,			13,81	72,4	1,42	6,9	0,				16,50	83,8	4,17	8,25	25,5				5,83	98,8					
25/01/2023 16.24.11						15,00	0,	0,71		0,			14,71	77,8	0,83	7,87	0,			13,69	72,4	1,48	6,91	0,				17,18	85,	2,4	8,36	25,5				5,90	98,9					
25/01/2023 16.29.12						14,87	0,	0,7		0,			14,65	77,8	0,8	7,87	0,			13,69	72,8	1,26	6,9	0,				16,56	84,2	3,68	8,62	25,5				5,96	99,					
25/01/2023 16.34.12						15,00	0,	0,75		0,			14,40	77,	0,83	7,5	0,			13,69	72,8	1,21	6,76	0,				16,43	84,1	3,18	8,59	25,5				5,96	98,9					
25/01/2023 16.39.11						15,00	0,	0,81		0,			14,33	76,6	1,01	7,28	0,			13,81	72,5	1,41	6,77	0,				16,37	83,8	2,65	8,29	25,5				5,90	98,8					
25/01/2023 16.44.12						14,93	0,	0,58		0,			14,46	78,2	0,64	7,	0,			13,94	72,9	1,29	6,76	0,				16,62	83,9	2,31	8,23	25,5				5,90	98,8					
25/01/2023 16.49.12						14,68	0,	0,58		0,			14,52	78,5	0,69	6,56	0,			13,88	71,8	1,27	6,77	0,				16,75	84,6	2,45	8,27	25,5				5,90	96,8					
25/01/2023 16.54.12						15,00	0,	0,45		0,			14,71	78,6	0,66	6,56	0,			13,88	72,	1,22	6,76	0,				16,50	83,5	2,16	8,27	25,5				5,90	89,6					
25/01/2023 16.59.12						14,81	0,	0,5		0,			14,65	77,5	0,66	6,56	0,			13,69	71,6	1,26	6,29	0,				16,56	84,1	2,28	8,13	25,5				5,96	98,8					
25/01/2023 17.04.13						15,06	0,	0,44		0,			14,58	77,5	0,66	6,24	0,			13,75	71,6	0,98	6,28	0,				16,68	83,4	2,3	8,08	25,5				5,90	98,9					
25/01/2023 17.09.11						15,25	0,	0,44		0,			14,58	76,6	0,73	6,24	0,			13,88	71,9	0,99	6,29	0,				16,68	83,1	2,31	8,01	25,5				5,96	98,9					
25/01/2023 17.14.12						15,37	0,	0,44		0,			14,83	77,8	0,64	6,24	0,			13,94	72,	1,07	6,29	0,				16,81	83,7	2,31	7,96	25,5				6,02	99,					
25/01/2023 17.19.13						15,31	0,	0,44		0,			14,83	77,7	0,63	6,24	0,			14,00	72,	0,85	6,29	0,				16,93	83,2	2,11	7,96	25,5				5,96	99,					
25/01/2023 17.24.11						15,43	0,	0,44		0,			14,90	77,7	0,71	6,25	0,			14,06	71,7	1,02	6,29	0,				16,75	82,3	2,04	7,9	25,5				5,96	98,8					
25/01/2023 17.29.12						15,37	0,	0,44		0,			14,90	77,8	0,62	6,24	0,			14,13	71,5	0,93	6,29	0,				17,18	83,1	2,13	8,03	25,5				6,02	99,					
25/01/2023 17.34.12						15,62	0,	2,58		25,55			15,02	77,5	0,65	6,24	0,			14,19	72,3	0,92	6,28	0,				17,12	83,4	9,1	8,18	25,5				6,02	98,9					
25/01/2023 17.39.14						15,81	0,	2,47		25,55			14,71	77,4	0,62	6,24	0,			14,44	72,7	1,13	6,29	0,				17,56	83,8	9,24	8,24	25,5				6,02	99,					
25/01/2023 17.44.13						15,75	0,	2,38		25,55			14,90	78,1	0,72	6,24	0,			14,63	72,6	1,02	6,86	0,				17,75	84,6	9,42	8,94	25,5				5,96	99,					
25/01/2023 17.49.12						16,06	0,	0,53		0,			14,96	77,	0,7	6,59	0,			14,75	72,	1,23	6,88	0,				17,43	84,8	2,59	9,31	25,5				6,02	99,					
25/01/2023 17.54.11						16,18	0,	0,75		0,			15,27	78,2	0,69	6,8	0,			14,50	71,2	1,74	7,45	0,				16,50	83,4	2,87	9,32	25,5				6,02	99,1					
25/01/2023 17.59.13						16,50	0,	0,7		0,			15,33	77,	0,65	7,32	0,			14,25	71,9	1,87	7,86	0,				16,68	85,	3,52	9,	25,5				6,02	99,					
25/01/2023 18.04.12						16,68	0,	0,69		0,			15,27	77,1	0,76	7,91	0,			14,00	72,3	1,82	7,85	0,				16,43	85,2	4,77	8,99	25,5				6,08	99,2					
25/01/2023 18.09.11						16,50	0,	0,72		0,			15,21	77,7	1,05	8,73	0,			13,75	72,	1,66	7,63	0,				16,75	87,	4,88	8,88	25,5				6,02	99,2					
25/01/2023 18.14.12						16,43	0,	0,76		0,			15,08	76,7	1,17	9,88	0,			14,13	74,8	1,99	7,92	0,				16,56	86,	5,65	8,88	25,5				6,08	99,2					
25/01/2023 18.19.12						16,87	0,	0,88		0,			15,15	77,8	1,43	9,88	0,			14,56	75,3	2,33	9,05	0,				16,50	86,2	6,41	8,64	25,5				6,02	99,2					
25/01/2023 18.24.12						16,25	0,	1,74		0,			15,08	80,6	1,96	9,88	0,			14,50	74,	2,3	9,29	0,				18,37	88,6	7,44	9,31	25,5				6,02	99,2					
25/01/2023 18.29.12						15,56	0,	1,74		0,			14,58	81,5	2,13	9,88	0,			14,44	76,9	1,93	9,3	0,				17,43	86,6	7,69	2,84	0,				6,02	99,3					
25/01/2023 18.34.15						15,06	0,	1,41		0,			14,15	81,3	2,02	9,87	0,			14,44	76,8	2,26	9,3	0,				17,50	88,2	7,32	3,49	0,				6,08	99,2					
25/01/2023 18.39.11						15,00	0,	1,42		0,			14,08	82,6	1,94	9,88	0,			14,00	76,1	2,26	8,98	0,				17,50	88,4	7,23	4,14	0,				6,02	99,2					
25/01/2023 18.44.13						14,62	0,	1,58		0,			13,65	81,	1,53	9,88	0,			13,63	76,4	2,07	8,6	0,				16,62	87,6	7,34	4,23	0,				6,08	99,3					
25/01/2023 18.49.13						14,25	0,	1,49		0,			13,58	80,8	1,3	9,88	0,			13,38	77,1	2,16	8,12	0,				16,18	87,4	7,34	3,95	0,				6,08	99,3					
25/01/2023 18.54.11						14,50	0,	1,03		0,			13,52	80,7	1,13	9,71	0,			13,38	76,3	2,05	7,65	0,				15,75	87,	6,43	3,77	0,				6,15	99,3					
25/01/2023 18.59.13						14,75	0,	0,8		0,			13,58	80,2	1,11	8,54	0,			13,13	76,1	1,54	7,38	0,				15,87	87,1	6,06	3,57	0,				6,15	99,2					
25/01/2023 19.04.12						14,75	0,	0,79		0,			13,65	81,	0,84	8,33	0,			13,38	77,2	1,18	6,96	0,				15,62	86,6	5,6	2,73	0,				6,15	99,3					
25/01/2023 19.09.12						14,62	0,	0,82		0,			13,83	80,6	0,68	7,2	0,			13,50	76,6	0,96	6,38	0,				15,56	86,5	5,38	1,86	0,				6,15	99,3					
25/01/2023 19.14.12						14,68	0,	0,72		0,			14,08	80,6	0,66	7,2	0,			13,69	76,9	0,91	6,05	0,				15,56	85,8	0,49	0,49	0,				6,15	99,3					
25/01/2023 19.19.12						14,81	0,	0,73		0,			14,21	80,2	0,65	7,2	0,			13,81	76,4	0,85	5,89	0,				15,50	85,8	4,56	0,	0,				6,15	99,2					
25/01/2023 19.24.11						14,68	0,	0,69		0,			14,02	78,6	0,67	6,67	0,			13,81	75,3	0,84	5,88	0,				15,68	85,	3,87	0,	0,				6,15	99,2					
25/01/2023 19.29.12						14,68	0,	0,81		0,			14,15	79,4	0,66	6,14	0,			13,88	75,2	0,83	5,28	0,				16,00	85,	3,36	0,	0,				6,15	99,2					
25/01/2023 19.34.12						14,75	0,	0,73		0,			14,33	78,7	0,63	6,13	0,			13,88	74,3	0,78	5,28	0,				16,00	85,9	2,97	8,51	25,5				6,15	99,2					
25/01/2023 19.39.12						14,75	0,	0,61		0,			14,33	79,2	0,6	5,68	0,			14,00	74,	0,74	5,09	0,				16,06	85,3	2,32	8,4	25,5				6,21	99,5					
25/01/2023 19.44.13						14,56	0,	0,46		0,			14,33	77,8	0,61	5,67	0,			14,00	73,8	0,73	4,95	0,				16,50	85,8	2,22	8,16	25,5				6,15	99,2					
25/01/2023 19.49.11						14,81	0,	0,45		0,			14,46	78,3	0,61	5,67	0,			14,06	73,6	0,75	4,7	0,				16,37	85,	2,56	8,1	25,5				6,21	99,2					
25/01/2023 19.54.12						14,81	0,	0,44		0,			14,40	78,5	0,57	5,68	0,			14,13	73,6	0,71	4,48	0,				16,50	84,6	2,27	7,96	25,5				6,15	99,2					
25/01/2023 19.59.12						14,81	0,	2,77		25,55			14,40	78,3	0,58	5,37	0,			14,19	73,6	0,72	4,21	0,				16,62	84,6	8,81	7,96	25,5				6,21	99,2					
25/01/2023 20.04.12						14,50	0,	2,4		25,55			14,40	77,6	0,58	5,38	0,			14,38	73,2	0,71	4,21	0,				16,50	84,2	8,53	8,01	25,5				6,08	99,2					
25/01/2023 20.09.11						14,68	0,	2,49		25,55			14,65	77,8	0,58	5,38	0,			14,44	72,8	0,72	3,89	0,				16,87	84,2	8,45	7,96	25,5				6,21	99,3					
25/01/2023 20.14.13						14,93	0,	2,4		25,55			14,65	77,9	0,61	5,17	0,			14,31	72,	0,72	3,89	0,				17,43	84,9	8,4	8,19	25,5				6,21	99,3					
25/01/2023 20.19.12						14,81	0,	2,41		25,55			14,71	77,9	0,59	5,17	0,			14,38	72,4	0,71	3,89	0,				16,81	83,4	2,34	8,17	25,5				6,15	99,3					
25/01/2023 20.24.11						14,87	0,	2,28		25,55			14,77	77,8	0,59	5,03	0,			14,44	72,	0,72	3,88	0,				17,18	83,5	8,4	8,18	25,5				6,15	99,2					
25/01/2023 20.29.14						15,25	0,	2,25		25,55			14,83	77,	0,61	4,99	0,			14,44	71,3	0,73	3,89	0,				16,81	83,4	8,43	8,18	25,5				6,15	99,3					
25/01/2023 20.34.12						14,87	0,	2,2		25,55			14,90	77,	0,6	4,98	0,			14,38	71,2	0,72	3,48	0,				16,93	83,	8,42	8,17	25,5				6,15	99,3					
25/01/2023 20.39.12						15,25	0,	2,42		25,55			14,96	77,2	0,59	4,98	0,			14,44	71,6	0,72	3,48	0,				16,62	82,8	8,42	8,17	25,5				6,15	99,3					
25/01/2023 20.44.13						15,56	0,	2,36		25,55			14,90	76,7	0,6	4,99	0,			14,50	71,1	0,72	3,48	0,				16,62	82,8	8,52	8,01	25,5				6,15	99,3					
25/01/2023 20.49.12						15,56	0,	2,59		25,55			15,08	77,1	0,59	5,22	0,			14,56	71,2	0,74	3,31	0,				16,56	82,6	8,57	8,02	25,5				6,15	99,5					
25/01/2023 20.54.11						15,18	0,	2,49		25,55			14,96	76,1	0,6	5,22	0,			14,56	70,8	0,74	3,31	0,				16,75	82,8	8,63	8,02	25,5				6,15	99,3					
25/01/2023 20.59.13						15,12	0,	2,48		25,55			15,02	77,4	0,61	5,22	0,			14,44	70,7	0,71	3,08	0,				16,75	82,4	8,68	8,02	25,5				6,27	99,5					
25/01/2023 21.04.13						15,06	0,	2,49		25,55			15,08	76,9	0,6	5,22	0,			14,56	71,2	0,76	3,09	0,				16,81	82,	9,21	8,02	25,5				6,27	99,6					
25/01/2023 21.09.11						15,25	0,	2,42		25,55			15,02	76,8	0,57	5,22	0,			14,63	71,3	0,71	3,08	0,				17,00	82,7	9,34	8,03	25,5				6,27	99,5					
25/01/2023 21.14.13						15,43	0,	2,5		25,55			15,08	76,2	0,6	5,43	0,			14,88	70,9	0,73	3,09	0,				17,00	82,3	9,46	8,02	25,5				6,27	99,5					
25/01/2023 21.19.12						15,56	0,	2,4		25,55			15,02	77,	0,61	5,43	0,			14,75	70,8	0,72	3,4	0,				16,93	81,6	9,46	8,2	25,5				6,27	99,6					
25/01/2023 21.24.13						15,62	0,	0,57		0,			15,21	76,6	0,62	5,67	0,			14,75	71,2	0,76	3,4	0,				16,87	82,2	2,4	8,19	25,5				6,33	99,6					
25/01/2023 21.29.12						15,81	0,	0,71		0,			15,21	76,1	0,62	6,08	0,			14,94	71,2	0,74	3,99	0,				17,43	82,7	2,88	8,33	25,5				6,40	99,6					
25/01/2023 21.34.12						15,87	0,	0,61		0,			15,27	77,	0,64	6,07	0,			14,88	70,8	0,74	4,17	0,				17,25	83,	2,34	8,6	25,5				6,40	99,6					
25/01/2023 21.39.12						15,68	0,	0,71		0,			15,33	78,	0,66	6,33	0,			14,94	71,2	0,75	4,51	0,				17,18	82,4	2,57	8,42	25,5				6,33	99,6					
25/01/2023 21.44.13						15,81	0,	0,75		0,			15,15	76,2	0,66	6,33	0,			14,81	70,4	0,72	4,51	0,				16,93	82,3	2,73	8,54	25,5				6,33	99,6					
25/01/2023 21.49.12						16,00	0,	0,65		0,			15,08	76,6	0,65	6,76	0,			14,81	70,6	0,79	4,84	0,				16,87	81,9	2,6	8,55	25,5				6,33	99,6					
25/01/2023 21.54.12						15,75	0,	0,7		0,			15,21	77,4	0,67	6,76	0,			15,06	71,3	0,76	4,84	0,				16,50	81,8	2,64	8,29	25,5				6,33	99,6					
25/01/2023 21.59.12						15,81	0,	0,71		0,			15,15	76,7	0,71	7,16	0,			15,06	71,2	0,82	5,28	0,				16,93	82,7	2,95	8,3	25,5				6,33	99,6					
25/01/2023 22.04.12						15,81	0,	0,71		0,			15,15	77,4	0,72	7,16	0,			15,00	71,2	0,8	5,27	0,				17,00	82,4	2,97	8,31	25,5				6,21	99,6					
25/01/2023 22.09.13						15,75	0,	0,72		0,			14,96	76,5	0,76	7,51	0,			14,94	70,8	0,76	5,96	0,				16,56	81,3	3,	8,3	25,5				6,21	99,6					
25/01/2023 22.14.11						15,56	0,	0,71		0,			14,77	76,1	0,73	7,52	0,			14,81	70,4	0,87	6,41	0,				16,87	81,5	2,84	8,3	25,5				6,08	99,5					
25/01/2023 22.19.13						15,75	0,	0,68		0,			14,77	76,3	0,76	7,5	0,			14,69	70,6	1,01	6,4	0,				17,18	82,7	2,6	8,3	25,5				6,08	99,5					
25/01/2023 22.24.12						15,56	0,	0,6		0,			14,65	75,5	0,9	7,98	0,			14,63	70,4	1,08	6,41	0,				16,68	81,9	2,49	8,57	25,5				6,08	99,5					
25/01/2023 22.29.13						15,81	0,	0,56		0,			14,77	76,2	0,76	7,98	0,			14,44	70,4	1,29	6,69	0,				16,37	81,5	2,77	8,64	25,5				6,08	99,6					
25/01/2023 22.34.13						15,81	0,	0,55		0,			14,65	75,8	0,83	7,98	0,			14,25	70,4	1,23	6,67	0,				16,62	82,1	2,49	8,64	25,5				6,15	99,6					
25/01/2023 22.39.11						15,56	0,	0,57		0,			14,58	76,2	0,85	7,98	0,			14,13	70,4	1,21	6,67	0,				16,06	81,9	2,05	8,54	25,5				6,08	99,6					
25/01/2023 22.44.12						15,50	0,	0,61		0,			14,52	75,8	0,79	8,27	0,			14,06	70,8	1,38	6,67	0,				16,31	82,7	2,58	8,56	25,5				6,08	99,6					
25/01/2023 22.49.12						15,31	0,	0,58		0,			14,27	76,1	0,99	7,81	0,			14,13	71,2	1,42	6,69	0,				16,43	82,6	2,73	8,49	25,5				5,96	99,6					
25/01/2023 22.54.12						15,25	0,	0,59		0,			14,52	76,7	0,72	7,56	0,			14,13	70,8	1,21	6,68	0,				16,06	81,9	2,46	8,48	25,5				6,02	99,6					
25/01/2023 22.59.13						15,31	0,	0,49		0,			14,46	76,2	0,74	7,2	0,			14,19	71,9	1,47	6,68	0,				16,62	82,4	2,07	8,46	25,5				6,02	99,6					
25/01/2023 23.04.12						15,37	0,	0,5		0,			14,52	76,3	0,68	6,79	0,			14,19	71,6	1,59	7,15	0,				16,68	82,3	2,69	8,3	25,5				5,96	99,6					
25/01/2023 23.09.11						15,50	0,	0,49		0,			14,77	77,	0,68	7,1	0,			13,88	70,8	1,8	7,36	0,				17,06	82,7	2,48	8,29	25,5				5,83	99,6					
25/01/2023 23.14.12						15,50	0,	0,44		0,			14,90	76,6	0,66	6,85	0,			14,13	73,2	1,62	7,71	0,				17,12	82,7	2,56	8,25	25,5				5,71	99,6					
25/01/2023 23.19.13						15,87	0,	0,44		0,			15,02	77,5	0,66	6,86	0,			14,19	73,1	2,14	7,72	0,				17,00	81,9	2,34	8,38	25,5				5,46	99,6					
25/01/2023 23.24.11						15,87	0,	0,44		0,			15,15	79,2	0,68	6,85	0,			13,94	73,2	2,2	7,95	0,				16,62	82,1	2,41	8,37	25,5				5,46	99,6					
25/01/2023 23.29.13						15,75	0,	0,44		0,			15,02	78,2	0,68	7,05	0,			13,50	72,9	2,08	7,75	0,				16,43	81,5	0,	8,29	25,5				5,33	99,6					
25/01/2023 23.34.13						15,62	101,1	0,55		0,			14,77	77,	0,68	7,17	0,			13,19	73,6	2,14	7,74	0,				16,50	81,5	2,63	8,32	25,5				5,15	99,6					
25/01/2023 23.39.13						16,62	0,	0,72		0,			14,58	77,	0,67	6,77	0,			13,00	73,7	1,74	7,45	0,				16,00	81,5	3,33	8,19	25,5				5,15	99,6					
25/01/2023 23.44.11						16,37	101,1	0,79		0,			14,58	78,2	0,68	6,78	0,			13,44	76,	1,74	7,45	0,				16,68	83,6	4,1	8,13	25,5				5,08	99,6					
25/01/2023 23.49.13						16,56	0,	0,78		0,			15,58	80,1	0,71	6,86	0,			14,13	76,1	2,42	8,37	0,				16,68	83,4	5,03	8,18	25,5				5,02	99,6					
25/01/2023 23.54.11						16,18	101,1	0,82		0,			15,52	81,	1,24	9,88	0,			14,38	75,5	2,12	8,39	0,				16,50	83,	5,47	8,08	25,5				4,90	99,6					
25/01/2023 23.59.12						15,56	101,1	0,77		0,			14,65	79,7	1,2	9,32	0,			14,13	76,	2,34	8,78	0,				18,12	86,6	5,38	8,85	25,5				5,02	99,6					
