Net no:						1	1	1	1	1			1	1	1	1	1			1	1	1	1	1				1	1	1	1	1				1	1					
Object no:						131	141	150	151	152			134	144	159	160	161			133	143	156	157	158				132	142	153	154	155				130	140					
Table no:						0	0	0	0	0			0	0	0	0	0			0	0	0	0	0				0	0	0	0	0				0	0					
Code no:						48	48	48	48	48			48	48	136	136	136			48	48	48	48	48				48	48	48	48	48				48	48					
Calculation:						T	/10	/100	/100	/100			T	/10	/100	/100	/100			T	/10	/100	/100	/100				T	/10	/100	/100	/100				T	/10					
Date/time:	Afp. 1776	Bes. 97184			Stald 1	Temp_stald1	Fugt_stald1	DynamicAir_trinlřs_stald1	Spjćld_trinlřs_stald 1	On/off_stald1		Stald 2	Temp_stald2	Fugt_stald2	DynamicAir_trinlřs_stald2	Spjćld_trinlřs_stald2	On/off_stald2		Stald5	Temp_stald5	Fugt_stald5	DynamicAir_trinlřs_stald5	Spjćld_trinlřs_stald5	On/off_stald 5			Stald6	Temp_stald6	Fugt_stald 6	DynamicAir_trinlřs_stald6	Spjćld_trinlřs_stald6	On/off_stald6			UDE	Temp_ude	Fugt_ude					
10/11/2022 00.04.12						15,87	101,1	2,		25,55			15,83	81,2	0,6	6,46	0,			18,06	0,	1,66	7,21	25,67				19,06	81,	7,25	5,94	25,5				9,77	95,2					
10/11/2022 00.09.11						15,81	101,1	1,83		25,55			15,96	81,7	0,61	6,26	0,			18,13	0,	1,81	6,88	25,67				19,06	80,9	7,35	5,89	25,5				9,65	95,3					
10/11/2022 00.14.12						15,75	101,1	1,83		25,55			15,90	81,4	0,61	6,03	0,			18,13	0,	1,83	6,89	25,67				19,12	81,	7,2	5,89	25,5				9,58	95,3					
10/11/2022 00.19.11						15,62	101,1	1,84		25,55			15,96	81,4	0,57	5,86	0,			18,13	0,	1,96	6,89	25,67				19,12	81,1	7,24	5,9	25,5				9,58	95,3					
10/11/2022 00.24.12						15,62	101,1	1,81		25,55			16,08	81,4	0,6	5,51	0,			18,25	0,	1,49	6,68	25,67				19,37	80,8	7,2	5,89	25,5				9,52	95,3					
10/11/2022 00.29.10						15,68	101,1	1,63		25,55			16,08	81,3	0,57	5,52	0,			18,25	0,	1,52	6,68	25,67				19,31	80,1	7,23	5,97	25,5				9,46	95,3					
10/11/2022 00.34.12						15,75	101,1	2,03		25,55			16,08	80,7	0,58	5,51	0,			18,38	0,	1,32	6,43	25,67				19,50	80,3	7,21	6,01	25,5				9,33	95,2					
10/11/2022 00.39.11						15,62	101,1	1,73		25,55			16,08	80,1	0,6	5,51	0,			18,63	0,	1,38	6,41	25,67				19,43	80,2	7,05	6,03	25,5				9,46	95,3					
10/11/2022 00.44.12						15,62	101,1	1,86		25,55			15,90	80,	0,59	5,32	0,			18,63	0,	1,4	6,25	25,67				19,18	80,	6,96	6,01	25,5				9,46	95,2					
10/11/2022 00.49.12						15,75	101,1	1,89		25,55			16,21	80,6	0,63	5,07	0,			18,69	0,	1,35	6,25	25,67				19,12	79,5	6,96	6,02	25,5				9,33	95,2					
10/11/2022 00.54.11						15,68	101,1	1,9		25,55			16,27	80,6	0,58	5,06	0,			18,69	0,	1,42	6,25	25,67				19,06	79,9	6,97	6,02	25,5				9,33	95,2					
10/11/2022 00.59.12						15,81	101,1	2,03		25,55			16,21	79,8	0,6	5,07	0,			18,75	0,	1,45	6,25	25,67				19,12	80,3	6,94	5,9	25,5				9,27	95,2					
10/11/2022 01.04.11						15,75	101,1	1,79		25,55			16,08	79,7	0,58	4,75	0,			18,69	0,	1,27	6,26	25,67				19,25	80,2	6,94	5,86	25,5				9,27	95,2					
10/11/2022 01.09.12						15,56	101,1	1,7		25,55			16,21	80,2	0,55	4,43	0,			18,75	0,	1,23	6,25	25,67				19,18	79,8	6,94	5,85	25,5				9,27	95,1					
10/11/2022 01.14.11						15,68	101,1	1,81		25,55			16,40	80,8	0,55	4,21	0,			18,88	0,	1,28	5,95	25,67				19,25	79,6	6,91	5,86	25,5				9,15	95,2					
10/11/2022 01.19.13						15,75	101,1	1,68		25,55			16,27	80,	0,53	3,92	0,			19,00	0,	1,51	5,96	25,67				19,25	78,6	6,81	5,95	25,5				9,15	95,2					
10/11/2022 01.24.11						15,81	101,1	1,64		25,55			16,40	80,1	0,56	3,61	0,			19,06	0,	1,52	6,25	25,67				19,31	79,4	6,83	6,04	25,5				9,21	95,2					
10/11/2022 01.29.12						15,68	101,1	1,59		25,55			16,21	79,	0,56	3,	0,			19,06	0,	1,36	6,26	25,67				19,31	79,1	6,82	6,15	25,5				9,21	95,3					
10/11/2022 01.34.13						15,81	101,1	1,73		25,55			16,21	78,6	0,52	2,8	0,			19,06	0,	1,31	6,26	25,67				19,12	78,7	6,76	6,2	25,5				9,15	95,2					
10/11/2022 01.39.11						15,68	101,1	1,54		25,55			16,40	79,	0,55	2,66	0,			18,94	0,	1,49	6,25	25,67				19,12	79,2	6,73	6,18	25,5				9,27	95,3					
10/11/2022 01.44.12						15,87	101,1	1,62		25,55			16,33	79,	0,59	2,38	0,			18,94	0,	1,34	6,46	25,67				18,87	79,1	6,71	6,2	25,5				9,33	95,2					
10/11/2022 01.49.11						15,68	101,1	1,42		25,55			16,33	78,6	0,53	2,26	0,			18,94	0,	1,54	6,45	25,67				18,68	78,7	6,6	6,1	25,5				9,27	95,2					
10/11/2022 01.54.12						15,75	101,1	1,54		25,55			16,46	78,7	0,53	1,97	0,			19,00	0,	1,41	6,45	25,67				18,75	79,1	6,64	6,04	25,5				9,33	95,2					
10/11/2022 01.59.11						15,87	101,1	1,51		25,55			16,15	77,3	0,53	1,97	0,			18,94	0,	1,32	6,45	25,67				18,75	79,1	6,62	5,97	25,5				9,40	95,					
10/11/2022 02.04.13						15,81	101,1	1,55		25,55			15,90	77,8	0,53	1,97	0,			19,06	0,	1,44	6,21	25,67				19,00	79,5	6,59	5,93	25,5				9,33	94,8					
10/11/2022 02.09.11						16,00	101,1	1,69		25,55			15,83	78,1	0,48	1,65	0,			19,19	0,	1,4	6,2	25,67				19,06	79,5	6,48	5,9	25,5				9,27	94,8					
10/11/2022 02.14.12						15,87	101,1	1,48		25,55			15,90	78,6	0,48	1,64	0,			19,19	0,	1,54	6,2	25,67				19,25	79,5	6,55	5,84	25,5				9,08	94,7					
10/11/2022 02.19.12						15,81	101,1	1,62		25,55			15,83	77,8	0,49	1,44	0,			19,19	0,	1,43	6,21	25,67				19,50	79,	1,3	5,97	25,5				9,21	94,8					
10/11/2022 02.24.12						15,93	101,1	1,36		25,55			16,02	78,9	0,48	1,26	0,			19,19	0,	1,4	6,21	25,67				19,12	78,8	6,44	5,99	25,5				9,08	94,7					
10/11/2022 02.29.12						15,93	101,1	1,61		25,55			16,15	78,8	0,48	1,14	0,			19,00	0,	1,43	6,2	25,67				19,18	78,8	6,42	6,01	25,5				9,02	94,6					
10/11/2022 02.34.11						16,18	101,1	1,42		25,55			16,08	79,1	0,47	0,77	0,			19,06	0,	1,35	6,2	25,67				18,93	79,1	6,45	6,	25,5				9,02	94,7					
10/11/2022 02.39.12						16,18	101,1	1,28		25,55			16,08	78,3	0,48	0,33	0,			19,06	0,	1,52	6,21	25,67				18,93	78,7	6,43	5,86	25,5				8,83	94,7					
10/11/2022 02.44.11						16,18	101,1	1,45		25,55			16,08	78,6	0,47	0,08	0,			19,06	0,	1,37	6,21	25,67				19,18	78,7	6,44	5,84	25,5				8,58	94,5					
10/11/2022 02.49.12						16,37	101,1	1,57		25,55			16,08	77,8	0,48	0,08	0,			19,06	0,	1,4	6,02	25,67				19,12	78,6	6,44	5,8	25,5				8,40	94,5					
10/11/2022 02.54.11						16,18	101,1	1,52		25,55			16,02	77,8	0,48	0,08	0,			19,13	0,	1,18	6,02	25,67				18,93	78,2	6,33	5,8	25,5				8,40	94,7					
10/11/2022 02.59.12						16,00	101,1	1,45		25,55			15,77	76,6	2,53	9,84	25,5			19,13	0,	1,34	6,01	25,67				19,31	78,6	6,24	5,79	25,5				8,33	94,8					
10/11/2022 03.04.11						15,93	101,1	1,47		25,55			15,46	76,2	2,48	9,84	25,5			19,19	0,	1,26	6,01	25,67				18,87	78,2	6,28	5,81	25,5				8,46	94,8					
10/11/2022 03.09.12						16,06	101,1	1,2		25,55			15,83	78,2	2,2	9,84	25,5			19,25	0,	1,35	6,02	25,67				19,00	78,	6,25	5,79	25,5				8,40	94,7					
10/11/2022 03.14.12						16,06	101,1	1,43		25,55			15,71	77,	2,05	9,84	25,5			19,19	0,	1,3	6,02	25,67				19,18	79,2	6,2	5,81	25,5				8,40	94,8					
10/11/2022 03.19.11						16,06	101,1	1,36		25,55			15,71	77,4	1,95	9,84	25,5			19,13	0,	1,32	6,01	25,67				19,43	78,9	1,29	5,92	25,5				8,52	94,8					
10/11/2022 03.24.12						16,06	101,1	1,32		25,55			15,83	77,4	1,82	9,83	25,5			19,13	0,	1,14	6,01	25,67				19,12	77,9	6,19	5,94	25,5				8,52	94,8					
10/11/2022 03.29.11						16,37	101,1	1,25		25,55			16,02	78,2	1,75	9,84	25,5			19,13	0,	1,23	6,02	25,67				19,18	77,9	6,15	6,	25,5				8,46	94,7					
10/11/2022 03.34.13						16,25	101,1	1,38		25,55			16,02	78,5	1,6	9,84	25,5			19,13	0,	1,22	5,77	25,67				18,93	77,9	6,09	6,	25,5				8,40	94,8					
10/11/2022 03.39.11						16,12	101,1	1,21		25,55			15,96	77,2	1,61	9,84	25,5			19,25	0,	1,19	5,76	25,67				19,18	77,9	6,14	6,	25,5				8,33	94,8					
10/11/2022 03.44.12						16,18	101,1	1,18		25,55			16,02	77,2	1,51	9,83	25,5			19,31	0,	1,29	6,06	25,67				19,12	77,6	6,07	6,	25,5				8,40	94,8					
10/11/2022 03.49.11						16,25	101,1	1,32		25,55			16,15	77,	1,58	9,84	25,5			19,19	0,	1,4	6,07	25,67				19,12	77,7	6,01	6,01	25,5				8,33	94,8					
10/11/2022 03.54.12						16,25	101,1	1,37		25,55			16,08	76,2	1,47	9,84	25,5			19,19	0,	1,27	6,06	25,67				18,75	77,1	6,04	5,87	25,5				8,33	94,8					
10/11/2022 03.59.12						16,18	101,1	1,32		25,55			16,02	76,3	1,6	9,84	25,5			19,13	0,	1,3	6,06	25,67				18,62	77,9	6,08	5,84	25,5				8,33	94,8					
10/11/2022 04.04.11						16,12	101,1	1,27		25,55			16,08	77,	1,59	9,84	25,5			19,19	0,	1,29	6,07	25,67				18,62	77,7	6,04	5,75	25,5				8,27	94,8					
10/11/2022 04.09.13						16,18	101,1	1,13		25,55			16,02	76,2	1,39	9,84	25,5			19,13	0,	1,29	6,07	25,67				18,87	78,3	5,97	5,72	25,5				8,27	94,8					
10/11/2022 04.14.11						16,25	101,1	1,37		25,55			16,21	76,2	1,42	9,84	25,5			19,19	0,	1,3	6,08	25,67				19,00	77,9	5,95	5,69	25,5				8,21	94,8					
10/11/2022 04.19.12						16,12	101,1	1,24		25,55			16,21	76,6	1,51	9,84	25,5			19,19	0,	1,33	6,06	25,67				19,00	78,4	5,95	5,66	25,5				8,27	94,8					
10/11/2022 04.24.11						16,18	101,1	1,25		25,55			16,33	76,1	1,57	9,84	25,5			19,25	0,	1,25	6,08	25,67				19,12	77,9	5,95	5,65	25,5				8,21	94,8					
10/11/2022 04.29.12						16,25	101,1	1,25		25,55			16,33	76,5	1,57	9,83	25,5			19,19	0,	1,28	6,07	25,67				19,75	78,4	5,85	5,96	25,5				8,21	94,8					
10/11/2022 04.34.12						16,31	101,1	1,33		25,55			16,27	75,4	1,48	9,84	25,5			19,19	0,	1,36	6,06	25,67				19,06	76,7	5,93	5,97	25,5				8,27	94,8					
10/11/2022 04.39.11						16,31	101,1	1,31		25,55			16,27	75,4	1,44	9,84	25,5			19,19	0,	1,43	6,07	25,67				18,75	76,8	5,84	5,92	25,5				8,33	94,8					
10/11/2022 04.44.12						16,37	101,1	1,26		25,55			16,46	77,6	1,37	9,84	25,5			19,19	0,	1,28	6,08	25,67				18,62	77,9	5,86	5,97	25,5				8,46	94,8					
10/11/2022 04.49.11						16,25	101,1	1,3		25,55			16,27	75,8	1,56	9,84	25,5			19,19	0,	1,32	6,06	25,67				18,62	77,	5,79	5,82	25,5				8,52	94,8					
10/11/2022 04.54.12						16,50	101,1	1,16		25,55			16,40	76,3	1,51	9,84	25,5			19,25	0,	1,34	6,06	25,67				18,75	77,9	5,75	5,72	25,5				8,40	94,8					
10/11/2022 04.59.11						16,50	101,1	1,17		25,55			16,40	75,8	1,54	9,84	25,5			19,25	0,	1,43	6,07	25,67				18,87	77,4	5,76	5,58	25,5				8,40	94,8					
10/11/2022 05.04.13						16,50	101,1	1,32		25,55			16,33	76,4	1,39	9,84	25,5			19,25	0,	1,32	6,07	25,67				18,93	77,6	5,75	5,67	25,5				8,52	94,8					
10/11/2022 05.09.11						16,37	101,1	1,27		25,55			16,40	76,5	1,43	9,84	25,5			19,13	0,	1,47	6,28	25,67				19,12	77,9	5,71	5,62	25,5				8,52	94,8					
10/11/2022 05.14.12						16,37	101,1	1,24		25,55			16,58	77,	1,6	9,84	25,5			18,94	0,	1,48	6,28	25,67				19,06	77,5	5,65	5,61	25,5				8,52	94,8					
10/11/2022 05.19.13						16,43	101,1	1,28		25,55			16,52	76,6	1,51	9,84	25,5			18,88	0,	1,63	6,29	25,67				19,37	77,9	5,72	5,61	25,5				8,58	94,8					
10/11/2022 05.24.12						16,50	101,1	1,23		25,55			16,52	76,	1,61	9,84	25,5			18,94	0,	1,46	6,5	25,67				19,31	77,9	5,65	5,72	25,5				8,52	94,8					
10/11/2022 05.29.12						16,50	101,1	1,18		25,55			16,65	76,7	1,38	9,84	25,5			18,75	0,	1,51	6,5	25,67				19,68	78,4	5,62	5,75	25,5				8,46	94,8					
10/11/2022 05.34.12						16,68	101,1	1,15		25,55			16,65	76,6	1,51	9,84	25,5			18,81	0,	1,39	6,5	25,67				19,81	78,8	5,64	5,97	25,5				8,46	94,8					
10/11/2022 05.39.12						17,12	101,1	1,18		25,55			17,08	77,	1,56	9,83	25,5			18,94	0,	1,57	6,5	25,67				20,37	79,5	5,75	6,33	25,5				8,58	95,1					
10/11/2022 05.44.11						17,56	101,1	1,19		25,55			17,52	78,2	1,59	9,84	25,5			19,00	0,	1,48	6,78	25,67				20,12	78,2	6,06	6,72	25,5				8,65	95,					
10/11/2022 05.49.12						17,68	101,1	1,26		25,55			17,46	77,8	1,7	9,84	25,5			19,00	0,	1,58	6,77	25,67				19,81	78,3	6,02	7,13	25,5				8,65	95,2					
10/11/2022 05.54.11						17,43	101,1	1,43		25,55			17,52	78,2	1,67	9,84	25,5			18,81	0,	1,68	6,77	25,67				19,12	79,6	6,17	7,33	25,5				8,77	95,2					
10/11/2022 05.59.12						17,00	101,1	1,34		25,55			17,21	76,9	1,8	9,84	25,5			18,75	0,	1,69	6,77	25,67				18,50	79,5	6,23	7,32	25,5				8,96	95,2					
10/11/2022 06.04.11						17,18	101,1	1,45		25,55			17,27	77,8	1,55	9,84	25,5			18,69	0,	1,64	6,77	25,67				18,50	81,1	6,34	7,33	25,5				8,96	95,1					
10/11/2022 06.09.11						16,87	101,1	1,41		25,55			17,21	78,2	1,94	9,84	25,5			18,56	0,	1,89	6,91	25,67				18,31	81,	6,34	7,32	25,5				9,02	95,					
10/11/2022 06.14.12						16,56	101,1	1,29		25,55			16,96	77,8	2,13	9,84	25,5			18,44	0,	1,9	7,1	25,67				18,18	81,1	6,34	7,12	25,5				9,02	95,1					
10/11/2022 06.19.12						16,43	101,1	1,3		25,55			17,08	77,9	1,82	9,84	25,5			18,44	0,	1,9	7,37	25,67				18,18	80,1	6,34	6,83	25,5				9,08	95,1					
10/11/2022 06.24.12						16,43	101,1	1,3		25,55			16,90	78,2	1,85	9,84	25,5			18,19	0,	1,64	7,37	25,67				18,18	81,1	6,23	6,51	25,5				9,08	95,1					
10/11/2022 06.29.11						16,25	101,1	1,25		25,55			16,83	77,	1,85	9,83	25,5			18,06	0,	1,81	7,37	25,67				18,37	80,7	6,25	6,37	25,5				9,15	95,1					
10/11/2022 06.34.12						16,37	101,1	1,42		25,55			16,90	79,2	1,95	9,84	25,5			17,94	0,	1,92	7,14	25,67				18,56	81,5	6,35	6,26	25,5				9,15	94,9					
10/11/2022 06.39.11						16,43	101,1	1,36		25,55			16,90	78,6	1,87	9,83	25,5			18,00	0,	1,91	7,16	25,67				18,62	81,9	6,39	6,11	25,5				9,15	94,8					
10/11/2022 06.44.11						16,31	101,1	1,41		25,55			16,90	79,1	1,9	9,84	25,5			18,13	0,	1,68	7,14	25,67				18,75	81,6	6,35	5,95	25,5				9,21	95,					
10/11/2022 06.49.12						16,31	101,1	1,45		25,55			16,71	78,7	1,91	9,83	25,5			18,13	0,	1,85	7,15	25,67				18,81	81,5	6,33	5,86	25,5				9,27	94,9					
10/11/2022 06.54.11						16,18	101,1	1,33		25,55			16,58	78,2	2,	9,84	25,5			18,00	0,	1,84	7,15	25,67				18,87	81,4	6,44	5,79	25,5				9,33	94,8					
10/11/2022 06.59.13						16,06	101,1	1,43		25,55			16,71	78,2	1,9	9,84	25,5			18,13	0,	1,54	6,85	25,67				19,06	81,5	6,33	5,82	25,5				9,40	94,8					
10/11/2022 07.04.11						16,12	101,1	1,32		25,55			16,77	78,3	1,84	9,84	25,5			18,25	0,	1,5	6,69	25,67				19,18	81,1	6,44	5,86	25,5				9,40	94,8					
10/11/2022 07.09.12						16,18	101,1	1,31		25,55			17,08	79,5	1,92	9,84	25,5			18,44	0,	1,68	6,7	25,67				19,12	81,	6,35	5,78	25,5				9,33	94,6					
10/11/2022 07.14.11						16,25	101,1	1,39		25,55			17,02	79,4	1,87	9,84	25,5			18,56	0,	1,47	6,7	25,67				19,12	81,5	6,44	5,79	25,5				9,33	94,7					
10/11/2022 07.19.12						16,25	101,1	1,42		25,55			16,96	79,2	1,95	9,84	25,5			18,81	0,	1,37	6,48	25,67				19,75	82,5	6,33	5,96	25,5				9,27	94,6					
10/11/2022 07.24.11						16,18	101,1	1,55		25,55			16,96	78,8	1,93	9,84	25,5			18,81	0,	1,57	6,47	25,67				19,93	81,6	6,34	6,25	25,5				9,33	94,6					
10/11/2022 07.29.12						16,43	101,1	1,54		25,55			16,77	77,9	2,13	9,84	25,5			18,75	0,	1,55	6,48	25,67				19,75	81,9	6,46	6,56	25,5				9,33	94,6					
10/11/2022 07.34.12						16,37	101,1	1,5		25,55			16,83	78,5	2,07	9,84	25,5			18,75	0,	1,52	6,48	25,67				19,56	81,7	6,41	6,79	25,5				9,40	94,5					
10/11/2022 07.39.11						16,68	101,1	1,33		25,55			17,96	81,	2,26	9,84	25,5			18,63	0,	1,52	6,47	25,67				19,37	81,5	6,45	6,8	25,5				9,52	94,5					
10/11/2022 07.44.13						17,18	101,1	1,47		25,55			17,90	79,4	2,54	9,84	25,5			18,69	0,	1,55	6,48	25,67				19,68	82,6	6,82	7,16	25,5				9,52	94,4					
10/11/2022 07.49.11						17,25	101,1	1,53		25,55			17,52	78,6	2,75	9,84	25,5			18,75	0,	1,42	6,48	25,67				19,43	81,9	6,83	7,27	25,5				9,71	94,5					
10/11/2022 07.54.12						16,68	101,1	1,71		25,55			17,15	79,	2,63	9,84	25,5			18,75	0,	1,67	6,48	25,67				19,43	83,2	6,93	7,27	25,5				9,71	94,4					
10/11/2022 07.59.12						16,50	101,1	1,75		25,55			18,40	81,8	2,84	9,84	25,5			18,88	0,	1,43	6,47	25,67				18,93	82,3	6,93	7,26	25,5				9,71	94,3					
10/11/2022 08.04.12						16,31	101,1	1,62		25,55			17,96	79,4	0,48	1,58	0,			19,00	0,	1,67	6,82	25,67				19,18	83,	6,94	7,27	25,5				9,71	94,4					
10/11/2022 08.09.12						16,12	101,1	1,67		25,55			17,58	81,	0,59	3,12	0,			19,19	0,	1,86	7,2	25,67				19,00	84,2	6,95	7,27	25,5				9,83	94,4					
10/11/2022 08.14.12						16,25	101,1	1,65		25,55			17,71	83,2	0,54	4,12	0,			19,19	0,	1,89	7,21	25,67				19,00	83,4	7,05	7,27	25,5				9,90	94,4					
10/11/2022 08.19.12						16,18	101,1	1,48		25,55			17,46	82,4	0,57	4,86	0,			19,31	0,	2,23	7,46	25,67				18,75	83,2	6,94	7,27	25,5				10,02	94,3					
10/11/2022 08.24.11						16,50	101,1	1,59		25,55			17,15	81,8	0,54	5,05	0,			19,25	0,	2,38	7,47	25,67				18,68	83,1	7,05	7,27	25,5				10,08	94,2					
10/11/2022 08.29.12						16,50	101,1	1,74		25,55			17,08	81,4	0,55	5,06	0,			19,19	0,	2,01	7,46	25,67				18,62	83,	7,17	7,27	25,5				10,21	94,1					
10/11/2022 08.34.12						16,50	101,1	1,86		25,55			17,40	83,	0,57	5,63	0,			18,81	0,	1,97	7,47	25,67				18,37	82,4	1,85	7,27	25,5				10,46	94,					
10/11/2022 08.39.12						16,25	101,1	1,84		25,55			17,40	82,6	0,63	5,63	0,			18,63	0,	1,93	7,47	25,67				18,25	83,1	7,41	7,26	25,5				10,58	94,					
10/11/2022 08.44.12						16,50	101,1	1,83		25,55			17,46	83,1	0,6	6,21	0,			18,44	0,	1,8	7,47	25,67				18,37	83,5	7,35	7,27	25,5				10,65	94,					
10/11/2022 08.49.12						16,37	101,1	1,67		25,55			16,90	81,	0,61	6,2	0,			18,38	0,	1,52	7,01	25,67				18,37	83,8	7,52	7,05	25,5				10,77	94,					
10/11/2022 08.54.11						16,18	101,1	1,6		25,55			16,90	82,2	0,63	6,21	0,			18,50	0,	1,67	7,	25,67				18,68	83,8	7,51	6,87	25,5				10,83	93,9					
10/11/2022 08.59.12						16,25	101,1	1,8		25,55			16,71	82,2	0,62	6,43	0,			18,31	0,	1,96	7,	25,67				18,56	83,4	7,52	6,7	25,5				10,83	94,					
10/11/2022 09.04.12						16,18	101,1	1,58		25,55			16,58	81,4	0,62	6,64	0,			18,38	0,	1,53	7,	25,67				18,75	83,8	7,53	6,56	25,5				10,90	94,					
10/11/2022 09.09.11						16,25	101,1	1,82		25,55			16,58	81,5	0,69	6,64	0,			18,44	0,	1,66	7,	25,67				18,75	83,8	7,54	6,55	25,5				10,90	94,					
10/11/2022 09.14.12						16,18	101,1	1,88		25,55			16,40	81,	0,66	6,64	0,			18,31	0,	1,51	6,99	25,67				18,75	83,6	7,53	6,53	25,5				10,96	94,					
10/11/2022 09.19.11						16,12	101,1	2,01		25,55			16,46	81,4	0,62	6,84	0,			18,44	0,	1,74	7,	25,67				18,93	84,6	7,48	6,59	25,5				11,02	94,					
10/11/2022 09.24.12						16,06	101,1	1,82		25,55			16,40	81,3	0,68	6,84	0,			18,56	0,	1,67	7,	25,67				19,25	84,2	7,46	6,59	25,5				11,02	94,					
10/11/2022 09.29.11						16,18	101,1	1,87		25,55			16,46	81,6	0,69	7,2	0,			18,63	0,	1,81	6,99	25,67				19,37	84,6	7,53	6,71	25,5				11,08	94,					
10/11/2022 09.34.12						16,12	101,1	1,99		25,55			16,58	82,	0,72	7,49	0,			18,81	0,	1,69	7,	25,67				19,12	84,1	7,53	6,76	25,5				11,27	94,1					
10/11/2022 09.39.12						16,25	101,1	1,91		25,55			16,21	80,8	0,86	7,79	0,			18,75	0,	1,63	7,01	25,67				19,00	83,8	7,6	6,84	25,5				11,27	94,					
10/11/2022 09.44.12						16,18	101,1	1,99		25,55			16,21	81,8	0,89	8,1	0,			18,69	0,	1,63	7,	25,67				18,75	83,4	7,51	6,87	25,5				11,40	94,					
10/11/2022 09.49.11						16,25	101,1	1,99		25,55			16,21	81,1	0,89	8,62	0,			18,75	0,	1,87	7,	25,67				18,68	83,5	7,53	6,86	25,5				11,40	93,7					
10/11/2022 09.54.11						16,25	101,1	1,78		25,55			16,02	81,4	1,09	9,08	0,			18,69	0,	1,81	7,59	25,67				18,93	84,6	7,55	6,86	25,5				11,40	93,7					
10/11/2022 09.59.12						16,25	101,1	1,79		25,55			15,96	82,2	1,04	9,08	0,			18,56	0,	2,06	7,58	25,67				19,12	84,6	7,52	6,86	25,5				11,52	94,					
10/11/2022 10.04.11						16,31	101,1	1,8		25,55			16,15	82,3	1,12	9,09	0,			18,50	0,	2,06	7,59	25,67				19,12	83,8	7,54	6,85	25,5				11,46	93,9					
10/11/2022 10.09.12						16,43	101,1	1,86		25,55			15,77	81,8	1,24	9,5	0,			18,31	0,	2,33	7,59	25,67				19,25	83,8	7,61	6,98	25,5				11,46	94,					
10/11/2022 10.14.11						16,43	101,1	1,74		25,55			15,83	82,3	1,21	9,8	0,			18,31	0,	2,39	7,7	25,67				19,18	83,8	7,59	7,01	25,5				11,33	94,					
10/11/2022 10.19.12						16,43	101,1	1,96		25,55			15,65	82,3	1,22	9,84	0,			18,25	0,	2,39	7,89	25,67				18,81	84,	7,48	6,98	25,5				11,46	94,2					
10/11/2022 10.24.12						16,43	101,1	1,93		25,55			15,90	82,6	1,26	9,84	0,			18,31	0,	2,19	7,89	25,67				18,87	84,4	7,53	6,98	25,5				11,46	94,					
10/11/2022 10.29.13						16,50	101,1	1,78		25,55			15,77	83,1	1,39	9,84	0,			18,25	0,	2,41	7,89	25,67				19,12	84,5	7,5	6,99	25,5				11,58	94,2					
10/11/2022 10.34.12						16,50	101,1	1,85		25,55			15,77	83,	1,52	9,84	0,			18,13	0,	2,46	7,89	25,67				19,31	84,7	7,62	7,17	25,5				11,52	94,					
10/11/2022 10.39.11						16,43	101,1	1,98		25,55			15,83	83,7	1,47	9,84	0,			18,13	0,	2,34	7,9	25,67				19,18	83,3	7,49	7,34	25,5				11,52	94,2					
10/11/2022 10.44.12						16,56	101,1	1,86		25,55			15,90	83,5	1,65	9,84	0,			18,00	0,	2,57	7,89	25,67				19,06	83,9	7,5	7,33	25,5				11,58	94,3					
10/11/2022 10.49.10						16,75	101,1	2,		25,55			16,33	84,6	1,76	9,84	0,			18,00	0,	2,25	7,89	25,67				19,31	83,8	7,54	7,43	25,5				11,46	94,4					
10/11/2022 10.54.11						16,87	101,1	2,09		25,55			16,71	84,5	2,02	9,84	0,			18,06	0,	2,18	7,89	25,67				19,12	83,8	7,58	7,43	25,5				11,52	94,6					
10/11/2022 10.59.11						16,87	101,1	1,88		25,55			16,65	84,5	2,11	9,84	0,			18,25	0,	2,26	7,91	25,67				19,37	84,2	7,44	7,44	25,5				11,52	94,8					
10/11/2022 11.04.11						17,06	101,1	2,02		25,55			16,52	84,2	2,41	9,84	0,			18,38	0,	2,33	7,89	25,67				19,18	83,8	7,51	7,44	25,5				11,52	94,8					
10/11/2022 11.09.11						16,93	101,1	2,01		25,55			16,33	84,6	2,12	9,84	0,			19,13	0,	2,65	8,19	25,67				19,75	85,4	7,55	7,48	25,5				11,52	95,1					
10/11/2022 11.14.12						17,00	101,1	2,13		25,55			16,15	84,9	2,27	9,84	0,			19,25	0,	2,24	8,75	25,67				19,68	84,7	7,63	7,57	25,5				11,58	95,2					
10/11/2022 11.19.13						16,93	101,1	2,26		25,55			16,02	83,9	2,45	9,85	0,			19,06	0,	2,39	8,45	25,67				19,68	83,8	7,53	7,65	25,5				11,71	95,3					
10/11/2022 11.24.11						17,18	101,1	1,85		25,55			15,96	84,6	2,35	9,84	0,			18,69	0,	2,2	8,45	25,67				19,93	85,4	7,53	7,21	25,5				11,71	95,3					
10/11/2022 11.29.12						17,43	101,1	1,74		25,55			16,15	84,9	2,42	9,84	0,			18,56	0,	2,15	9,03	25,67				20,12	85,	7,53	7,25	25,5				11,77	95,6					
10/11/2022 11.34.11						17,37	101,1	2,08		25,55			15,96	84,7	2,33	9,84	0,			18,63	0,	2,41	9,02	25,67				19,93	85,2	7,83	7,24	25,5				11,83	95,6					
10/11/2022 11.39.11						17,18	101,1	2,24		25,55			16,21	84,9	2,32	9,84	0,			18,56	0,	2,32	9,02	25,67				19,81	86,1	7,71	7,23	25,5				12,15	95,6					
10/11/2022 11.44.11						17,12	101,1	2,09		25,55			16,21	84,6	2,42	9,84	0,			18,50	0,	2,22	9,02	25,67				19,62	85,8	7,72	7,24	25,5				12,27	95,6					
10/11/2022 11.49.12						17,06	101,1	1,97		25,55			16,27	85,	2,43	9,85	0,			18,19	0,	2,52	9,02	25,67				19,56	86,3	7,63	7,23	25,5				12,40	95,6					
10/11/2022 11.54.11						17,06	101,1	2,25		25,55			16,46	85,8	2,46	9,84	0,			18,00	0,	2,25	9,02	25,67				19,56	86,2	7,56	7,25	25,5				12,52	95,6					
10/11/2022 11.59.12						17,18	101,1	2,14		25,55			16,40	85,8	2,29	9,83	0,			18,38	0,	2,31	8,5	25,67				19,75	86,6	7,53	7,24	25,5				12,52	95,6					
10/11/2022 12.04.12						17,18	101,1	1,93		25,55			16,40	85,1	2,43	9,84	0,			18,63	0,	2,07	8,49	25,67				19,68	85,8	1,98	7,24	25,5				12,65	95,6					
10/11/2022 12.09.12						17,31	101,1	1,65		25,55			16,46	85,2	2,25	9,84	0,			18,63	0,	2,56	8,02	25,67				19,87	86,4	7,53	7,24	25,5				12,65	95,4					
10/11/2022 12.14.13						17,18	101,1	1,75		25,55			16,40	84,6	2,26	9,84	0,			18,75	0,	2,52	8,46	25,67				19,81	86,5	7,54	7,23	25,5				12,71	95,3					
10/11/2022 12.19.11						17,31	101,1	1,98		25,55			16,40	84,8	2,26	9,84	0,			18,75	0,	2,51	8,77	25,67				19,68	86,	7,61	7,24	25,5				12,77	95,4					
10/11/2022 12.24.12						17,31	101,1	1,96		25,55			16,83	85,8	2,53	9,84	0,			18,56	0,	2,17	8,56	25,67				19,75	86,6	7,6	7,25	25,5				12,77	95,5					
10/11/2022 12.29.11						17,37	101,1	1,97		25,55			16,90	85,8	2,26	9,83	0,			18,50	0,	2,48	8,54	25,67				19,68	86,6	7,59	7,23	25,5				12,83	95,3					
10/11/2022 12.34.12						17,50	101,1	1,75		25,55			17,46	87,1	2,46	9,84	0,			18,69	0,	2,24	8,86	25,67				19,62	86,6	7,58	7,24	25,5				12,83	95,2					
10/11/2022 12.39.11						17,50	101,1	2,07		25,55			17,58	87,	2,28	9,84	0,			18,75	0,	2,51	8,86	25,67				19,56	86,3	7,61	7,24	25,5				12,90	95,3					
10/11/2022 12.44.12						17,62	101,1	1,93		25,55			17,58	86,5	2,36	9,84	0,			18,63	0,	2,53	9,22	25,67				19,93	86,4	7,74	7,25	25,5				12,83	95,3					
10/11/2022 12.49.13						17,56	101,1	1,92		25,55			17,15	84,7	2,45	9,84	0,			18,63	0,	2,57	8,13	25,67				19,81	86,4	7,83	7,23	25,5				12,77	95,3					
10/11/2022 12.54.11						17,43	101,1	1,97		25,55			17,27	86,6	2,36	9,84	0,			18,88	0,	2,47	8,39	25,67				19,68	85,9	7,94	7,23	25,5				12,77	95,5					
10/11/2022 12.59.12						17,50	101,1	2,08		25,55			17,08	85,	2,32	9,84	0,			18,88	0,	2,51	8,5	25,67				19,75	86,2	7,82	7,24	25,5				12,83	95,3					
10/11/2022 13.04.11						17,43	101,1	2,26		25,55			17,15	86,2	2,47	9,84	0,			18,88	0,	2,2	8,21	25,67				19,62	85,8	7,85	7,23	25,5				12,83	95,3					
10/11/2022 13.09.12						17,18	101,1	2,14		25,55			16,96	85,4	2,37	9,85	0,			18,94	0,	2,1	8,21	25,67				19,62	86,	7,85	7,24	25,5				12,83	95,2					
10/11/2022 13.14.12						17,31	101,1	2,3		25,55			16,96	85,4	2,4	9,84	0,			19,13	0,	2,	8,02	25,67				19,56	86,2	7,87	7,24	25,5				12,71	95,1					
10/11/2022 13.19.12						17,25	101,1	2,33		25,55			16,96	85,9	2,64	9,84	0,			19,19	0,	2,07	8,01	25,67				19,50	85,6	7,83	7,24	25,5				12,83	95,1					
10/11/2022 13.24.11						17,18	101,1	2,35		25,55			16,90	85,4	2,24	9,84	0,			19,19	0,	2,21	8,33	25,67				19,68	86,6	7,86	7,23	25,5				12,77	94,8					
10/11/2022 13.29.11						17,37	101,1	2,15		25,55			16,77	85,	2,34	9,84	0,			18,88	0,	2,24	8,68	25,67				19,81	85,	7,83	7,24	25,5				12,77	94,8					
10/11/2022 13.34.12						17,31	101,1	2,22		25,55			16,96	85,4	2,51	9,84	0,			18,63	0,	2,52	9,23	25,67				19,87	85,4	7,85	7,23	25,5				12,65	94,8					
10/11/2022 13.39.10						17,37	101,1	1,94		25,55			16,90	84,9	2,31	9,84	0,			18,56	0,	2,11	9,22	25,67				20,06	86,4	7,85	7,23	25,5				12,71	94,8					
10/11/2022 13.44.11						17,31	101,1	2,25		25,55			16,65	85,	2,25	9,84	0,			18,63	0,	2,35	9,22	25,67				20,12	85,8	7,85	7,24	25,5				12,65	94,9					
10/11/2022 13.49.12						17,43	101,1	1,94		25,55			16,52	85,1	2,1	9,84	0,			18,56	0,	2,32	9,22	25,67				20,31	86,6	7,92	7,24	25,5				12,65	95,					
10/11/2022 13.54.12						17,37	101,1	2,09		25,55			16,90	86,	2,42	9,83	0,			18,38	0,	2,37	9,22	25,67				20,18	85,8	7,98	7,24	25,5				12,71	95,1					
10/11/2022 13.59.11						17,50	101,1	2,15		25,55			16,71	85,	2,17	9,84	0,			18,38	0,	2,28	9,21	25,67				20,25	85,8	8,03	7,24	25,5				12,77	95,1					
10/11/2022 14.04.12						17,68	101,1	2,26		25,55			16,71	85,	2,34	9,84	0,			18,44	0,	0,55	1,38	0,				20,25	85,8	8,21	7,25	25,5				12,77	94,9					
10/11/2022 14.09.11						17,62	101,1	2,47		25,55			16,65	84,6	2,22	9,84	0,			18,75	0,	0,58	1,6	0,				20,25	85,8	8,24	7,25	25,5				12,77	94,8					
10/11/2022 14.14.13						17,56	101,1	2,24		25,55			16,77	85,2	2,35	9,84	0,			18,81	0,	0,79	2,76	0,				20,37	85,8	8,37	7,25	25,5				12,77	94,7					
10/11/2022 14.19.12						17,31	101,1	2,35		25,55			16,71	84,9	2,	9,85	0,			18,88	0,	0,7	3,09	0,				20,25	85,4	8,34	7,26	25,5				12,77	94,7					
10/11/2022 14.24.11						17,18	101,1	2,56		25,55			16,71	84,6	2,57	9,85	0,			18,81	0,	0,72	3,33	0,				20,25	85,3	8,43	7,24	25,5				12,77	94,6					
10/11/2022 14.29.12						17,25	101,1	2,54		25,55			16,83	84,6	2,38	9,85	0,			18,81	0,	0,83	3,32	0,				20,25	85,7	8,55	7,26	25,5				12,77	94,5					
10/11/2022 14.34.11						17,18	101,1	2,46		25,55			16,65	84,6	2,38	9,84	0,			18,69	0,	0,68	3,08	0,				20,25	85,8	8,75	7,24	25,5				12,90	94,5					
10/11/2022 14.39.12						17,12	101,1	2,42		25,55			16,65	85,5	2,21	9,85	0,			18,63	0,	0,69	3,37	0,				20,12	85,4	2,	7,24	25,5				12,90	94,4					
10/11/2022 14.44.11						17,25	101,1	2,5		25,55			16,71	85,4	2,38	9,84	0,			18,75	0,	0,6	3,36	0,				20,18	85,8	9,03	7,24	25,5				12,90	94,4					
10/11/2022 14.49.12						17,68	101,1	2,63		25,55			16,96	85,4	2,41	9,85	0,			18,88	0,	0,77	3,37	0,				20,62	87,4	9,34	7,24	25,5				12,90	94,4					
10/11/2022 14.54.11						17,50	101,1	2,68		25,55			17,08	85,8	2,38	9,85	0,			18,88	0,	0,79	3,48	0,				20,37	85,5	9,53	7,23	25,5				12,90	94,3					
10/11/2022 14.59.13						17,06	101,1	2,39		25,55			16,96	85,	2,5	9,84	0,			18,75	0,	0,74	3,79	0,				20,43	85,9	9,54	7,25	25,5				12,96	94,2					
10/11/2022 15.04.12						17,18	101,1	2,33		25,55			17,02	85,4	2,26	9,85	0,			18,75	0,	0,98	3,78	0,				20,31	86,1	9,53	7,25	25,5				12,96	94,					
10/11/2022 15.09.11						17,18	101,1	2,26		25,55			17,02	84,6	2,32	9,85	0,			18,63	0,	0,73	3,61	0,				20,18	85,8	9,53	7,25	25,5				13,02	94,					
10/11/2022 15.14.12						16,87	101,1	2,23		25,55			17,08	86,2	2,43	9,85	0,			18,56	0,	0,72	3,15	0,				20,43	85,9	9,52	7,24	25,5				13,02	94,					
10/11/2022 15.19.11						16,87	101,1	2,35		25,55			17,02	85,3	2,25	9,85	0,			18,56	0,	0,72	3,15	0,				20,18	85,8	9,54	7,23	25,5				13,02	94,					
10/11/2022 15.24.12						16,87	101,1	2,33		25,55			16,96	85,	2,44	9,86	0,			18,88	0,	0,75	3,23	0,				20,31	85,9	9,54	7,24	25,5				12,96	94,					
10/11/2022 15.29.11						17,00	101,1	2,34		25,55			16,90	84,8	2,26	9,85	0,			18,75	0,	0,71	2,83	0,				20,31	86,1	9,28	7,24	25,5				13,02	93,7					
10/11/2022 15.34.12						17,06	101,1	2,33		25,55			16,90	84,3	2,3	9,85	0,			18,75	0,	0,7	2,84	0,				20,18	85,8	9,29	7,25	25,5				13,02	93,7					
10/11/2022 15.39.11						17,00	101,1	2,42		25,55			17,02	85,8	2,28	9,85	0,			18,75	0,	0,77	2,12	0,				20,18	85,8	9,28	7,24	25,5				13,02	93,7					
10/11/2022 15.44.12						16,87	101,1	2,43		25,55			17,08	85,7	2,35	9,84	0,			18,81	0,	0,57	0,83	0,				20,43	85,8	8,88	7,25	25,5				13,02	93,7					
10/11/2022 15.49.12						16,93	101,1	2,54		25,55			16,71	84,2	2,28	9,84	0,			19,00	0,	0,54	0,62	0,				19,93	85,4	8,68	7,24	25,5				13,08	93,7					
10/11/2022 15.54.11						17,00	101,1	2,66		25,55			16,96	86,2	2,56	9,85	0,			19,06	0,	0,48	0,	0,				20,00	85,8	8,79	7,25	25,5				13,02	93,7					
10/11/2022 15.59.14						17,06	101,1	2,39		25,55			16,90	85,	2,49	9,85	0,			19,06	0,	0,48	0,04	0,				20,25	86,2	8,72	7,25	25,5				13,08	93,6					
10/11/2022 16.04.11						17,12	101,1	2,77		25,55			16,77	84,7	2,41	9,84	0,			19,06	0,	0,48	0,	0,				20,00	86,1	8,44	7,25	25,5				12,96	93,6					
10/11/2022 16.09.12						17,12	101,1	2,77		25,55			16,77	84,6	2,63	9,85	0,			18,81	0,	0,48	0,	0,				19,93	85,8	8,42	7,25	25,5				12,96	93,6					
10/11/2022 16.14.11						17,06	101,1	2,74		25,55			17,02	85,8	2,5	9,85	0,			18,75	0,	0,51	0,	0,				20,00	85,5	8,43	7,25	25,5				13,08	93,6					
10/11/2022 16.19.13						17,06	101,1	2,58		25,55			16,90	85,1	2,34	9,83	0,			18,75	0,	2,22	8,65	25,67				19,93	85,3	8,42	7,24	25,5				13,08	93,6					
10/11/2022 16.24.12						17,25	101,1	2,88		25,55			16,77	84,8	2,34	9,84	0,			18,81	0,	2,55	8,39	25,67				19,81	85,8	8,35	7,23	25,5				13,02	93,6					
10/11/2022 16.29.12						17,18	101,1	2,6		25,55			16,77	84,9	2,18	9,84	0,			18,94	0,	2,36	8,39	25,67				19,81	85,6	8,36	7,24	25,5				13,08	93,6					
10/11/2022 16.34.11						17,31	101,1	2,32		25,55			16,83	85,2	2,33	9,85	0,			19,00	0,	2,37	8,12	25,67				19,56	85,4	8,37	7,23	25,5				13,15	93,6					
10/11/2022 16.39.11						17,18	101,1	2,43		25,55			16,71	85,	2,48	9,84	0,			19,13	0,	2,46	8,13	25,67				19,25	85,6	8,39	7,24	25,5				13,08	93,6					
10/11/2022 16.44.13						17,12	101,1	2,49		25,55			16,77	85,	2,4	9,84	0,			19,00	0,	2,45	8,13	25,67				19,50	86,	8,35	7,24	25,5				13,15	93,6					
10/11/2022 16.49.11						17,31	101,1	2,52		25,55			17,02	85,3	2,48	9,84	0,			18,81	0,	2,18	8,13	25,67				19,37	85,9	8,38	7,24	25,5				13,08	93,6					
10/11/2022 16.54.11						17,12	101,1	2,6		25,55			17,08	85,5	2,46	9,85	0,			18,88	0,	2,15	8,11	25,67				19,50	86,6	8,64	7,23	25,5				13,15	93,6					
10/11/2022 16.59.11						17,00	101,1	2,42		25,55			16,90	85,	2,34	9,84	0,			18,81	0,	2,53	8,12	25,67				19,62	86,6	8,75	7,23	25,5				13,15	93,6					
10/11/2022 17.04.12						17,00	101,1	2,61		25,55			17,02	85,	2,4	9,83	0,			18,69	0,	2,15	8,53	25,67				20,18	86,7	8,74	7,23	25,5				13,15	93,7					
10/11/2022 17.09.11						17,50	101,1	2,57		25,55			17,02	85,4	2,39	9,84	0,			18,44	0,	2,26	8,74	25,67				21,00	86,6	8,46	7,24	25,5				13,15	93,9					
10/11/2022 17.14.12						17,43	101,1	2,39		25,55			17,27	85,	2,45	9,84	0,			18,44	0,	2,5	9,02	25,67				20,68	85,8	8,49	7,23	25,5				13,08	94,					
10/11/2022 17.19.12						17,31	101,1	2,41		25,55			17,33	85,8	2,57	9,84	0,			18,31	0,	2,24	9,22	25,67				20,56	87,4	8,49	7,24	25,5				13,08	94,3					
10/11/2022 17.24.11						17,25	101,1	2,46		25,55			17,27	84,8	2,4	9,85	0,			18,69	0,	2,4	6,07	0,				20,25	87,2	8,49	7,24	25,5				13,02	94,4					
10/11/2022 17.29.11						17,12	101,1	2,58		25,55			17,52	85,8	2,32	9,85	0,			19,06	0,	0,56	1,48	0,				20,43	87,4	8,48	7,25	25,5				13,08	94,6					
10/11/2022 17.34.11						17,18	101,1	2,48		25,55			17,71	86,5	2,6	9,84	0,			19,38	0,	0,69	2,78	0,				20,12	86,8	8,48	7,24	25,5				13,02	94,7					
10/11/2022 17.39.13						17,43	101,1	2,64		25,55			17,58	86,4	2,42	9,86	0,			19,38	0,	0,76	3,16	0,				20,12	87,	8,82	7,24	25,5				13,02	94,8					
10/11/2022 17.44.13						17,43	101,1	2,84		25,55			17,33	85,8	2,38	9,84	0,			19,25	0,	0,79	3,36	0,				20,31	87,	9,22	7,24	25,5				13,02	94,8					
10/11/2022 17.49.12						17,37	101,1	2,36		25,55			17,02	85,4	2,61	9,84	0,			19,19	0,	0,73	3,71	0,				20,25	86,6	9,41	7,24	25,5				13,02	94,8					
10/11/2022 17.54.12						17,12	101,1	2,34		25,55			16,83	85,	2,26	9,85	0,			19,06	0,	0,69	4,	0,				20,06	85,4	9,54	7,25	25,5				13,02	94,8					
10/11/2022 17.59.13						17,00	101,1	2,34		25,55			16,83	85,8	2,42	9,85	0,			18,75	0,	0,73	4,25	0,				19,75	86,3	9,52	7,24	25,5				13,08	94,8					
10/11/2022 18.04.12						17,00	101,1	2,41		25,55			16,71	85,5	2,12	9,85	0,			18,56	0,	0,73	4,22	0,				19,75	86,2	9,53	7,25	25,5				13,08	94,7					
10/11/2022 18.09.11						16,93	101,1	2,34		25,55			16,77	85,9	2,38	9,85	0,			18,44	0,	0,78	4,2	0,				19,81	86,3	9,54	7,25	25,5				13,08	94,6					
10/11/2022 18.14.12						16,93	101,1	2,7		25,55			16,58	85,5	2,42	9,85	0,			18,25	0,	0,82	3,89	0,				19,43	85,5	9,01	7,25	25,5				13,15	94,6					
10/11/2022 18.19.11						17,00	101,1	2,68		25,55			16,40	85,8	2,46	9,84	0,			18,06	0,	0,93	3,66	0,				19,43	85,8	8,62	7,25	25,5				13,21	94,4					
10/11/2022 18.24.12						16,93	101,1	2,62		25,55			16,52	85,8	2,18	9,83	0,			17,94	0,	0,74	3,39	0,				19,31	85,6	8,57	7,25	25,5				13,21	94,4					
10/11/2022 18.29.11						16,93	101,1	2,63		25,55			16,40	85,6	2,09	9,84	0,			18,19	0,	0,68	3,13	0,				19,37	85,8	8,4	7,24	25,5				13,21	94,3					
10/11/2022 18.34.12						16,93	101,1	2,76		25,55			16,52	85,7	2,45	9,85	0,			18,00	0,	0,66	2,94	0,				19,50	85,9	8,29	7,23	25,5				13,21	94,1					
10/11/2022 18.39.11						16,93	101,1	2,81		25,55			16,52	85,5	2,36	9,84	0,			17,94	0,	0,71	2,46	0,				19,25	85,8	8,2	7,25	25,5				13,27	94,					
10/11/2022 18.44.13						17,00	101,1	2,65		25,55			16,40	85,4	2,69	9,84	0,			17,94	0,	0,61	1,52	0,				19,12	85,8	8,22	7,24	25,5				13,27	94,					
10/11/2022 18.49.12						17,06	101,1	2,64		25,55			16,52	85,	2,51	9,85	0,			18,13	0,	0,57	0,8	0,				19,25	86,	8,23	7,25	25,5				13,33	93,6					
10/11/2022 18.54.11						17,12	101,1	3,17		25,55			16,58	85,	2,46	9,84	0,			18,31	0,	0,63	0,	0,				19,25	85,8	8,11	7,25	25,5				13,33	93,7					
10/11/2022 18.59.13						17,00	101,1	2,48		25,55			16,46	85,4	2,34	9,84	0,			18,31	0,	0,48	0,	0,				19,37	85,8	1,82	7,25	25,5				13,33	93,6					
10/11/2022 19.04.11						17,06	101,1	2,82		25,55			16,52	85,	2,41	9,84	0,			18,38	0,	0,48	0,	0,				19,37	85,8	8,1	7,24	25,5				13,33	93,6					
10/11/2022 19.09.12						17,00	101,1	2,32		25,55			16,58	84,9	2,46	9,84	0,			18,44	0,	0,48	0,	0,				19,37	85,3	8,11	7,24	25,5				13,40	93,5					
10/11/2022 19.14.11						17,06	101,1	2,69		25,55			16,65	85,5	2,17	9,84	0,			18,25	0,	2,57	8,56	25,67				19,43	85,6	8,25	7,23	25,5				13,46	93,4					
10/11/2022 19.19.12						16,93	101,1	2,51		25,55			16,65	85,	2,38	9,84	0,			18,13	0,	2,83	8,19	25,67				19,37	85,8	8,23	7,24	25,5				13,40	93,4					
10/11/2022 19.24.11						16,87	101,1	2,93		25,55			16,52	84,6	2,28	9,84	0,			18,25	0,	2,52	8,18	25,67				19,50	85,5	8,44	7,23	25,5				13,40	93,2					
10/11/2022 19.29.12						16,81	101,1	2,59		25,55			16,65	85,	2,47	9,84	0,			18,38	0,	2,26	8,18	25,67				19,62	85,4	8,44	7,23	25,5				13,46	93,2					
10/11/2022 19.34.12						16,87	101,1	2,43		25,55			16,65	84,8	2,46	9,84	0,			18,63	0,	2,52	8,18	25,67				19,50	85,	8,44	7,23	25,5				13,40	93,2					
10/11/2022 19.39.11						16,87	101,1	2,69		25,55			16,77	84,6	2,41	9,84	0,			18,69	0,	2,54	8,18	25,67				19,62	85,4	8,38	7,24	25,5				13,46	93,					
10/11/2022 19.44.13						16,81	101,1	2,4		25,55			16,71	85,	2,54	9,84	0,			18,75	0,	2,59	8,17	25,67				19,43	85,4	8,26	7,24	25,5				13,46	93,					
10/11/2022 19.49.11						16,87	101,1	1,92		25,55			16,90	85,1	2,28	9,84	0,			18,56	0,	2,28	8,18	25,67				19,50	85,4	8,25	7,22	25,5				13,52	92,9					
10/11/2022 19.54.12						16,87	101,1	2,69		25,55			16,65	84,4	2,5	9,84	0,			18,50	0,	2,04	8,19	25,67				20,00	85,8	8,52	7,23	25,5				13,46	92,9					
10/11/2022 19.59.10						16,81	101,1	2,78		25,55			16,77	84,6	2,4	9,84	0,			18,38	0,	2,23	8,18	25,67				19,75	85,4	8,41	7,23	25,5				13,46	92,8					
10/11/2022 20.04.13						16,81	101,1	2,89		25,55			16,77	84,5	2,15	9,84	0,			18,50	0,	2,32	8,18	25,67				19,56	85,7	8,42	7,23	25,5				13,46	92,8					
10/11/2022 20.09.11						16,75	101,1	3,07		25,55			16,77	84,4	2,52	9,84	0,			18,56	0,	2,34	8,18	25,67				19,50	85,5	8,49	7,22	25,5				13,46	92,8					
10/11/2022 20.14.12						16,75	101,1	2,49		25,55			16,65	84,	2,33	9,84	0,			18,69	0,	2,15	8,17	25,67				19,81	85,8	8,29	7,24	25,5				13,52	92,8					
10/11/2022 20.19.13						16,68	101,1	3,02		25,55			16,83	84,1	2,26	9,84	0,			18,75	0,	2,67	8,18	25,67				19,81	85,2	8,22	7,22	25,5				13,46	92,8					
10/11/2022 20.24.12						16,81	101,1	2,54		25,55			16,90	84,6	2,45	9,84	0,			18,88	0,	1,97	8,19	25,67				19,68	84,9	8,23	7,24	25,5				13,46	92,8					
10/11/2022 20.29.12						16,75	101,1	2,42		25,55			17,08	85,	2,49	9,84	0,			18,81	0,	2,24	8,18	25,67				19,62	85,	8,15	7,24	25,5				13,46	93,					
10/11/2022 20.34.11						16,81	101,1	2,86		25,55			16,90	84,6	2,44	9,83	0,			18,94	0,	2,41	8,18	25,67				19,75	85,	8,04	7,23	25,5				13,46	93,2					
10/11/2022 20.39.12						16,81	101,1	2,43		25,55			16,83	84,2	2,4	9,84	0,			18,69	0,	2,4	8,18	25,67				19,68	85,2	8,08	7,24	25,5				13,40	93,2					
10/11/2022 20.44.11						16,87	101,1	2,45		25,55			16,71	84,2	2,51	9,84	0,			18,69	0,	2,52	8,18	25,67				19,56	84,8	8,13	7,24	25,5				13,40	93,5					
10/11/2022 20.49.12						16,87	101,1	2,49		25,55			16,77	84,2	2,43	9,84	0,			18,63	0,	2,47	8,18	25,67				19,43	85,4	7,93	7,24	25,5				13,33	93,6					
10/11/2022 20.54.11						16,93	101,1	2,4		25,55			16,58	83,9	2,53	9,84	0,			18,50	0,	2,56	8,18	25,67				19,56	85,5	7,93	7,24	25,5				13,33	93,6					
10/11/2022 20.59.12						16,87	101,1	2,18		25,55			16,71	84,2	2,62	9,84	0,			18,69	0,	2,39	8,6	25,67				19,75	85,8	7,85	7,23	25,5				13,27	93,7					
10/11/2022 21.04.12						17,00	101,1	2,22		25,55			16,65	83,8	2,5	9,84	0,			18,63	0,	2,57	8,59	25,67				19,68	85,2	7,83	7,22	25,5				13,27	93,6					
10/11/2022 21.09.11						16,93	101,1	2,49		25,55			16,83	84,6	2,51	9,84	0,			18,75	0,	2,52	8,88	25,67				20,12	85,4	8,15	7,23	25,5				13,27	93,8					
10/11/2022 21.14.12						16,93	101,1	2,68		25,55			16,65	83,8	2,38	9,84	0,			18,63	0,	2,32	9,18	25,67				19,93	85,5	2,11	7,23	25,5				13,27	93,7					
10/11/2022 21.19.11						16,87	101,1	2,65		25,55			16,65	84,	2,45	9,84	0,			18,56	0,	2,4	9,18	25,67				19,75	85,8	8,25	7,23	25,5				13,27	93,7					
10/11/2022 21.24.12						16,87	101,1	2,56		25,55			16,90	84,4	2,34	9,85	0,			18,38	0,	2,27	9,18	25,67				19,93	85,4	8,13	7,24	25,5				13,33	93,6					
10/11/2022 21.29.10						16,87	101,1	2,56		25,55			17,08	84,	2,33	9,85	0,			18,31	0,	0,55	1,23	0,				19,62	85,4	8,14	7,24	25,5				13,40	93,5					
10/11/2022 21.34.13						16,93	101,1	2,39		25,55			17,08	83,7	2,34	9,85	0,			18,63	0,	0,56	1,25	0,				19,56	85,	8,15	7,23	25,5				13,40	93,2					
10/11/2022 21.39.11						16,81	101,1	2,39		25,55			16,65	83,4	2,36	9,84	0,			18,75	0,	0,55	1,7	0,				19,68	85,1	8,14	7,25	25,5				13,40	93,2					
10/11/2022 21.44.13						16,62	101,1	2,2		25,55			16,65	83,8	2,45	9,85	0,			18,75	0,	0,73	2,28	0,				19,93	85,1	8,05	7,24	25,5				13,46	93,					
10/11/2022 21.49.12						16,75	101,1	2,52		25,55			16,65	83,9	2,45	9,85	0,			18,56	0,	0,66	2,49	0,				20,18	85,	8,06	7,24	25,5				13,40	92,8					
10/11/2022 21.54.12						16,75	101,1	2,02		25,55			16,65	84,2	2,41	9,85	0,			18,44	0,	1,07	2,49	0,				20,06	84,8	7,98	7,24	25,5				13,46	92,8					
10/11/2022 21.59.12						16,81	101,1	2,25		25,55			16,77	85,	2,36	9,84	0,			18,44	0,	0,76	2,77	0,				20,00	84,5	7,99	7,24	25,5				13,46	92,7					
10/11/2022 22.04.11						16,75	101,1	2,58		25,55			16,83	84,3	2,6	9,84	0,			18,31	0,	0,94	2,8	0,				20,12	84,6	7,97	7,25	25,5				13,46	92,4					
10/11/2022 22.09.12						16,81	101,1	2,17		25,55			16,90	84,2	2,52	9,84	0,			18,31	0,	0,74	3,	0,				19,87	84,5	7,97	7,24	25,5				13,52	92,4					
10/11/2022 22.14.11						16,68	101,1	2,17		25,55			16,77	83,8	2,22	9,84	0,			18,19	0,	0,86	3,	0,				19,62	85,3	7,99	7,25	25,5				13,46	92,3					
10/11/2022 22.19.12						16,81	101,1	2,42		25,55			16,71	84,	2,56	9,84	0,			18,19	0,	0,84	3,28	0,				19,56	85,	7,98	7,24	25,5				13,46	92,1					
10/11/2022 22.24.11						16,62	101,1	2,25		25,55			16,71	84,1	2,31	9,84	0,			18,06	0,	0,82	3,28	0,				19,75	85,	7,98	7,25	25,5				13,58	92,					
10/11/2022 22.29.12						16,75	101,1	2,67		25,55			16,77	84,6	2,55	9,84	0,			18,06	0,	0,73	3,27	0,				19,56	84,9	8,03	7,25	25,5				13,52	91,9					
10/11/2022 22.34.12						16,81	101,1	2,38		25,55			16,96	84,2	2,33	9,85	0,			18,19	0,	0,71	3,28	0,				19,68	84,9	8,03	7,25	25,5				13,52	92,					
10/11/2022 22.39.12						16,68	101,1	2,51		25,55			16,65	83,8	2,32	9,85	0,			18,06	0,	0,7	3,46	0,				19,62	85,	8,03	7,24	25,5				13,52	91,8					
10/11/2022 22.44.12						16,81	101,1	2,35		25,55			17,77	86,2	2,32	9,84	0,			18,13	0,	0,76	3,47	0,				19,81	84,9	7,99	7,24	25,5				13,58	91,6					
10/11/2022 22.49.12						17,43	101,1	2,27		25,55			17,77	86,6	2,63	9,84	0,			18,06	0,	0,76	3,61	0,				20,06	85,4	8,17	7,25	25,5				13,65	91,6					
10/11/2022 22.54.12						17,43	101,1	2,77		25,55			17,52	85,4	2,41	9,84	0,			18,06	0,	0,86	3,97	0,				20,43	86,	8,61	7,24	25,5				13,65	91,6					
10/11/2022 22.59.11						17,37	101,1	2,64		25,55			17,65	87,4	2,51	9,84	0,			18,75	0,	0,77	4,44	0,				20,56	85,8	8,71	7,24	25,5				13,65	91,6					
10/11/2022 23.04.12						17,06	101,1	2,49		25,55			17,27	85,8	2,57	9,84	0,			18,94	0,	0,79	5,31	0,				20,31	85,5	8,53	7,25	25,5				13,65	91,6					
10/11/2022 23.09.11						16,81	101,1	2,37		25,55			17,02	85,4	2,39	9,84	0,			18,88	0,	0,83	5,3	0,				20,31	84,9	8,54	7,24	25,5				13,65	91,6					
10/11/2022 23.14.12						16,68	101,1	2,68		25,55			16,90	85,4	2,4	9,85	0,			18,50	0,	0,86	5,51	0,				20,43	84,8	8,54	7,24	25,5				13,58	91,6					
10/11/2022 23.19.12						16,68	101,1	2,75		25,55			17,08	85,8	2,26	9,85	0,			18,44	0,	0,84	5,22	0,				20,31	84,2	8,53	7,24	25,5				13,65	91,5					
10/11/2022 23.24.11						16,81	101,1	2,33		25,55			17,02	85,8	2,24	9,84	0,			18,44	0,	0,74	5,21	0,				20,00	84,2	8,39	7,23	25,5				13,65	91,4					
10/11/2022 23.29.12						16,68	101,1	2,6		25,55			16,90	85,8	2,36	9,85	0,			18,25	0,	1,	5,21	0,				19,87	84,6	8,22	7,25	25,5				13,65	91,3					
10/11/2022 23.34.11						16,93	101,1	2,42		25,55			16,83	86,5	2,3	9,84	0,			18,13	0,	0,88	5,21	0,				19,81	84,8	8,08	7,24	25,5				13,58	91,2					
10/11/2022 23.39.12						16,81	101,1	2,26		25,55			16,83	86,6	2,35	9,84	0,			17,94	0,	0,76	5,21	0,				19,68	84,9	7,93	7,24	25,5				13,65	91,3					
10/11/2022 23.44.12						16,75	101,1	2,07		25,55			16,71	85,5	2,52	9,85	0,			17,81	0,	0,75	4,64	0,				19,50	84,6	7,84	7,24	25,5				13,71	91,2					
10/11/2022 23.49.11						16,68	101,1	2,01		25,55			16,52	85,4	2,55	9,84	0,			17,88	0,	0,72	4,68	0,				19,68	85,	7,74	7,24	25,5				13,71	91,2					
10/11/2022 23.54.13						16,93	101,1	2,42		25,55			16,65	85,8	2,67	9,84	0,			17,88	0,	0,86	4,67	0,				19,50	85,	7,54	7,24	25,5				13,71	91,2					
10/11/2022 23.59.12						16,93	101,1	2,03		25,55			16,65	85,4	2,51	9,85	0,			17,81	0,	0,73	4,21	0,				19,37	84,8	7,63	7,24	25,5				13,71	91,2					
