Net no:						1	1	1	1	1			1	1	1	1	1			1	1	1	1	1				1	1	1	1	1				1	1					
Object no:						131	141	150	151	152			134	144	159	160	161			133	143	156	157	158				132	142	153	154	155				130	140					
Table no:						0	0	0	0	0			0	0	0	0	0			0	0	0	0	0				0	0	0	0	0				0	0					
Code no:						48	48	48	48	48			48	48	136	136	136			48	48	48	48	48				48	48	48	48	48				48	48					
Calculation:						T	/10	/100	/100	/100			T	/10	/100	/100	/100			T	/10	/100	/100	/100				T	/10	/100	/100	/100				T	/10					
Date/time:	Afp. 1776	Bes. 97184			Stald 1	Temp_stald1	Fugt_stald1	DynamicAir_trinlřs_stald1	Spjćld_trinlřs_stald 1	On/off_stald1		Stald 2	Temp_stald2	Fugt_stald2	DynamicAir_trinlřs_stald2	Spjćld_trinlřs_stald2	On/off_stald2		Stald5	Temp_stald5	Fugt_stald5	DynamicAir_trinlřs_stald5	Spjćld_trinlřs_stald5	On/off_stald 5			Stald6	Temp_stald6	Fugt_stald 6	DynamicAir_trinlřs_stald6	Spjćld_trinlřs_stald6	On/off_stald6			UDE	Temp_ude	Fugt_ude					
09-09-2022 00:02:41						18,81	101,1	2,26	9,55	0,			18,71	71,7	2,48	9,87	0,			18,56	0,	2,3	9,25	0,				18,87	79,2	2,26	9,29	0,				14,96	79,3					
09-09-2022 00:07:41						18,75	101,1	2,4	9,54	0,			18,65	71,8	2,37	9,86	0,			18,63	0,	2,34	9,24	0,				19,25	80,3	2,32	9,29	0,				14,90	79,7					
09-09-2022 00:12:42						18,68	101,1	2,37	9,55	0,			18,71	72,2	2,39	9,86	0,			18,56	0,	2,52	9,24	0,				19,18	80,6	2,26	9,28	0,				14,83	80,					
09-09-2022 00:17:41						18,81	101,1	2,22	9,53	0,			18,83	71,7	2,29	9,86	0,			18,56	0,	2,26	9,24	0,				19,18	80,	2,07	9,28	0,				14,71	80,4					
09-09-2022 00:22:41						19,18	101,1	2,3	9,54	0,			18,96	72,6	2,35	9,86	0,			18,56	0,	2,29	9,24	0,				19,25	81,3	2,25	9,29	0,				14,40	81,6					
09-09-2022 00:27:41						19,31	101,1	2,17	9,54	0,			19,08	72,1	2,34	9,86	0,			18,50	0,	2,32	9,23	0,				19,68	81,5	2,17	9,29	0,				14,33	82,					
09-09-2022 00:32:43						19,37	101,1	2,25	9,56	0,			19,02	72,5	2,37	9,86	0,			18,50	0,	2,4	9,23	0,				19,62	81,9	2,23	9,3	0,				14,40	83,					
09-09-2022 00:37:40						19,31	101,1	2,19	9,55	0,			19,08	72,6	2,36	9,86	0,			18,38	0,	2,26	9,25	0,				19,43	82,2	2,11	9,27	0,				14,33	83,1					
09-09-2022 00:42:42						19,06	101,1	2,09	9,54	0,			18,96	72,8	2,21	9,86	0,			18,44	0,	2,36	9,23	0,				19,31	82,4	2,11	9,29	0,				14,27	82,8					
09-09-2022 00:47:40						19,50	101,1	2,11	9,57	0,			18,90	72,2	2,31	9,87	0,			18,88	0,	2,44	9,23	0,				19,25	82,3	2,34	9,29	0,				14,33	82,5					
09-09-2022 00:52:43						19,50	101,1	2,04	9,54	0,			19,15	74,2	2,45	9,86	0,			18,75	0,	2,44	9,24	0,				19,00	82,3	2,32	9,28	0,				14,27	82,5					
09-09-2022 00:57:42						19,56	101,1	2,12	9,54	0,			19,21	74,6	2,32	9,86	0,			19,25	0,	2,27	9,24	0,				18,81	82,1	2,23	9,29	0,				14,27	82,8					
09-09-2022 01:02:41						19,31	101,1	2,03	9,56	0,			19,15	75,4	2,13	9,86	0,			19,50	0,	2,28	9,23	0,				18,68	81,7	2,06	9,29	0,				14,15	82,5					
09-09-2022 01:07:41						19,18	101,1	2,33	9,56	0,			19,08	77,	2,64	9,86	0,			19,19	0,	2,31	9,24	0,				18,50	82,3	2,22	9,28	0,				14,08	82,8					
09-09-2022 01:12:41						18,75	101,1	2,29	9,54	0,			18,96	77,4	2,32	9,85	0,			18,88	0,	2,38	9,23	0,				18,37	82,2	2,01	9,28	0,				14,02	82,9					
09-09-2022 01:17:42						18,56	101,1	2,26	9,54	0,			18,71	75,7	2,39	9,87	0,			18,63	0,	2,39	9,24	0,				18,68	82,7	2,33	9,28	0,				14,08	83,2					
09-09-2022 01:22:41						18,31	101,1	2,25	9,55	0,			18,40	76,1	2,14	9,86	0,			18,38	0,	2,2	9,23	0,				18,50	82,4	2,3	9,29	0,				14,02	83,6					
09-09-2022 01:27:41						18,06	101,1	2,15	9,54	0,			18,15	75,	1,71	9,86	0,			18,25	0,	2,21	9,23	0,				18,43	81,5	2,07	9,28	0,				13,96	83,6					
09-09-2022 01:32:41						18,00	101,1	2,03	9,53	0,			18,08	75,9	1,48	9,85	0,			18,06	0,	2,35	9,23	0,				18,37	81,9	2,21	9,29	0,				14,02	83,8					
09-09-2022 01:37:42						17,87	101,1	2,21	9,54	0,			18,27	75,8	1,13	9,86	0,			17,94	0,	2,03	9,23	0,				18,31	82,	2,11	9,27	0,				14,08	83,7					
09-09-2022 01:42:41						17,87	101,1	2,13	9,55	0,			18,33	75,9	1,16	9,84	0,			17,81	0,	2,39	9,23	0,				18,43	82,7	2,3	9,27	0,				14,02	84,					
09-09-2022 01:47:40						17,93	101,1	2,28	9,55	0,			18,27	76,	1,19	9,12	0,			17,88	0,	2,4	9,02	0,				18,25	82,	2,22	9,28	0,				13,90	84,9					
09-09-2022 01:52:42						17,87	101,1	2,4	9,56	0,			18,46	75,9	1,1	9,12	0,			17,75	0,	2,26	8,82	0,				18,37	82,3	2,19	9,27	0,				13,71	85,6					
09-09-2022 01:57:41						17,81	101,1	2,05	9,54	0,			18,40	75,4	1,07	9,13	0,			17,69	0,	2,54	8,81	0,				18,25	82,4	2,17	9,27	0,				13,71	86,					
09-09-2022 02:02:42						17,81	101,1	2,26	9,56	0,			18,46	75,4	1,09	9,12	0,			17,56	0,	2,57	8,82	0,				18,43	82,3	2,28	9,28	0,				13,58	86,4					
09-09-2022 02:07:40						17,81	101,1	2,26	9,54	0,			18,46	75,4	1,04	9,13	0,			17,69	0,	2,45	8,81	0,				18,12	82,6	2,18	9,29	0,				13,58	86,3					
09-09-2022 02:12:42						17,93	101,1	2,3	9,55	0,			18,58	75,7	1,26	9,13	0,			17,69	0,	2,51	8,81	0,				18,50	82,4	2,23	9,28	0,				13,58	86,2					
09-09-2022 02:17:41						17,81	101,1	2,37	9,55	0,			18,65	75,4	1,18	9,12	0,			17,69	0,	2,36	8,81	0,				18,25	82,3	2,27	9,29	0,				13,71	86,3					
09-09-2022 02:22:41						17,87	101,1	2,4	9,55	0,			18,71	75,	1,26	9,32	0,			17,75	0,	2,46	8,82	0,				18,50	82,3	2,1	9,3	0,				13,65	86,4					
09-09-2022 02:27:41						17,93	101,1	2,3	9,55	0,			18,65	74,7	1,25	9,84	0,			17,75	0,	2,16	9,23	0,				18,56	82,7	2,32	9,27	0,				13,65	86,8					
09-09-2022 02:32:41						17,75	101,1	2,28	9,54	0,			18,52	75,	1,34	9,84	0,			17,75	0,	2,38	9,24	0,				18,75	82,6	2,23	9,29	0,				13,65	87,2					
09-09-2022 02:37:42						18,06	101,1	2,35	9,54	0,			18,46	75,	1,36	9,85	0,			17,81	0,	2,24	9,24	0,				18,68	81,9	2,28	9,3	0,				13,58	87,3					
09-09-2022 02:42:41						18,25	101,1	2,29	9,56	0,			18,46	75,6	1,27	9,85	0,			17,88	0,	2,18	9,24	0,				18,25	82,7	2,28	9,3	0,				13,58	87,6					
09-09-2022 02:47:44						18,18	101,1	2,21	9,54	0,			18,40	75,5	1,36	9,84	0,			17,81	0,	2,34	9,23	0,				18,56	82,9	2,13	9,27	0,				13,40	88,					
09-09-2022 02:52:40						18,18	101,1	2,26	9,52	0,			18,40	75,8	1,26	9,84	0,			17,88	0,	2,45	9,23	0,				18,37	82,7	2,2	9,29	0,				13,40	88,4					
09-09-2022 02:57:42						18,18	101,1	2,16	9,54	0,			18,33	75,8	1,3	9,84	0,			17,81	0,	2,36	9,23	0,				18,31	82,7	2,33	9,28	0,				13,40	88,8					
09-09-2022 03:02:41						18,18	101,1	1,88	9,54	0,			18,46	75,4	1,28	9,85	0,			17,81	0,	2,43	9,24	0,				18,25	83,4	2,42	9,29	0,				13,33	88,8					
09-09-2022 03:07:41						18,12	101,1	2,21	9,55	0,			18,46	75,3	1,29	9,84	0,			17,88	0,	2,23	9,23	0,				18,37	83,	2,16	9,28	0,				13,33	89,2					
09-09-2022 03:12:42						18,12	101,1	1,91	9,55	0,			18,15	75,	1,58	9,84	0,			17,94	0,	2,47	9,25	0,				18,06	83,1	2,24	9,29	0,				13,27	89,5					
09-09-2022 03:17:40						18,00	101,1	2,3	9,56	0,			18,40	76,2	1,56	9,84	0,			17,94	0,	2,32	9,25	0,				18,43	83,4	2,22	9,3	0,				13,33	89,6					
09-09-2022 03:22:41						18,12	101,1	2,26	9,55	0,			18,40	75,8	1,36	9,85	0,			17,88	0,	2,25	9,24	0,				18,25	83,8	2,28	9,28	0,				13,21	89,8					
09-09-2022 03:27:40						18,06	101,1	2,16	9,54	0,			18,46	75,6	1,39	9,84	0,			17,94	0,	2,25	9,24	0,				18,31	83,5	2,25	9,29	0,				13,21	90,					
09-09-2022 03:32:42						18,12	101,1	2,09	9,55	0,			18,33	75,7	1,29	9,84	0,			18,00	0,	2,22	9,24	0,				18,12	83,6	2,22	9,28	0,				13,21	90,					
09-09-2022 03:37:40						17,93	101,1	2,31	9,55	0,			18,46	76,1	1,35	9,85	0,			17,94	0,	2,21	9,23	0,				18,37	84,2	2,08	9,28	0,				13,27	90,4					
09-09-2022 03:42:42						17,93	101,1	2,36	9,56	0,			18,27	75,6	1,45	9,85	0,			17,94	0,	2,25	9,24	0,				18,12	83,8	2,28	9,28	0,				13,27	90,4					
09-09-2022 03:47:40						18,00	101,1	2,34	9,54	0,			18,21	75,5	1,32	9,84	0,			17,94	0,	2,2	9,23	0,				18,56	84,2	2,15	9,28	0,				13,27	90,5					
09-09-2022 03:52:42						17,93	101,1	2,05	9,54	0,			18,33	75,9	1,28	9,85	0,			17,94	0,	2,43	9,23	0,				18,31	83,7	2,26	9,28	0,				13,27	90,8					
09-09-2022 03:57:41						18,12	101,1	2,41	9,56	0,			18,33	76,2	1,35	9,85	0,			17,88	0,	2,17	9,24	0,				18,06	83,8	2,19	9,28	0,				13,27	90,8					
09-09-2022 04:02:40						18,06	101,1	2,32	9,54	0,			18,46	76,2	1,38	9,85	0,			17,94	0,	2,18	9,23	0,				18,25	84,	2,2	9,29	0,				13,27	91,					
09-09-2022 04:07:41						18,00	101,1	2,15	9,55	0,			18,27	76,1	1,41	9,84	0,			18,06	0,	2,4	9,25	0,				18,43	84,2	2,16	9,28	0,				13,21	91,1					
09-09-2022 04:12:41						18,00	101,1	1,9	9,54	0,			18,40	76,6	1,17	9,85	0,			18,00	0,	2,39	9,23	0,				18,43	84,	2,33	9,28	0,				13,27	91,2					
09-09-2022 04:17:42						18,00	101,1	2,14	9,56	0,			18,46	76,3	1,23	9,85	0,			18,06	0,	2,15	9,24	0,				18,50	83,5	2,19	9,29	0,				13,21	91,6					
09-09-2022 04:22:40						17,81	101,1	2,25	9,55	0,			18,40	76,3	1,23	9,84	0,			17,94	0,	2,2	9,24	0,				18,56	83,5	2,2	9,29	0,				13,15	91,6					
09-09-2022 04:27:41						18,00	101,1	2,38	9,55	0,			18,40	76,6	1,37	9,85	0,			18,00	0,	2,04	9,23	0,				18,50	83,8	2,32	9,29	0,				13,15	91,9					
09-09-2022 04:32:41						17,87	101,1	2,14	9,53	0,			18,40	76,2	1,44	9,85	0,			18,06	0,	2,11	9,24	0,				18,62	83,8	2,21	9,29	0,				13,15	92,1					
09-09-2022 04:37:42						18,00	101,1	2,21	9,54	0,			18,40	76,5	1,49	9,85	0,			18,00	0,	2,35	9,24	0,				18,50	83,4	2,33	9,28	0,				13,15	92,3					
09-09-2022 04:42:42						17,87	101,1	2,11	9,55	0,			18,33	76,7	1,54	9,85	0,			18,00	0,	2,2	9,23	0,				18,43	83,9	2,26	9,29	0,				13,15	92,3					
09-09-2022 04:47:40						17,81	101,1	2,16	9,56	0,			18,27	76,7	1,41	9,86	0,			17,94	0,	2,2	9,24	0,				18,37	83,8	2,19	9,29	0,				13,08	92,5					
09-09-2022 04:52:41						17,93	101,1	2,01	9,54	0,			18,40	77,3	1,34	9,85	0,			17,88	0,	2,44	9,23	0,				18,37	84,2	2,18	9,3	0,				13,15	92,5					
09-09-2022 04:57:40						18,12	101,1	2,18	9,54	0,			18,27	76,6	1,5	9,85	0,			17,81	0,	2,48	9,24	0,				18,18	84,3	2,24	9,28	0,				13,15	92,7					
09-09-2022 05:02:42						17,87	101,1	2,15	9,55	0,			18,21	76,8	1,42	9,85	0,			17,81	0,	2,4	9,25	0,				18,31	84,2	2,24	9,29	0,				13,15	92,7					
09-09-2022 05:07:41						17,93	101,1	2,1	9,53	0,			18,15	76,6	1,41	9,84	0,			17,81	0,	2,38	9,24	0,				18,43	84,6	2,13	9,28	0,				13,15	92,8					
09-09-2022 05:12:42						18,00	101,1	2,15	9,55	0,			18,21	77,1	1,53	9,85	0,			17,75	0,	2,41	9,23	0,				18,25	84,6	2,1	9,27	0,				13,21	92,8					
09-09-2022 05:17:41						17,93	101,1	2,17	9,56	0,			18,46	77,8	1,42	9,84	0,			17,81	0,	2,26	9,23	0,				18,37	84,2	2,21	9,28	0,				13,27	92,8					
09-09-2022 05:22:42						18,06	101,1	2,36	9,54	0,			18,15	77,	1,4	9,84	0,			17,75	0,	2,07	9,23	0,				18,31	85,	2,11	9,27	0,				13,21	92,8					
09-09-2022 05:27:42						17,81	101,1	2,08	9,54	0,			18,46	77,5	1,76	9,85	0,			17,75	0,	2,3	9,22	0,				18,50	85,4	2,17	9,28	0,				13,33	92,9					
09-09-2022 05:32:41						17,87	101,1	2,28	9,56	0,			18,27	77,7	1,7	9,85	0,			17,81	0,	2,26	9,24	0,				18,43	85,2	2,2	9,29	0,				13,33	92,8					
09-09-2022 05:37:42						17,87	101,1	2,13	9,53	0,			18,15	77,4	1,88	9,85	0,			17,88	0,	2,35	9,22	0,				18,37	85,	2,17	9,29	0,				13,40	92,9					
09-09-2022 05:42:40						17,87	101,1	2,19	9,53	0,			18,15	77,7	1,79	9,84	0,			17,88	0,	2,3	9,23	0,				18,25	84,7	2,11	9,28	0,				13,40	92,9					
09-09-2022 05:47:42						17,87	101,1	1,99	9,55	0,			18,21	77,6	1,84	9,85	0,			17,94	0,	2,31	9,24	0,				18,31	84,9	2,22	9,27	0,				13,46	92,9					
09-09-2022 05:52:41						18,00	101,1	2,14	9,54	0,			18,21	78,1	1,79	9,85	0,			17,94	0,	2,29	9,24	0,				18,37	85,8	2,09	9,29	0,				13,58	93,1					
09-09-2022 05:57:41						18,00	101,1	2,06	9,56	0,			18,15	78,1	1,78	9,85	0,			17,88	0,	2,32	9,23	0,				18,37	85,3	2,19	9,28	0,				13,58	93,					
09-09-2022 06:02:41						18,00	101,1	1,98	9,55	0,			18,15	78,2	1,64	9,84	0,			17,81	0,	2,37	9,23	0,				18,50	85,4	2,17	9,28	0,				13,71	93,					
09-09-2022 06:07:41						18,00	101,1	2,22	9,54	0,			18,08	78,2	1,87	9,84	0,			17,88	0,	2,35	9,23	0,				18,68	85,8	2,22	9,27	0,				13,65	93,					
09-09-2022 06:12:42						18,12	101,1	2,28	9,56	0,			18,15	78,5	1,88	9,85	0,			17,81	0,	2,37	9,23	0,				18,81	85,8	2,18	9,28	0,				13,65	92,9					
09-09-2022 06:17:41						18,06	101,1	2,25	9,52	0,			18,27	79,	1,99	9,85	0,			17,94	0,	2,1	9,23	0,				18,62	85,8	2,17	9,27	0,				13,71	93,					
09-09-2022 06:22:42						18,18	101,1	1,99	9,56	0,			18,27	78,6	1,97	9,85	0,			17,94	0,	2,27	9,23	0,				18,68	85,8	2,31	9,29	0,				13,46	92,8					
09-09-2022 06:27:40						18,12	101,1	2,04	9,56	0,			18,15	78,6	1,75	9,84	0,			17,94	0,	2,35	9,22	0,				18,56	85,4	2,06	9,27	0,				13,40	92,7					
09-09-2022 06:32:42						18,50	101,1	2,13	9,54	0,			18,27	78,7	1,71	9,84	0,			18,00	0,	2,22	9,24	0,				18,43	85,	2,14	9,29	0,				13,40	92,8					
09-09-2022 06:37:41						18,18	101,1	1,89	9,56	0,			18,15	78,	1,63	9,85	0,			17,94	0,	2,2	9,23	0,				18,56	85,4	2,13	9,27	0,				13,46	92,8					
09-09-2022 06:42:42						18,25	101,1	2,12	9,54	0,			18,08	78,9	1,66	9,85	0,			17,94	0,	2,38	9,23	0,				18,43	85,8	2,15	9,28	0,				13,65	92,9					
09-09-2022 06:47:41						18,12	101,1	2,21	9,52	0,			18,40	79,1	1,57	9,84	0,			17,94	0,	2,31	9,23	0,				18,62	85,8	2,15	9,28	0,				13,58	92,8					
09-09-2022 06:52:42						18,06	101,1	2,06	9,54	0,			18,27	78,8	1,7	9,84	0,			18,00	0,	2,18	9,24	0,				18,62	85,8	2,12	9,28	0,				13,52	92,6					
09-09-2022 06:57:42						18,12	101,1	1,93	9,56	0,			18,40	79,	1,8	9,84	0,			17,88	0,	2,29	9,23	0,				18,43	85,8	2,05	9,28	0,				13,52	92,7					
09-09-2022 07:02:40						18,12	101,1	2,29	9,53	0,			18,65	79,3	1,99	9,85	0,			17,81	0,	2,31	9,24	0,				18,31	85,8	2,09	9,28	0,				13,46	92,6					
09-09-2022 07:07:43						18,18	101,1	2,25	9,52	0,			18,52	78,6	1,84	9,84	0,			17,75	0,	2,28	9,23	0,				18,18	86,1	2,13	9,28	0,				13,46	92,6					
09-09-2022 07:12:41						18,12	101,1	2,2	9,55	0,			18,40	78,6	1,72	9,84	0,			17,88	0,	2,06	9,24	0,				18,68	86,6	2,18	9,29	0,				13,52	92,4					
09-09-2022 07:17:41						18,12	101,1	2,03	9,54	0,			18,40	79,	2,07	9,84	0,			18,00	0,	2,35	9,22	0,				18,62	86,	2,02	9,29	0,				13,52	92,4					
09-09-2022 07:22:41						18,25	101,1	2,16	9,55	0,			18,40	79,4	2,01	9,84	0,			17,94	0,	2,22	9,23	0,				18,18	86,2	2,21	9,28	0,				13,46	92,6					
09-09-2022 07:27:42						18,37	101,1	2,26	9,54	0,			18,52	79,1	2,05	9,85	0,			17,94	0,	2,17	9,23	0,				18,18	86,2	2,02	9,29	0,				13,52	92,4					
09-09-2022 07:32:41						18,50	101,1	2,15	9,54	0,			18,21	79,4	1,94	9,85	0,			17,94	0,	2,3	9,24	0,				18,12	86,5	2,15	9,28	0,				13,40	92,5					
09-09-2022 07:37:42						18,31	101,1	2,03	9,54	0,			18,08	78,9	1,91	9,85	0,			18,00	0,	2,22	9,24	0,				18,31	86,6	2,13	9,28	0,				13,52	92,7					
09-09-2022 07:42:42						18,25	101,1	2,28	9,53	0,			18,21	79,3	1,7	9,85	0,			18,00	0,	2,32	9,23	0,				18,18	86,6	2,24	9,28	0,				13,46	92,8					
09-09-2022 07:47:41						18,06	101,1	2,08	9,55	0,			18,21	79,9	1,65	9,85	0,			17,94	0,	2,28	9,24	0,				18,25	87,	2,12	9,29	0,				13,65	92,8					
09-09-2022 07:52:41						18,81	101,1	2,33	9,53	0,			18,46	79,8	1,67	9,85	0,			17,94	0,	2,34	9,23	0,				18,12	86,3	2,19	9,27	0,				13,52	92,8					
09-09-2022 07:57:41						19,25	101,1	2,03	9,55	0,			18,40	79,9	1,73	9,85	0,			18,50	0,	2,27	9,24	0,				18,12	86,6	2,12	9,28	0,				13,58	92,8					
09-09-2022 08:02:42						19,18	101,1	2,21	9,55	0,			18,83	80,8	1,8	9,85	0,			18,63	0,	2,39	9,24	0,				18,56	87,4	2,15	9,28	0,				13,65	92,8					
09-09-2022 08:07:40						19,06	101,1	2,19	9,56	0,			19,21	83,	2,09	9,86	0,			18,94	0,	2,04	9,24	0,				18,62	87,8	2,03	9,29	0,				13,77	92,9					
09-09-2022 08:12:42						19,06	101,1	2,1	9,54	0,			19,02	82,5	2,44	9,86	0,			19,13	0,	2,09	9,25	0,				18,81	87,1	2,15	9,29	0,				13,77	92,9					
09-09-2022 08:17:42						18,93	101,1	2,21	9,54	0,			18,90	81,8	2,45	9,86	0,			19,00	0,	2,23	9,25	0,				18,87	87,	2,12	9,28	0,				13,77	92,9					
09-09-2022 08:22:42						19,00	101,1	2,17	9,56	0,			18,90	82,1	2,47	9,87	0,			18,88	0,	2,14	9,25	0,				18,93	87,4	2,15	9,28	0,				13,83	92,9					
09-09-2022 08:27:42						18,81	101,1	2,14	9,58	0,			18,77	82,4	2,39	9,86	0,			18,63	0,	2,37	9,25	0,				19,00	87,9	2,19	9,29	0,				13,83	93,					
09-09-2022 08:32:41						18,81	101,1	2,2	9,57	0,			18,83	82,5	2,41	9,86	0,			18,50	0,	2,09	9,24	0,				19,37	88,6	2,21	9,29	0,				13,77	93,1					
09-09-2022 08:37:41						18,87	101,1	2,28	9,54	0,			18,65	82,2	2,12	9,87	0,			18,31	0,	2,22	9,24	0,				19,87	87,5	2,19	9,29	0,				13,83	93,1					
09-09-2022 08:42:41						18,68	101,1	2,15	9,57	0,			18,65	82,2	2,2	9,86	0,			18,31	0,	2,37	9,23	0,				19,37	88,1	2,25	9,29	0,				13,83	93,1					
09-09-2022 08:47:42						18,56	101,1	2,2	9,56	0,			18,58	81,8	2,09	9,85	0,			18,31	0,	2,36	9,24	0,				19,12	88,2	2,28	9,28	0,				13,77	93,1					
09-09-2022 08:52:40						18,56	101,1	2,28	9,55	0,			18,52	81,5	2,02	9,85	0,			18,25	0,	2,21	9,24	0,				18,68	87,8	2,21	9,28	0,				13,77	93,2					
09-09-2022 08:57:42						18,56	101,1	2,21	9,54	0,			18,40	81,6	1,65	9,87	0,			18,19	0,	2,3	9,25	0,				18,75	89,	2,1	9,28	0,				13,77	93,1					
09-09-2022 09:02:40						18,25	101,1	2,04	9,55	0,			18,27	81,8	1,54	9,86	0,			18,13	0,	2,32	9,24	0,				18,81	88,6	2,15	9,28	0,				13,83	93,1					
09-09-2022 09:07:41						18,18	101,1	2,12	9,55	0,			18,15	81,	1,43	9,86	0,			18,13	0,	2,3	9,24	0,				18,87	88,7	2,12	9,28	0,				13,83	93,2					
09-09-2022 09:12:41						17,93	101,1	2,29	9,55	0,			18,33	82,2	1,49	9,86	0,			18,06	0,	2,41	9,24	0,				18,75	88,7	2,14	9,28	0,				13,83	93,1					
09-09-2022 09:17:41						17,93	101,1	2,07	9,55	0,			18,40	81,4	1,38	9,86	0,			18,06	0,	2,42	9,24	0,				18,50	88,8	1,99	9,28	0,				13,83	93,1					
09-09-2022 09:22:41						18,00	101,1	2,17	9,55	0,			18,27	81,2	1,55	9,86	0,			18,00	0,	2,3	9,24	0,				18,68	89,1	2,18	9,28	0,				13,96	93,					
09-09-2022 09:27:41						18,12	101,1	2,19	9,54	0,			18,33	81,7	1,38	9,85	0,			18,06	0,	2,28	9,24	0,				18,68	89,	2,01	9,29	0,				14,02	93,					
09-09-2022 09:32:42						18,12	101,1	2,03	9,55	0,			18,33	81,8	1,48	9,86	0,			18,13	0,	2,32	9,23	0,				18,31	88,6	2,32	9,29	0,				14,02	92,9					
09-09-2022 09:37:40						18,06	101,1	2,3	9,54	0,			18,27	81,8	1,51	9,85	0,			18,13	0,	2,14	9,24	0,				18,37	89,	2,15	9,29	0,				14,02	92,8					
09-09-2022 09:42:42						18,06	101,1	2,25	9,57	0,			18,27	81,5	1,67	9,85	0,			18,13	0,	2,14	9,24	0,				18,31	89,	2,18	9,28	0,				14,15	92,8					
09-09-2022 09:47:40						18,43	101,1	2,12	9,54	0,			18,40	81,9	1,67	9,86	0,			18,19	0,	2,23	9,24	0,				18,62	89,	2,37	9,28	0,				14,15	92,8					
09-09-2022 09:52:42						18,43	101,1	2,22	9,52	0,			18,27	81,8	1,68	9,86	0,			18,19	0,	2,29	9,24	0,				18,68	88,8	2,4	9,27	0,				14,08	92,8					
09-09-2022 09:57:43						18,50	101,1	2,1	9,53	0,			18,27	81,5	1,78	9,85	0,			18,25	0,	1,97	9,24	0,				18,56	88,3	2,28	9,28	0,				14,15	92,8					
09-09-2022 10:02:40						18,37	101,1	2,13	9,54	0,			18,40	82,2	1,82	9,86	0,			18,31	0,	2,	9,24	0,				18,75	88,8	2,1	9,28	0,				14,27	92,8					
09-09-2022 10:07:41						18,68	101,1	1,91	9,55	0,			18,21	81,2	1,89	9,86	0,			18,38	0,	2,21	9,24	0,				18,75	88,4	2,24	9,29	0,				14,33	92,5					
09-09-2022 10:12:41						18,75	101,1	2,12	9,55	0,			18,21	81,7	1,76	9,86	0,			18,31	0,	2,19	9,23	0,				19,00	88,6	2,07	9,28	0,				14,33	92,5					
09-09-2022 10:17:42						18,81	101,1	2,24	9,53	0,			18,33	82,2	1,81	9,86	0,			18,50	0,	2,28	9,23	0,				19,00	88,3	2,23	9,28	0,				14,40	92,5					
09-09-2022 10:22:40						18,93	101,1	1,97	9,55	0,			18,40	81,4	1,67	9,85	0,			18,50	0,	2,33	9,24	0,				18,87	88,4	2,16	9,29	0,				14,46	92,4					
09-09-2022 10:27:41						18,81	101,1	2,17	9,54	0,			18,40	81,8	1,95	9,86	0,			18,44	0,	2,23	9,24	0,				18,93	88,6	2,01	9,28	0,				14,46	92,3					
09-09-2022 10:32:41						19,18	101,1	2,32	9,53	0,			19,08	83,8	2,18	9,85	0,			18,81	0,	2,43	9,24	0,				19,56	89,6	2,27	9,29	0,				14,58	92,3					
09-09-2022 10:37:42						19,68	101,1	2,02	9,54	0,			19,33	81,6	2,42	9,85	0,			19,56	0,	2,29	9,25	0,				20,00	90,3	2,15	9,3	0,				14,77	92,1					
09-09-2022 10:42:42						19,56	101,1	2,05	9,56	0,			19,40	82,9	2,35	9,86	0,			19,69	0,	2,26	9,25	0,				19,87	89,	2,28	9,3	0,				14,77	91,9					
09-09-2022 10:47:41						19,37	101,1	1,95	9,55	0,			19,02	81,8	2,56	9,86	0,			19,38	0,	2,12	9,25	0,				19,50	88,6	2,11	9,28	0,				14,58	91,8					
09-09-2022 10:52:42						19,43	101,1	2,16	9,57	0,			18,83	81,6	2,46	9,86	0,			19,25	0,	2,26	9,24	0,				19,81	89,	2,12	9,29	0,				14,71	91,8					
09-09-2022 10:57:41						19,50	101,1	2,19	9,54	0,			18,77	81,9	2,58	9,87	0,			19,13	0,	2,31	9,25	0,				19,50	89,4	2,21	9,3	0,				14,65	91,9					
09-09-2022 11:02:43						19,43	101,1	2,2	9,54	0,			18,71	81,8	2,54	9,86	0,			19,13	0,	2,39	9,25	0,				19,75	89,4	2,25	9,28	0,				14,71	92,					
09-09-2022 11:07:41						19,43	101,1	2,14	9,54	0,			18,71	81,8	2,38	9,86	0,			19,13	0,	2,1	9,25	0,				19,68	88,7	2,16	9,28	0,				14,90	92,					
09-09-2022 11:12:42						19,31	101,1	2,13	9,56	0,			18,77	82,4	2,17	9,86	0,			19,00	0,	2,29	9,24	0,				19,93	89,4	2,18	9,29	0,				15,02	91,6					
09-09-2022 11:17:41						19,18	101,1	2,11	9,54	0,			18,90	82,7	2,42	9,86	0,			19,06	0,	2,27	9,23	0,				19,93	89,6	2,13	9,29	0,				15,21	91,6					
09-09-2022 11:22:41						19,50	101,1	1,99	9,54	0,			19,02	82,3	2,34	9,86	0,			18,94	0,	2,37	9,25	0,				20,12	89,3	2,	9,3	0,				15,21	91,2					
09-09-2022 11:27:41						19,37	101,1	2,17	9,56	0,			19,15	82,6	2,42	9,85	0,			19,00	0,	2,12	9,23	0,				19,75	88,7	2,3	9,29	0,				15,27	90,9					
09-09-2022 11:32:41						19,18	101,1	1,79	9,55	0,			19,40	82,6	2,46	9,86	0,			19,06	0,	2,2	9,24	0,				20,06	89,8	2,01	9,28	0,				15,40	90,8					
09-09-2022 11:37:41						19,25	101,1	1,92	9,54	0,			19,33	82,1	2,36	9,86	0,			19,06	0,	2,32	9,24	0,				19,87	89,	2,21	9,3	0,				15,27	90,4					
09-09-2022 11:42:40						19,31	101,1	2,22	9,55	0,			19,27	82,	2,46	9,86	0,			19,19	0,	2,04	9,24	0,				19,50	89,	2,22	9,28	0,				15,27	90,4					
09-09-2022 11:47:41						19,31	101,1	2,13	9,55	0,			19,02	81,9	2,27	9,86	0,			19,13	0,	2,31	9,23	0,				19,62	89,	2,16	9,29	0,				15,27	90,3					
09-09-2022 11:52:40						19,31	101,1	2,08	9,56	0,			19,02	82,3	2,05	9,86	0,			19,13	0,	2,24	9,24	0,				19,87	89,4	2,23	9,3	0,				15,15	90,					
09-09-2022 11:57:42						19,06	101,1	1,98	9,55	0,			18,96	82,2	2,02	9,86	0,			19,13	0,	2,23	9,24	0,				19,81	89,	2,27	9,29	0,				15,21	90,1					
09-09-2022 12:02:40						19,12	101,1	2,26	9,56	0,			18,77	82,2	1,9	9,85	0,			19,00	0,	2,36	9,25	0,				19,87	89,	2,19	9,28	0,				15,33	90,4					
09-09-2022 12:07:42						19,18	101,1	1,95	9,54	0,			18,90	82,2	1,92	9,86	0,			18,94	0,	2,24	9,23	0,				19,68	88,6	2,3	9,29	0,				15,40	90,1					
09-09-2022 12:12:41						19,18	101,1	2,25	9,57	0,			18,83	82,4	1,96	9,86	0,			19,06	0,	2,25	9,24	0,				19,75	88,6	2,27	9,3	0,				15,08	90,					
09-09-2022 12:17:40						19,25	101,1	2,12	9,56	0,			18,83	82,2	1,92	9,85	0,			19,06	0,	2,21	9,24	0,				19,68	88,1	2,09	9,29	0,				15,27	90,					
09-09-2022 12:22:42						19,25	101,1	2,13	9,55	0,			18,83	82,2	1,81	9,85	0,			19,06	0,	2,23	9,24	0,				19,68	88,6	2,1	9,28	0,				15,27	90,					
09-09-2022 12:27:41						19,25	101,1	2,11	9,55	0,			18,90	82,5	1,95	9,86	0,			19,13	0,	2,18	9,24	0,				19,93	89,	2,08	9,29	0,				15,08	90,1					
09-09-2022 12:32:42						19,37	101,1	2,18	9,56	0,			19,15	82,6	2,14	9,86	0,			19,13	0,	2,15	9,23	0,				19,75	88,7	2,07	9,29	0,				15,08	90,4					
09-09-2022 12:37:41						19,37	101,1	2,11	9,56	0,			19,15	82,3	2,32	9,85	0,			19,13	0,	2,2	9,25	0,				20,31	89,4	2,2	9,28	0,				15,15	90,5					
09-09-2022 12:42:42						19,50	101,1	2,02	9,54	0,			19,08	82,2	2,29	9,86	0,			19,25	0,	2,02	9,25	0,				20,31	89,2	2,1	9,29	0,				15,33	90,8					
09-09-2022 12:47:41						19,62	101,1	1,92	9,55	0,			19,21	82,6	2,43	9,86	0,			19,38	0,	2,23	9,25	0,				20,25	89,8	2,06	9,28	0,				15,58	90,8					
09-09-2022 12:52:42						19,75	101,1	2,18	9,57	0,			19,33	81,8	2,53	9,86	0,			19,38	0,	2,33	9,24	0,				20,00	89,5	2,08	9,3	0,				15,71	90,4					
09-09-2022 12:57:42						19,87	101,1	1,96	9,55	0,			19,33	82,8	2,43	9,87	0,			19,56	0,	2,09	9,23	0,				20,25	90,6	2,13	9,3	0,				16,21	90,					
09-09-2022 13:02:41						20,18	101,1	1,96	9,54	0,			19,58	83,2	2,26	9,85	0,			19,69	0,	2,33	9,23	0,				20,31	90,6	2,19	9,29	0,				16,27	88,8					
09-09-2022 13:07:41						20,25	101,1	2,66	9,57	0,			19,83	84,5	2,15	9,86	0,			20,06	0,	2,01	9,24	0,				20,18	90,2	2,05	9,29	0,				16,33	88,					
09-09-2022 13:12:41						19,87	101,1	2,14	9,55	0,			20,02	84,7	2,35	9,86	0,			20,25	0,	1,93	9,24	0,				20,31	90,6	2,15	9,29	0,				16,58	87,2					
09-09-2022 13:17:42						20,18	101,1	2,15	9,57	0,			20,15	85,4	2,27	9,86	0,			20,44	0,	2,2	9,24	0,				20,25	90,2	2,35	9,3	0,				16,40	86,4					
09-09-2022 13:22:40						19,75	101,1	2,18	9,55	0,			19,90	84,	2,18	9,85	0,			20,56	0,	2,44	9,24	0,				20,12	91,	2,17	9,28	0,				16,52	86,1					
09-09-2022 13:27:42						19,68	101,1	2,13	9,56	0,			19,52	83,9	2,5	9,86	0,			20,19	0,	2,2	9,25	0,				20,06	90,2	2,19	9,29	0,				16,46	85,7					
09-09-2022 13:32:41						19,75	101,1	2,18	9,57	0,			19,46	83,4	2,28	9,86	0,			20,06	0,	2,09	9,24	0,				20,37	90,2	2,06	9,28	0,				16,65	85,4					
09-09-2022 13:37:42						19,68	101,1	2,2	9,56	0,			19,71	85,	2,25	9,86	0,			19,94	0,	2,21	9,25	0,				20,25	90,2	2,41	9,28	0,				16,71	85,6					
09-09-2022 13:42:42						19,62	101,1	2,04	9,55	0,			19,52	84,2	2,37	9,86	0,			19,94	0,	2,05	9,25	0,				20,25	90,5	2,36	9,29	0,				16,77	86,					
09-09-2022 13:47:41						19,68	101,1	2,02	9,58	0,			19,40	84,1	2,55	9,85	0,			19,75	0,	2,38	9,26	0,				20,12	90,5	2,13	9,3	0,				16,71	85,9					
09-09-2022 13:52:42						19,50	101,1	2,13	9,56	0,			19,15	83,8	2,46	9,86	0,			19,75	0,	2,04	9,24	0,				20,18	89,8	2,26	9,29	0,				17,08	86,3					
09-09-2022 13:57:40						19,87	101,1	2,15	9,56	0,			19,40	84,6	2,69	9,87	0,			19,88	0,	2,31	9,24	0,				20,43	90,6	2,25	9,29	0,				17,08	86,					
09-09-2022 14:02:41						20,06	101,1	2,43	9,56	0,			19,46	84,3	2,52	9,86	0,			20,13	0,	2,27	9,25	0,				20,56	90,3	2,27	9,29	0,				17,27	85,5					
09-09-2022 14:07:41						19,93	101,1	1,96	9,56	0,			19,52	84,2	2,31	9,87	0,			20,19	0,	2,19	9,25	0,				20,56	90,5	2,06	9,29	0,				17,27	85,					
09-09-2022 14:12:42						19,93	101,1	2,24	9,56	0,			19,65	84,2	2,33	9,87	0,			20,06	0,	2,26	9,26	0,				20,62	90,6	2,32	9,29	0,				17,46	85,1					
09-09-2022 14:17:41						20,00	101,1	2,22	9,58	0,			19,77	84,6	2,3	9,86	0,			20,19	0,	2,18	9,26	0,				20,87	90,8	2,21	9,3	0,				17,15	83,6					
09-09-2022 14:22:42						20,06	101,1	2,05	9,56	0,			19,58	83,3	2,3	9,86	0,			20,13	0,	2,26	9,24	0,				20,62	89,5	2,27	9,3	0,				17,27	84,4					
09-09-2022 14:27:42						20,00	101,1	2,22	9,57	0,			19,77	83,8	2,41	9,86	0,			20,06	0,	2,35	9,25	0,				20,68	90,5	2,11	9,3	0,				17,58	84,4					
09-09-2022 14:32:41						20,31	101,1	2,36	9,55	0,			19,77	83,8	2,45	9,87	0,			20,13	0,	2,19	9,24	0,				20,75	90,3	2,13	9,28	0,				17,33	83,5					
09-09-2022 14:37:42						20,25	101,1	2,11	9,57	0,			19,83	84,	2,19	9,86	0,			20,19	0,	2,31	9,25	0,				20,50	90,2	2,21	9,29	0,				17,40	84,5					
09-09-2022 14:42:41						20,31	101,1	2,2	9,59	0,			19,77	83,6	2,5	9,86	0,			20,13	0,	2,19	9,25	0,				20,75	90,6	2,21	9,28	0,				17,40	85,					
09-09-2022 14:47:42						20,31	101,1	2,13	9,55	0,			19,83	83,5	2,49	9,85	0,			20,13	0,	2,34	9,26	0,				20,75	89,9	2,23	9,3	0,				17,33	84,9					
09-09-2022 14:52:41						20,62	101,1	2,49	9,55	0,			19,83	83,8	2,31	9,87	0,			20,13	0,	2,21	9,25	0,				20,43	89,5	2,16	9,29	0,				17,21	84,8					
09-09-2022 14:57:42						20,43	101,1	1,99	9,57	0,			19,90	84,2	2,42	9,85	0,			20,56	0,	2,57	9,24	0,				20,87	90,6	2,3	9,28	0,				17,58	85,6					
09-09-2022 15:02:41						20,62	101,1	2,27	9,56	0,			19,90	84,2	2,49	9,86	0,			20,38	0,	2,33	9,26	0,				20,81	90,5	2,27	9,3	0,				17,58	85,5					
09-09-2022 15:07:43						20,75	101,1	2,48	9,55	0,			19,96	84,2	2,5	9,87	0,			20,38	0,	2,23	9,25	0,				20,75	89,8	2,39	9,29	0,				17,15	85,6					
09-09-2022 15:12:41						20,50	101,1	2,17	9,58	0,			19,90	84,1	2,33	9,86	0,			20,44	0,	2,54	9,25	0,				20,68	90,3	2,19	9,3	0,				17,08	86,5					
09-09-2022 15:17:41						20,68	101,1	2,22	9,58	0,			20,08	84,3	2,58	9,86	0,			20,69	0,	2,29	9,25	0,				21,00	91,3	2,19	9,28	0,				17,40	86,5					
09-09-2022 15:22:42						21,31	101,1	2,59	9,56	0,			20,46	85,	2,36	9,87	0,			20,69	0,	2,17	9,25	0,				20,87	90,2	2,36	9,28	0,				17,83	86,					
09-09-2022 15:27:42						21,18	101,1	2,74	9,58	0,			20,65	84,5	2,62	9,86	0,			21,00	0,	2,7	9,25	0,				21,50	92,2	2,22	9,3	0,				17,96	85,2					
09-09-2022 15:32:43						21,00	101,1	2,52	9,58	0,			20,52	84,6	2,35	9,87	0,			21,25	0,	2,39	9,25	0,				21,75	91,3	2,5	9,28	0,				18,27	84,4					
09-09-2022 15:37:41						21,00	101,1	2,68	9,57	0,			20,52	84,2	2,21	9,87	0,			21,13	0,	2,22	9,25	0,				22,06	90,5	2,52	9,3	0,				18,27	82,8					
09-09-2022 15:42:42						21,12	101,1	2,45	9,56	0,			20,46	84,6	2,49	9,87	0,			21,06	0,	2,41	9,26	0,				22,37	90,2	2,57	9,3	0,				18,52	81,9					
09-09-2022 15:47:41						21,43	101,1	2,57	9,55	0,			20,83	85,8	2,45	9,87	0,			21,50	0,	2,78	9,26	0,				22,56	90,	2,47	9,3	0,				19,02	80,8					
09-09-2022 15:52:42						21,62	101,1	2,49	9,56	0,			20,96	85,4	2,38	9,87	0,			21,81	0,	2,66	9,25	0,				22,81	89,8	2,66	9,31	0,				18,90	79,6					
09-09-2022 15:57:41						21,68	101,1	2,48	9,57	0,			20,90	85,2	2,21	9,86	0,			22,00	0,	2,77	9,26	0,				22,56	89,	2,61	9,29	0,				19,27	81,					
09-09-2022 16:02:41						21,75	101,1	2,67	9,55	0,			20,90	85,	2,45	9,87	0,			22,13	0,	2,6	9,27	0,				22,81	89,3	2,61	9,29	0,				19,21	80,4					
09-09-2022 16:07:42						21,68	101,1	2,68	9,58	0,			21,15	84,9	2,59	9,86	0,			22,00	0,	2,8	9,26	0,				22,62	88,4	2,73	9,29	0,				19,08	80,8					
09-09-2022 16:12:40						21,87	101,1	2,39	9,57	0,			21,08	85,	2,25	9,87	0,			21,88	0,	2,6	9,26	0,				22,81	88,6	2,72	9,31	0,				19,40	80,8					
09-09-2022 16:17:41						21,93	101,1	2,62	9,58	0,			21,02	84,6	2,26	9,87	0,			22,00	0,	2,55	9,26	0,				22,75	87,8	2,63	9,32	0,				19,27	80,1					
09-09-2022 16:22:41						22,12	101,1	2,53	9,59	0,			21,08	85,1	2,39	9,86	0,			22,06	0,	2,74	9,25	0,				22,68	87,8	2,76	9,31	0,				19,65	80,8					
09-09-2022 16:27:41						22,12	101,1	2,56	9,55	0,			21,21	85,4	2,42	9,87	0,			22,25	0,	2,61	9,26	0,				22,87	87,4	2,65	9,31	0,				19,46	79,2					
09-09-2022 16:32:42						22,37	101,1	2,42	9,58	0,			21,21	84,9	2,47	9,87	0,			22,19	0,	2,63	9,25	0,				22,93	87,6	2,63	9,3	0,				19,58	80,1					
09-09-2022 16:37:42						22,25	101,1	2,6	9,56	0,			21,15	84,4	2,33	9,87	0,			22,19	0,	2,6	9,25	0,				22,68	87,4	2,64	9,31	0,				19,40	79,6					
09-09-2022 16:42:41						22,18	101,1	2,48	9,55	0,			21,27	85,1	2,24	9,87	0,			22,06	0,	2,57	9,26	0,				22,75	87,3	2,59	9,31	0,				19,58	80,					
09-09-2022 16:47:40						22,37	101,1	2,4	9,57	0,			21,15	84,2	2,23	9,87	0,			22,25	0,	2,72	9,25	0,				22,81	87,8	2,54	9,3	0,				19,65	79,2					
09-09-2022 16:52:43						22,43	101,1	2,69	9,56	0,			21,21	83,9	2,42	9,86	0,			22,25	0,	2,69	9,26	0,				22,81	87,2	2,58	9,31	0,				19,21	79,5					
09-09-2022 16:57:40						22,50	101,1	2,59	9,58	0,			21,15	84,2	2,39	9,87	0,			22,06	0,	2,64	9,26	0,				23,12	88,	2,6	9,3	0,				19,65	79,6					
09-09-2022 17:02:41						22,43	101,1	2,64	9,57	0,			21,15	83,5	2,38	9,87	0,			22,06	0,	2,74	9,26	0,				23,06	87,8	2,8	9,32	0,				19,27	79,2					
09-09-2022 17:07:41						22,43	101,1	2,43	9,57	0,			21,21	83,4	2,49	9,87	0,			22,00	0,	2,71	9,26	0,				22,56	87,1	2,49	9,32	0,				18,77	80,					
09-09-2022 17:12:42						22,43	101,1	2,53	9,56	0,			21,40	83,5	2,24	9,88	0,			21,88	0,	2,74	9,26	0,				22,62	87,4	2,56	9,3	0,				18,90	81,7					
09-09-2022 17:17:42						22,25	101,1	2,51	9,57	0,			21,21	82,2	2,36	9,87	0,			21,94	0,	2,69	9,26	0,				22,50	87,	2,56	9,31	0,				19,27	81,6					
09-09-2022 17:22:42						22,25	101,1	2,5	9,58	0,			21,65	83,8	2,27	9,86	0,			22,00	0,	2,59	9,25	0,				22,75	88,2	2,49	9,31	0,				19,77	79,2					
09-09-2022 17:27:42						22,56	101,1	2,5	9,55	0,			21,33	82,6	2,25	9,88	0,			22,13	0,	2,57	9,26	0,				23,00	87,4	2,48	9,3	0,				19,83	78,					
09-09-2022 17:32:41						22,68	101,1	2,47	9,57	0,			21,58	83,3	2,29	9,86	0,			22,13	0,	2,7	9,25	0,				22,81	87,	2,65	9,29	0,				19,77	78,4					
09-09-2022 17:37:42						22,50	101,1	2,56	9,56	0,			21,40	82,6	2,36	9,87	0,			22,19	0,	2,66	9,26	0,				22,93	87,4	2,62	9,31	0,				19,77	79,2					
09-09-2022 17:42:41						22,56	101,1	2,55	9,57	0,			21,65	82,4	2,57	9,87	0,			22,31	0,	2,68	9,25	0,				22,75	87,	2,69	9,3	0,				19,40	77,7					
09-09-2022 17:47:42						22,37	101,1	2,52	9,57	0,			21,46	81,6	2,57	9,87	0,			22,25	0,	2,65	9,25	0,				22,68	86,6	2,47	9,32	0,				19,08	78,					
09-09-2022 17:52:41						22,25	101,1	2,65	9,58	0,			21,83	81,5	2,39	9,88	0,			22,19	0,	2,68	9,25	0,				22,75	86,6	2,4	9,31	0,				18,83	78,8					
09-09-2022 17:57:43						22,18	101,1	2,58	9,59	0,			21,77	81,	2,27	9,86	0,			22,06	0,	2,77	9,25	0,				22,50	86,3	2,74	9,3	0,				18,65	80,					
09-09-2022 18:02:41						21,93	101,1	2,52	9,57	0,			21,46	80,6	2,23	9,87	0,			21,88	0,	2,8	9,26	0,				22,25	86,6	2,64	9,29	0,				18,40	80,9					
09-09-2022 18:07:42						22,06	101,1	2,48	9,56	0,			21,52	80,8	2,22	9,87	0,			21,75	0,	2,76	9,26	0,				22,00	86,6	2,36	9,31	0,				18,21	81,6					
09-09-2022 18:12:41						21,87	101,1	2,5	9,56	0,			21,46	80,3	2,57	9,87	0,			21,63	0,	2,77	9,25	0,				21,87	86,6	2,65	9,29	0,				18,21	82,8					
09-09-2022 18:17:40						21,81	101,1	2,56	9,55	0,			21,58	80,2	2,35	9,87	0,			21,56	0,	2,72	9,26	0,				21,93	87,	2,47	9,29	0,				18,08	83,2					
09-09-2022 18:22:42						21,87	101,1	2,56	9,57	0,			21,46	80,2	2,39	9,87	0,			21,63	0,	2,65	9,25	0,				21,87	87,	2,56	9,29	0,				18,02	84,3					
09-09-2022 18:27:40						21,93	101,1	2,38	9,57	0,			21,90	81,6	2,25	9,87	0,			21,63	0,	2,6	9,25	0,				22,25	87,8	2,41	9,3	0,				17,90	85,4					
09-09-2022 18:32:42						21,75	101,1	2,55	9,57	0,			21,83	82,2	2,23	9,87	0,			21,56	0,	2,63	9,26	0,				22,25	87,4	2,47	9,29	0,				17,71	86,6					
09-09-2022 18:37:42						21,43	101,1	2,52	9,58	0,			21,77	81,8	2,4	9,88	0,			21,50	0,	2,17	9,26	0,				21,93	87,5	2,44	9,3	0,				17,40	87,6					
09-09-2022 18:42:42						21,25	101,1	2,59	9,58	0,			21,58	81,3	2,12	9,86	0,			21,31	0,	2,3	9,25	0,				21,93	87,8	2,58	9,3	0,				17,33	88,7					
09-09-2022 18:47:41						21,12	101,1	2,56	9,55	0,			21,46	81,	2,35	9,87	0,			21,38	0,	2,69	9,26	0,				21,87	88,	2,56	9,31	0,				17,27	89,					
09-09-2022 18:52:41						20,87	101,1	1,97	9,56	0,			21,46	81,4	2,35	9,88	0,			21,19	0,	2,3	9,25	0,				22,18	88,6	2,6	9,29	0,				17,15	89,6					
09-09-2022 18:57:42						20,81	101,1	2,26	9,56	0,			21,15	79,5	2,46	9,87	0,			20,69	0,	2,16	9,26	0,				21,68	87,	2,53	9,3	0,				16,08	87,3					
09-09-2022 19:02:40						20,37	101,1	2,31	9,54	0,			20,83	79,4	2,58	9,87	0,			20,25	0,	2,25	9,26	0,				21,06	85,4	2,19	9,29	0,				16,08	87,6					
09-09-2022 19:07:42						20,06	101,1	2,14	9,58	0,			20,46	78,7	2,38	9,87	0,			19,94	0,	2,22	9,25	0,				20,87	87,5	2,27	9,31	0,				16,02	88,4					
09-09-2022 19:12:40						19,93	101,1	2,23	9,56	0,			20,27	79,2	2,4	9,87	0,			19,81	0,	2,34	9,26	0,				20,62	88,4	2,23	9,28	0,				15,96	88,6					
09-09-2022 19:17:42						19,81	101,1	2,05	9,55	0,			20,33	79,4	2,4	9,87	0,			19,69	0,	2,26	9,25	0,				20,25	88,7	2,13	9,29	0,				15,90	89,6					
09-09-2022 19:22:41						19,62	101,1	2,17	9,56	0,			20,27	80,8	2,31	9,86	0,			19,63	0,	2,32	9,26	0,				19,93	88,7	2,22	9,3	0,				15,90	89,9					
09-09-2022 19:27:42						19,62	101,1	2,22	9,55	0,			20,40	80,4	2,36	9,87	0,			19,44	0,	2,31	9,26	0,				20,06	89,5	2,15	9,29	0,				15,90	90,4					
09-09-2022 19:32:41						19,62	101,1	2,22	9,56	0,			20,27	79,9	2,46	9,86	0,			19,38	0,	2,19	9,25	0,				19,68	89,	2,29	9,28	0,				15,90	90,4					
09-09-2022 19:37:41						19,68	101,1	2,19	9,54	0,			20,15	80,2	2,48	9,86	0,			19,25	0,	2,29	9,25	0,				19,75	89,	2,13	9,29	0,				15,83	90,7					
09-09-2022 19:42:41						19,68	101,1	2,05	9,56	0,			20,08	79,8	2,39	9,86	0,			19,19	0,	2,29	9,24	0,				19,68	89,4	2,09	9,29	0,				15,77	90,7					
09-09-2022 19:47:40						19,62	101,1	2,29	9,56	0,			19,90	79,8	2,38	9,86	0,			19,19	0,	2,1	9,24	0,				19,68	89,8	2,13	9,29	0,				16,08	91,2					
09-09-2022 19:52:43						19,62	101,1	2,23	9,57	0,			20,02	80,1	2,38	9,86	0,			19,31	0,	2,21	9,24	0,				19,68	89,8	2,06	9,3	0,				16,02	91,2					
09-09-2022 19:57:41						19,62	101,1	2,21	9,55	0,			20,15	80,6	2,41	9,87	0,			19,44	0,	2,31	9,24	0,				19,68	89,4	2,09	9,3	0,				16,15	91,3					
09-09-2022 20:02:42						19,62	101,1	2,16	9,57	0,			20,21	80,2	2,27	9,85	0,			19,50	0,	2,13	9,25	0,				19,93	90,	2,18	9,3	0,				15,96	91,5					
09-09-2022 20:07:40						19,81	101,1	2,11	9,57	0,			20,15	79,8	2,49	9,86	0,			19,56	0,	2,05	9,26	0,				19,81	89,4	2,11	9,28	0,				16,02	91,6					
09-09-2022 20:12:41						19,75	101,1	1,88	9,58	0,			20,15	80,4	2,42	9,85	0,			19,63	0,	2,2	9,25	0,				19,81	89,7	2,02	9,3	0,				15,90	91,6					
09-09-2022 20:17:40						19,81	101,1	2,27	9,56	0,			20,27	80,6	2,41	9,88	0,			19,63	0,	2,16	9,25	0,				19,81	90,2	2,14	9,28	0,				16,02	91,7					
09-09-2022 20:22:41						19,81	101,1	2,22	9,56	0,			20,33	80,4	2,51	9,87	0,			19,69	0,	2,35	9,24	0,				19,81	89,4	2,06	9,3	0,				15,90	91,8					
09-09-2022 20:27:42						20,00	101,1	2,25	9,56	0,			20,15	80,1	2,44	9,87	0,			19,50	0,	2,29	9,24	0,				20,00	89,4	2,27	9,3	0,				15,90	91,9					
09-09-2022 20:32:41						19,93	101,1	2,13	9,56	0,			20,15	80,1	2,56	9,86	0,			19,63	0,	2,21	9,24	0,				19,93	89,4	2,03	9,29	0,				15,90	92,1					
09-09-2022 20:37:42						19,87	101,1	2,41	9,57	0,			20,21	80,4	2,34	9,86	0,			19,56	0,	2,22	9,24	0,				20,00	89,6	2,18	9,28	0,				15,83	92,1					
09-09-2022 20:42:41						20,06	101,1	2,26	9,56	0,			20,08	80,2	2,35	9,86	0,			19,69	0,	2,42	9,25	0,				20,37	89,8	2,28	9,3	0,				15,77	92,2					
09-09-2022 20:47:42						20,18	101,1	2,29	9,56	0,			20,08	80,2	2,34	9,86	0,			19,75	0,	2,11	9,25	0,				20,31	89,	2,3	9,3	0,				15,65	92,					
09-09-2022 20:52:41						20,18	101,1	2,02	9,55	0,			20,08	80,4	2,34	9,86	0,			19,81	0,	2,34	9,25	0,				20,12	89,	2,2	9,3	0,				15,71	92,3					
09-09-2022 20:57:42						19,81	101,1	2,23	9,56	0,			20,02	80,2	2,52	9,86	0,			19,81	0,	2,02	9,25	0,				20,37	88,6	2,23	9,28	0,				15,71	92,4					
09-09-2022 21:02:41						19,87	101,1	2,28	9,56	0,			20,08	80,2	2,32	9,86	0,			19,75	0,	2,1	9,25	0,				20,25	88,2	2,25	9,29	0,				15,71	92,4					
09-09-2022 21:07:41						19,93	101,1	1,92	9,55	0,			20,15	80,6	2,3	9,86	0,			19,75	0,	2,18	9,25	0,				20,31	88,2	2,34	9,31	0,				15,58	92,4					
09-09-2022 21:12:41						20,00	101,1	2,29	9,57	0,			20,02	79,8	2,38	9,87	0,			19,81	0,	2,11	9,25	0,				20,25	87,3	2,27	9,28	0,				15,46	92,4					
09-09-2022 21:17:41						19,81	101,1	2,08	9,57	0,			19,90	80,1	2,49	9,87	0,			19,69	0,	2,25	9,25	0,				20,12	87,4	2,36	9,3	0,				15,40	92,4					
09-09-2022 21:22:41						19,87	101,1	2,17	9,55	0,			19,83	80,2	2,37	9,86	0,			19,63	0,	2,15	9,25	0,				20,06	87,3	2,25	9,3	0,				15,15	92,4					
09-09-2022 21:27:41						19,87	101,1	2,23	9,55	0,			19,77	80,1	2,49	9,86	0,			19,56	0,	2,13	9,25	0,				20,06	87,4	2,28	9,29	0,				15,15	92,7					
09-09-2022 21:32:42						19,93	101,1	2,05	9,57	0,			19,71	79,8	2,35	9,87	0,			19,50	0,	2,28	9,26	0,				20,06	87,5	2,06	9,28	0,				14,90	92,5					
09-09-2022 21:37:41						19,87	101,1	2,04	9,53	0,			19,46	79,4	2,36	9,86	0,			19,56	0,	2,2	9,25	0,				19,87	87,	2,32	9,28	0,				14,83	92,7					
09-09-2022 21:42:41						19,68	101,1	1,99	9,56	0,			19,46	79,8	2,39	9,86	0,			19,56	0,	2,17	9,25	0,				19,93	87,5	2,06	9,3	0,				15,08	92,9					
09-09-2022 21:47:40						19,56	101,1	2,16	9,56	0,			19,58	80,7	2,41	9,86	0,			19,50	0,	2,21	9,25	0,				19,93	87,8	2,32	9,29	0,				15,08	92,9					
09-09-2022 21:52:41						19,62	101,1	2,08	9,58	0,			19,46	80,	2,39	9,87	0,			19,44	0,	2,19	9,23	0,				20,06	87,4	2,24	9,3	0,				14,71	92,5					
09-09-2022 21:57:42						19,68	101,1	2,2	9,55	0,			19,46	80,1	2,35	9,86	0,			19,31	0,	2,35	9,24	0,				19,93	87,4	2,21	9,3	0,				14,71	92,9					
09-09-2022 22:02:42						19,81	101,1	2,14	9,57	0,			19,40	80,2	2,44	9,86	0,			19,38	0,	2,32	9,25	0,				19,87	87,2	2,23	9,28	0,				14,83	93,1					
09-09-2022 22:07:42						19,62	101,1	2,08	9,56	0,			19,52	80,2	2,46	9,87	0,			19,38	0,	2,33	9,26	0,				19,75	87,8	2,37	9,29	0,				14,83	93,2					
09-09-2022 22:12:40						19,75	101,1	2,66	9,57	0,			19,52	80,6	2,3	9,86	0,			19,31	0,	2,1	9,25	0,				19,81	87,1	2,14	9,29	0,				14,83	93,2					
09-09-2022 22:17:42						19,62	101,1	2,12	9,55	0,			19,52	80,6	2,43	9,86	0,			19,25	0,	2,33	9,24	0,				19,62	86,2	2,02	9,28	0,				14,58	92,9					
09-09-2022 22:22:41						19,56	101,1	2,24	9,56	0,			19,33	79,8	2,2	9,87	0,			19,19	0,	2,22	9,25	0,				19,62	87,1	2,11	9,29	0,				14,46	93,					
09-09-2022 22:27:42						19,62	101,1	2,22	9,54	0,			19,21	79,8	2,39	9,86	0,			19,13	0,	2,28	9,25	0,				19,37	86,9	2,24	9,28	0,				14,21	92,8					
09-09-2022 22:32:40						19,62	101,1	2,19	9,55	0,			19,27	80,2	2,53	9,87	0,			19,13	0,	2,09	9,25	0,				19,43	87,2	2,35	9,29	0,				14,08	93,2					
09-09-2022 22:37:43						19,37	101,1	1,96	9,55	0,			19,02	79,4	2,29	9,87	0,			19,00	0,	2,25	9,24	0,				19,43	87,	2,27	9,3	0,				14,08	93,2					
09-09-2022 22:42:42						19,31	101,1	2,12	9,57	0,			18,90	80,2	2,53	9,86	0,			18,81	0,	2,2	9,25	0,				19,43	86,3	2,26	9,28	0,				13,96	93,2					
09-09-2022 22:47:41						19,43	101,1	2,15	9,56	0,			19,02	80,6	2,39	9,85	0,			18,88	0,	2,05	9,24	0,				19,25	86,4	2,31	9,29	0,				13,83	93,2					
09-09-2022 22:52:41						19,18	101,1	1,99	9,58	0,			18,90	79,4	2,36	9,86	0,			18,81	0,	2,42	9,24	0,				19,00	86,6	2,24	9,29	0,				13,90	93,5					
09-09-2022 22:57:42						19,25	101,1	2,2	9,55	0,			18,96	80,2	2,46	9,87	0,			18,81	0,	2,08	9,25	0,				19,12	87,	2,18	9,29	0,				14,21	93,6					
09-09-2022 23:02:41						19,00	101,1	2,02	9,57	0,			18,83	80,1	2,45	9,87	0,			18,69	0,	2,	9,25	0,				19,00	87,1	2,01	9,29	0,				14,40	93,6					
09-09-2022 23:07:40						19,18	101,1	2,11	9,54	0,			19,02	80,2	2,37	9,87	0,			18,69	0,	2,24	9,25	0,				19,37	87,7	2,12	9,27	0,				14,52	93,6					
09-09-2022 23:12:41						19,31	101,1	2,15	9,58	0,			19,02	80,5	2,57	9,86	0,			18,88	0,	2,27	9,24	0,				19,25	87,4	2,2	9,28	0,				14,46	93,5					
09-09-2022 23:17:41						19,31	101,1	2,14	9,56	0,			19,15	81,	2,23	9,86	0,			18,94	0,	2,07	9,24	0,				19,37	87,4	2,17	9,29	0,				14,46	93,3					
09-09-2022 23:22:41						19,18	101,1	2,07	9,55	0,			19,08	80,5	2,43	9,86	0,			19,00	0,	2,34	9,24	0,				19,18	86,5	2,21	9,28	0,				14,40	93,4					
09-09-2022 23:27:42						19,31	101,1	2,07	9,58	0,			19,08	80,6	2,27	9,86	0,			18,88	0,	2,2	9,24	0,				19,37	87,3	2,06	9,3	0,				14,27	93,5					
09-09-2022 23:32:40						19,31	101,1	2,06	9,53	0,			19,08	80,2	2,52	9,86	0,			18,81	0,	2,1	9,24	0,				19,43	87,	2,2	9,29	0,				14,40	93,7					
09-09-2022 23:37:42						19,25	101,1	2,03	9,55	0,			19,08	80,2	2,51	9,86	0,			18,75	0,	2,21	9,23	0,				19,25	86,6	2,19	9,3	0,				14,46	93,7					
09-09-2022 23:42:40						19,25	101,1	2,09	9,56	0,			19,08	80,2	2,29	9,86	0,			18,69	0,	2,05	9,24	0,				19,12	86,6	2,17	9,3	0,				14,65	94,					
09-09-2022 23:47:41						19,31	101,1	1,97	9,54	0,			19,02	80,2	2,35	9,86	0,			18,81	0,	2,25	9,24	0,				19,18	87,4	2,19	9,29	0,				14,65	93,9					
09-09-2022 23:52:40						19,37	101,1	2,08	9,54	0,			19,08	80,9	2,53	9,86	0,			18,88	0,	2,34	9,24	0,				19,18	87,4	2,17	9,27	0,				14,52	93,6					
09-09-2022 23:57:41						19,68	101,1	2,54	9,55	0,			18,96	80,3	2,4	9,86	0,			18,81	0,	2,2	9,24	0,				19,12	87,2	2,15	9,29	0,				14,40	93,8					
