Net no:						1	1	1	1	1			1	1	1	1	1			1	1	1	1	1				1	1	1	1	1				1	1					
Object no:						131	141	150	151	152			134	144	159	160	161			133	143	156	157	158				132	142	153	154	155				130	140					
Table no:						0	0	0	0	0			0	0	0	0	0			0	0	0	0	0				0	0	0	0	0				0	0					
Code no:						48	48	48	48	48			48	48	136	136	136			48	48	48	48	48				48	48	48	48	48				48	48					
Calculation:						T	/10	/100	/100	/100			T	/10	/100	/100	/100			T	/10	/100	/100	/100				T	/10	/100	/100	/100				T	/10					
Date/time:	Afp. 1776	Bes. 97184			Stald 1	Temp_stald1	Fugt_stald1	DynamicAir_trinlřs_stald1	Spjćld_trinlřs_stald 1	On/off_stald1		Stald 2	Temp_stald2	Fugt_stald2	DynamicAir_trinlřs_stald2	Spjćld_trinlřs_stald2	On/off_stald2		Stald5	Temp_stald5	Fugt_stald5	DynamicAir_trinlřs_stald5	Spjćld_trinlřs_stald5	On/off_stald 5			Stald6	Temp_stald6	Fugt_stald 6	DynamicAir_trinlřs_stald6	Spjćld_trinlřs_stald6	On/off_stald6			UDE	Temp_ude	Fugt_ude					
30/01/2023 00.04.13						15,31	0,	1,01		0,			14,65	79,	1,4	8,6	0,			15,13	75,2	1,86	7,46	0,				18,68	87,6	5,11	8,11	25,5				6,15	89,3					
30/01/2023 00.09.11						15,31	0,	1,02		0,			14,27	78,6	1,02	8,6	0,			14,50	75,6	1,85	7,46	0,				18,06	87,2	5,02	8,35	25,5				6,02	89,6					
30/01/2023 00.14.13						14,93	0,	1,19		0,			13,96	79,4	1,01	7,05	0,			14,00	74,9	1,79	7,01	0,				16,50	86,	5,04	8,2	25,5				5,77	90,1					
30/01/2023 00.19.13						14,81	0,	0,92		0,			13,96	78,2	0,66	6,78	0,			13,44	74,2	1,61	6,86	0,				16,18	87,	5,04	8,07	25,5				5,90	89,9					
30/01/2023 00.24.12						14,56	0,	1,12		0,			13,90	79,7	0,58	6,13	0,			13,19	74,4	1,63	6,26	0,				15,75	86,5	4,23	7,73	25,5				5,96	88,8					
30/01/2023 00.29.12						14,31	0,	1,11		0,			13,90	79,3	1,18	5,62	0,			13,06	74,9	1,32	5,87	0,				15,93	87,6	3,59	7,56	25,5				5,77	88,4					
30/01/2023 00.34.13						14,06	0,	1,31		0,			13,96	79,2	0,91	5,03	0,			12,94	74,4	1,12	5,14	0,				15,93	87,2	2,04	7,36	25,5				5,77	88,4					
30/01/2023 00.39.12						14,43	0,	0,75		0,			14,02	79,1	0,73	4,82	0,			13,06	74,	1,17	4,53	0,				16,12	87,	1,83	7,15	25,5				5,83	88,3					
30/01/2023 00.44.13						14,68	0,	0,47		0,			13,90	78,2	0,67	3,36	0,			13,06	74,5	0,93	4,2	0,				16,31	87,3	0,	7,08	25,5				5,77	87,9					
30/01/2023 00.49.14						14,68	0,	2,48		25,55			14,15	78,2	0,53	2,11	0,			13,06	73,3	1,06	3,34	0,				16,62	87,5	9,08	7,23	25,5				5,71	88,					
30/01/2023 00.54.13						13,93	0,	3,02		25,55			13,96	77,5	0,49	0,41	0,			13,13	72,4	0,98	2,56	0,				16,56	87,	8,62	6,97	25,5				5,77	88,					
30/01/2023 00.59.13						13,87	0,	2,73		25,55			14,08	77,	0,54	0,08	0,			13,06	72,	0,61	1,34	0,				16,50	86,6	8,52	7,05	25,5				5,77	88,4					
30/01/2023 01.04.12						13,93	0,	2,29		25,55			14,08	77,4	3,12	8,05	25,5			13,19	72,	0,58	0,	0,				16,56	86,6	8,2	6,98	25,5				5,71	88,4					
30/01/2023 01.09.12						14,31	0,	2,49		25,55			14,15	77,8	2,5	9,86	25,5			13,31	72,	0,48	0,	0,				16,81	86,	8,26	6,95	25,5				5,71	88,8					
30/01/2023 01.14.12						14,93	0,	2,34		25,55			14,46	78,1	2,21	9,86	25,5			13,69	73,8	2,67	8,69	25,67				16,50	85,8	8,23	6,96	25,5				5,83	89,1					
30/01/2023 01.19.12						14,87	0,	2,57		25,55			14,65	78,6	2,17	9,86	25,5			14,19	74,8	2,72	8,7	25,67				16,75	85,	8,15	6,92	25,5				5,83	89,					
30/01/2023 01.24.12						14,87	0,	2,48		25,55			14,65	78,	2,34	9,86	25,5			14,50	73,6	2,61	8,29	25,67				16,87	84,7	8,14	6,87	25,5				5,83	88,8					
30/01/2023 01.29.13						14,50	0,	2,42		25,55			14,90	78,2	2,41	9,86	25,5			14,63	72,4	2,48	8,3	25,67				16,81	84,3	8,05	6,8	25,5				5,65	88,8					
30/01/2023 01.34.13						14,93	0,	2,17		25,55			14,90	77,8	2,22	9,85	25,5			14,81	72,8	2,23	8,16	25,67				16,75	84,	8,11	6,89	25,5				5,52	88,4					
30/01/2023 01.39.12						15,06	0,	2,44		25,55			14,83	76,2	2,13	9,86	25,5			14,69	70,8	2,69	8,15	25,67				16,56	83,5	7,99	6,77	25,5				5,52	88,					
30/01/2023 01.44.13						15,06	0,	2,29		25,55			14,71	76,3	2,44	9,86	25,5			14,63	70,9	2,25	8,17	25,67				16,87	83,5	7,98	6,77	25,5				5,52	88,					
30/01/2023 01.49.11						14,75	0,	2,29		25,55			14,83	76,3	2,04	9,86	25,5			14,69	69,8	2,38	8,17	25,67				17,06	83,1	1,65	6,77	25,5				5,52	88,					
30/01/2023 01.54.13						14,68	0,	3,1		25,55			14,77	75,	2,05	9,85	25,5			14,81	70,6	2,47	8,16	25,67				16,93	82,3	7,99	6,77	25,5				5,71	88,					
30/01/2023 01.59.12						15,06	0,	2,42		25,55			14,77	76,2	2,16	9,86	25,5			14,75	69,6	2,27	8,16	25,67				16,93	82,3	7,93	6,77	25,5				5,65	88,2					
30/01/2023 02.04.12						15,25	0,	2,86		25,55			15,02	75,8	2,1	9,87	25,5			14,69	70,3	2,34	8,16	25,67				16,81	81,9	1,83	6,77	25,5				5,52	88,4					
30/01/2023 02.09.13						15,00	0,	2,77		25,55			15,15	76,6	2,08	9,86	25,5			14,88	70,4	2,3	8,16	25,67				16,87	82,4	7,92	6,76	25,5				5,33	88,4					
30/01/2023 02.14.13						15,12	0,	2,13		25,55			14,83	75,4	2,35	9,85	25,5			14,81	69,5	2,28	8,41	25,67				16,87	81,9	1,92	6,77	25,5				5,46	88,					
30/01/2023 02.19.13						15,37	0,	2,44		25,55			14,65	75,1	2,34	9,86	25,5			14,75	68,8	2,46	8,42	25,67				17,06	82,3	8,02	6,77	25,5				5,58	87,3					
30/01/2023 02.24.11						15,37	0,	2,48		25,55			14,52	73,9	2,37	9,86	25,5			14,69	69,3	2,34	8,4	25,67				17,06	82,3	8,12	6,77	25,5				5,58	87,2					
30/01/2023 02.29.13						15,81	0,	2,52		25,55			14,58	73,8	2,41	9,86	25,5			14,81	68,9	2,47	8,41	25,67				17,00	82,7	8,14	6,78	25,5				5,58	87,5					
30/01/2023 02.34.12						15,62	0,	2,46		25,55			14,71	75,1	2,25	9,86	25,5			14,81	68,4	2,63	8,41	25,67				17,06	82,7	8,33	6,78	25,5				5,40	88,8					
30/01/2023 02.39.13						15,50	0,	2,53		25,55			14,65	73,8	2,38	9,85	25,5			14,88	68,8	2,63	8,41	25,67				17,00	82,3	8,28	6,77	25,5				5,52	89,2					
30/01/2023 02.44.12						15,00	0,	2,81		25,55			14,90	75,2	2,15	9,86	25,5			14,75	69,2	2,3	8,41	25,67				17,06	82,1	2,01	6,77	25,5				5,08	90,4					
30/01/2023 02.49.12						15,06	0,	2,68		25,55			14,58	74,6	2,44	9,86	25,5			14,69	68,9	2,48	8,41	25,67				16,87	81,1	8,19	6,95	25,5				5,02	89,6					
30/01/2023 02.54.11						14,87	0,	2,28		25,55			14,65	74,6	2,6	9,85	25,5			14,88	70,3	2,84	8,42	25,67				16,93	81,	8,16	6,83	25,5				5,08	89,2					
30/01/2023 02.59.14						15,18	0,	2,52		25,55			14,58	75,2	2,33	9,85	25,5			14,75	68,	2,83	8,56	25,67				16,93	81,2	8,17	6,83	25,5				4,96	89,2					
30/01/2023 03.04.12						15,31	0,	2,39		25,55			14,58	74,2	2,32	9,85	25,5			14,69	68,8	2,44	8,54	25,67				17,37	81,7	8,22	6,83	25,5				4,90	89,2					
30/01/2023 03.09.12						15,18	0,	2,79		25,55			14,65	75,2	2,56	9,86	25,5			14,63	68,	2,69	8,54	25,67				17,18	81,3	8,25	6,84	25,5				4,83	87,3					
30/01/2023 03.14.13						15,06	0,	2,48		25,55			14,65	75,	2,53	9,86	25,5			14,63	68,4	2,4	8,57	25,67				17,00	80,7	8,13	6,85	25,5				4,83	87,					
30/01/2023 03.19.12						15,25	0,	2,54		25,55			14,46	74,1	2,61	9,85	25,5			14,63	68,4	2,55	8,56	25,67				16,81	80,5	8,04	6,84	25,5				4,96	87,7					
30/01/2023 03.24.13						15,25	0,	2,78		25,55			14,58	74,5	2,31	9,85	25,5			14,75	68,5	2,99	8,54	25,67				17,06	80,3	8,14	6,84	25,5				4,96	88,					
30/01/2023 03.29.12						15,25	0,	2,22		25,55			14,52	74,1	2,26	9,86	25,5			14,75	70,	2,32	8,55	25,67				17,12	80,8	1,88	6,83	25,5				4,96	88,3					
30/01/2023 03.34.13						15,43	0,	2,73		25,55			14,58	74,5	2,14	9,85	25,5			15,00	68,8	2,46	8,82	25,67				17,00	80,7	8,14	6,84	25,5				4,96	88,9					
30/01/2023 03.39.11						14,87	0,	2,7		25,55			14,46	74,1	2,7	9,86	25,5			14,69	68,	2,52	9,07	25,67				16,81	80,3	8,12	6,83	25,5				5,02	88,9					
30/01/2023 03.44.14						14,87	0,	2,54		25,55			14,46	73,4	2,54	9,86	25,5			14,56	67,6	2,56	9,07	25,67				16,75	79,1	8,	6,84	25,5				5,08	88,4					
30/01/2023 03.49.12						15,00	0,	2,5		25,55			14,83	74,7	2,34	9,85	25,5			14,63	68,7	2,41	9,28	25,67				16,68	79,9	7,97	6,76	25,5				5,02	88,4					
30/01/2023 03.54.11						15,50	0,	2,82		25,55			15,02	74,2	2,73	9,85	25,5			14,75	68,4	2,35	9,27	25,67				17,12	80,3	8,02	6,74	25,5				5,08	88,4					
30/01/2023 03.59.13						15,50	0,	2,26		25,55			14,71	73,4	2,55	9,86	25,5			14,50	67,2	2,34	9,28	25,67				16,93	79,9	8,04	6,73	25,5				5,08	88,2					
30/01/2023 04.04.12						15,43	0,	2,73		25,55			14,58	73,8	2,59	9,86	25,5			14,50	68,4	2,36	9,28	25,67				17,00	80,2	8,12	6,8	25,5				4,90	88,6					
30/01/2023 04.09.13						15,25	0,	2,68		25,55			14,71	74,8	2,55	9,86	25,5			14,50	68,6	2,45	9,28	25,67				17,93	82,3	8,07	6,91	25,5				4,77	87,6					
30/01/2023 04.14.11						15,50	0,	2,6		25,55			14,83	74,2	2,26	9,86	25,5			14,56	68,6	2,35	9,02	25,67				18,50	83,4	8,26	7,7	25,5				4,52	87,6					
30/01/2023 04.19.14						14,50	0,	3,02		25,55			14,58	74,2	2,35	9,86	25,5			14,44	69,	2,35	9,02	25,67				17,56	83,5	8,31	7,93	25,5				4,83	88,5					
30/01/2023 04.24.12						14,87	0,	2,82		25,55			14,40	73,4	2,6	9,85	25,5			14,31	68,4	2,65	8,64	25,67				17,18	84,8	8,45	8,01	25,5				4,52	90,4					
30/01/2023 04.29.13						14,62	0,	2,72		25,55			14,71	75,	2,27	9,86	25,5			14,38	69,2	2,57	8,65	25,67				17,37	86,2	8,46	7,91	25,5				4,40	90,4					
30/01/2023 04.34.13						14,87	0,	2,75		25,55			14,52	74,6	2,18	9,86	25,5			14,50	68,9	2,51	8,64	25,67				16,06	84,4	8,45	7,72	25,5				4,40	88,6					
30/01/2023 04.39.12						14,62	0,	2,55		25,55			14,46	75,	2,34	9,86	25,5			14,50	68,5	2,39	8,63	25,67				15,81	83,9	8,45	7,54	25,5				4,46	89,6					
30/01/2023 04.44.14						14,68	0,	2,69		25,55			14,46	73,9	2,38	9,86	25,5			14,56	68,1	2,21	8,41	25,67				15,81	84,7	8,45	7,32	25,5				4,52	89,2					
30/01/2023 04.49.12						14,56	0,	2,77		25,55			14,52	73,8	2,35	9,86	25,5			14,63	68,	2,56	8,41	25,67				15,87	84,6	8,32	7,17	25,5				4,65	88,8					
30/01/2023 04.54.13						14,43	0,	2,62		25,55			14,58	74,6	2,39	9,85	25,5			14,44	68,2	2,41	8,41	25,67				15,75	84,2	8,24	6,95	25,5				4,65	89,5					
30/01/2023 04.59.12						14,75	0,	2,39		25,55			14,33	74,3	2,29	9,85	25,5			14,75	68,4	2,39	8,27	25,67				15,81	83,9	8,24	6,82	25,5				4,40	90,8					
30/01/2023 05.04.12						15,06	0,	2,53		25,55			14,40	74,6	2,49	9,85	25,5			14,75	68,	2,21	8,06	25,67				16,06	83,8	8,39	6,57	25,5				3,52	91,3					
30/01/2023 05.09.11						14,81	0,	2,53		25,55			14,27	74,2	2,1	9,86	25,5			14,63	67,6	2,78	8,07	25,67				16,31	83,8	8,36	6,46	25,5				3,08	94,4					
30/01/2023 05.14.12						14,75	0,	2,38		25,55			14,52	74,6	2,26	9,85	25,5			14,63	67,5	2,73	8,07	25,67				16,37	83,8	1,67	6,29	25,5				3,52	95,6					
30/01/2023 05.19.13						14,68	0,	2,57		25,55			14,65	74,	1,98	9,85	25,5			14,38	66,4	2,11	8,08	25,67				16,62	83,8	8,17	6,07	25,5				3,65	96,					
30/01/2023 05.24.11						14,50	0,	2,69		25,55			14,58	73,	2,15	9,85	25,5			14,56	67,2	2,46	8,07	25,67				16,93	83,8	8,22	5,93	25,5				3,96	96,1					
30/01/2023 05.29.13						15,00	0,	2,23		25,55			14,46	73,4	2,31	9,86	25,5			14,81	66,8	2,43	8,07	25,67				16,93	83,4	8,03	5,89	25,5				4,15	96,3					
30/01/2023 05.34.12						14,87	0,	2,59		25,55			14,71	74,2	1,9	9,86	25,5			14,81	68,	2,41	8,08	25,67				17,50	83,6	8,02	5,81	25,5				4,21	95,9					
30/01/2023 05.39.13						15,18	0,	2,33		25,55			14,77	74,5	2,09	9,86	25,5			14,88	66,8	2,06	8,06	25,67				17,37	83,	8,	5,78	25,5				4,40	95,7					
30/01/2023 05.44.11						15,18	0,	2,59		25,55			14,65	72,7	2,18	9,86	25,5			14,94	67,2	2,53	8,07	25,67				17,37	82,7	8,02	5,82	25,5				4,52	95,6					
30/01/2023 05.49.13						15,37	0,	2,52		25,55			14,65	72,8	2,41	9,85	25,5			15,06	67,8	2,59	8,07	25,67				17,43	82,2	8,14	5,8	25,5				4,58	95,6					
30/01/2023 05.54.12						15,43	0,	2,37		25,55			14,40	71,8	2,61	9,86	25,5			14,94	66,7	2,5	8,07	25,67				17,43	82,2	8,29	5,72	25,5				4,90	95,3					
30/01/2023 05.59.13						15,18	0,	2,66		25,55			14,46	72,5	2,31	9,86	25,5			14,81	66,8	2,67	8,07	25,67				17,37	82,2	8,29	5,68	25,5				5,15	94,6					
30/01/2023 06.04.13						15,37	0,	2,38		25,55			14,65	72,6	2,35	9,86	25,5			14,81	66,7	2,64	8,42	25,67				17,43	81,8	8,29	5,66	25,5				5,15	93,6					
30/01/2023 06.09.12						16,93	0,	2,88		25,55			15,40	77,	2,37	9,86	25,5			14,81	66,7	3,	8,41	25,67				17,75	82,4	8,73	5,65	25,5				5,27	91,7					
30/01/2023 06.14.13						16,00	0,	2,41		25,55			15,71	75,1	2,1	2,63	0,			14,81	68,4	2,93	8,67	25,67				17,81	82,5	9,42	5,65	25,5				5,21	90,4					
30/01/2023 06.19.11						15,62	0,	2,92		25,55			15,33	72,8	1,17	2,87	0,			14,88	67,6	2,69	8,87	25,67				18,12	83,2	9,42	5,84	25,5				5,21	90,1					
30/01/2023 06.24.12						15,56	0,	2,56		25,55			15,21	74,2	1,47	3,47	0,			14,75	68,6	2,69	9,	25,67				18,12	83,9	9,42	6,24	25,5				5,27	89,2					
30/01/2023 06.29.11						15,87	0,	0,89		0,			15,08	72,7	0,61	3,46	0,			14,88	69,5	2,56	9,21	25,67				17,81	83,8	1,98	6,29	25,5				5,21	89,6					
30/01/2023 06.34.13						16,87	0,	1,32		0,			14,83	74,5	0,83	3,12	0,			14,88	69,7	2,24	9,2	25,67				17,62	83,6	4,08	6,34	25,5				5,21	90,					
30/01/2023 06.39.11						15,93	0,	1,4		0,			14,90	75,2	1,28	3,12	0,			14,81	69,2	2,55	9,21	25,67				17,56	83,2	1,59	6,33	25,5				5,15	89,8					
30/01/2023 06.44.13						15,81	0,	1,13		0,			14,77	74,9	0,89	3,21	0,			14,75	69,6	2,66	9,2	25,67				17,50	82,8	1,36	6,37	25,5				5,02	89,2					
30/01/2023 06.49.13						15,68	0,	1,2		0,			15,46	76,6	1,22	4,03	0,			15,00	69,5	2,5	9,2	25,67				17,06	82,3	5,5	6,1	25,5				4,02	92,9					
30/01/2023 06.54.12						15,00	0,	1,38		0,			16,02	81,7	0,87	5,13	0,			15,56	71,2	1,09	2,82	0,				17,37	83,	5,65	5,9	25,5				3,77	94,7					
30/01/2023 06.59.13						14,31	0,	1,25		0,			15,71	79,	0,82	5,14	0,			15,50	72,4	0,97	3,88	0,				18,43	85,4	5,34	6,25	25,5				3,77	95,4					
30/01/2023 07.04.12						13,93	0,	0,95		0,			14,77	77,8	0,85	5,14	0,			15,38	73,6	1,11	4,83	0,				18,62	86,2	4,43	6,71	25,5				3,83	95,6					
30/01/2023 07.09.13						13,68	0,	0,86		0,			14,15	76,2	0,72	5,14	0,			14,56	72,4	0,97	4,82	0,				18,50	86,9	3,75	6,89	25,5				3,90	95,6					
30/01/2023 07.14.12						13,62	0,	1,24		0,			13,96	77,7	0,69	3,64	0,			14,13	72,3	1,17	4,57	0,				17,12	85,8	2,09	6,82	25,5				4,02	95,6					
30/01/2023 07.19.12						13,93	0,	0,58		0,			14,27	78,6	0,53	2,48	0,			13,69	72,3	0,93	4,57	0,				16,93	86,3	1,88	6,74	25,5				4,02	95,6					
30/01/2023 07.24.12						13,87	0,	2,66		25,55			14,21	78,6	0,69	1,4	0,			13,44	72,3	0,92	3,55	0,				16,68	85,8	8,8	6,52	25,5				4,15	95,3					
30/01/2023 07.29.12						13,43	0,	2,59		25,55			14,21	78,3	0,5	0,08	0,			13,31	71,9	1,88	3,32	0,				16,56	86,2	1,82	6,52	25,5				4,21	94,8					
30/01/2023 07.34.13						13,31	0,	2,29		25,55			14,21	78,6	3,24	9,39	25,5			13,31	72,3	0,97	2,76	0,				16,68	86,2	8,09	6,44	25,5				4,21	94,					
30/01/2023 07.39.12						14,00	0,	2,41		25,55			14,08	78,8	2,32	9,87	25,5			13,31	72,4	1,02	2,16	0,				16,50	86,2	7,93	6,28	25,5				4,40	93,3					
30/01/2023 07.44.13						14,37	0,	2,28		25,55			14,15	78,2	2,4	9,86	25,5			13,31	71,6	1,07	0,8	0,				16,62	86,2	7,75	6,22	25,5				4,27	93,1					
30/01/2023 07.49.12						14,50	0,	2,27		25,55			14,40	78,	2,25	9,86	25,5			13,50	71,6	0,76	0,53	0,				16,68	86,3	7,72	6,12	25,5				4,21	92,9					
30/01/2023 07.54.13						14,62	0,	2,26		25,55			14,21	76,	2,46	9,86	25,5			13,44	70,4	0,62	0,	0,				16,75	86,1	7,65	5,94	25,5				4,27	92,8					
30/01/2023 07.59.12						15,00	0,	2,13		25,55			14,46	77,6	2,18	9,86	25,5			13,50	70,1	0,58	0,	0,				17,00	86,	7,52	5,93	25,5				4,46	92,9					
30/01/2023 08.04.13						14,93	0,	2,06		25,55			14,40	75,4	2,1	9,87	25,5			13,38	69,5	0,5	0,	0,				17,31	86,2	7,52	5,88	25,5				4,46	93,1					
30/01/2023 08.09.11						15,18	0,	2,1		25,55			14,65	76,5	1,9	9,86	25,5			13,69	72,5	2,71	8,81	25,67				17,12	85,8	7,64	5,77	25,5				4,46	93,1					
30/01/2023 08.14.13						15,06	0,	2,3		25,55			14,52	74,6	2,17	9,86	25,5			13,94	71,7	2,85	8,66	25,67				17,50	85,8	7,63	5,61	25,5				4,40	92,4					
30/01/2023 08.19.13						14,93	0,	1,96		25,55			14,71	76,9	2,03	9,86	25,5			13,94	71,6	2,54	8,11	25,67				17,50	85,4	7,53	5,61	25,5				4,40	91,6					
30/01/2023 08.24.11						15,43	0,	2,02		25,55			14,83	76,4	2,18	9,86	25,5			14,00	72,	2,55	8,11	25,67				17,56	85,4	7,61	5,59	25,5				4,52	91,5					
30/01/2023 08.29.13						15,62	0,	2,19		25,55			14,33	74,	2,22	9,86	25,5			14,38	72,	2,63	8,12	25,67				17,75	85,	7,76	5,53	25,5				4,77	91,5					
30/01/2023 08.34.12						15,25	0,	2,18		25,55			14,71	75,4	2,33	9,86	25,5			14,44	70,2	2,36	8,11	25,67				17,56	84,6	7,71	5,49	25,5				4,58	91,6					
30/01/2023 08.39.13						15,56	0,	2,63		25,55			14,58	75,	2,04	9,85	25,5			14,56	69,6	2,77	8,1	25,67				17,50	83,9	7,83	5,48	25,5				4,58	92,1					
30/01/2023 08.44.12						15,62	0,	2,52		25,55			14,90	75,4	2,2	9,85	25,5			14,56	70,	2,29	8,1	25,67				17,75	84,2	7,95	5,49	25,5				4,46	92,4					
30/01/2023 08.49.13						15,75	0,	2,31		25,55			15,02	75,8	2,35	9,86	25,5			14,63	70,3	2,39	8,1	25,67				17,81	84,2	7,99	5,53	25,5				4,52	92,4					
30/01/2023 08.54.11						15,75	0,	2,23		25,55			15,15	75,4	2,36	9,85	25,5			14,63	70,1	2,62	8,1	25,67				18,06	84,	8,	5,63	25,5				4,65	92,4					
30/01/2023 08.59.14						15,56	0,	2,45		25,55			15,27	76,5	2,25	9,86	25,5			14,63	69,5	2,45	8,11	25,67				18,18	83,8	8,15	5,76	25,5				4,77	92,					
30/01/2023 09.04.14						15,43	0,	2,53		25,55			15,15	74,2	2,49	9,86	25,5			14,81	70,4	2,32	8,11	25,67				18,12	83,4	1,61	5,86	25,5				5,02	91,2					
30/01/2023 09.09.12						15,25	0,	2,32		25,55			15,15	74,4	2,44	9,86	25,5			15,13	70,2	2,55	8,1	25,67				17,93	83,	8,22	5,92	25,5				5,02	91,6					
30/01/2023 09.14.12						15,81	0,	2,38		25,55			15,08	74,	2,27	9,87	25,5			15,31	70,	2,7	8,38	25,67				17,87	82,6	8,32	5,87	25,5				5,15	92,1					
30/01/2023 09.19.11						15,75	0,	2,57		25,55			15,08	75,	2,33	9,86	25,5			15,25	68,8	2,57	8,84	25,67				17,87	82,3	8,52	5,97	25,5				5,02	91,1					
30/01/2023 09.24.13						15,43	0,	2,77		25,55			15,15	75,	0,7	2,26	0,			15,31	69,6	2,64	8,84	25,67				17,75	82,	8,53	5,93	25,5				5,15	90,					
30/01/2023 09.29.11						15,56	0,	2,46		25,55			15,52	76,6	0,92	1,6	0,			15,50	70,1	2,42	9,18	25,67				17,87	82,3	8,52	6,09	25,5				5,21	89,2					
30/01/2023 09.34.13						15,56	0,	2,88		25,55			15,52	75,	0,5	1,17	0,			15,31	68,1	2,43	9,18	25,67				17,93	82,	8,55	6,17	25,5				5,40	88,9					
30/01/2023 09.39.12						15,81	0,	2,91		25,55			15,52	76,2	0,52	0,77	0,			15,56	71,1	2,6	9,18	25,67				17,75	81,9	8,64	6,17	25,5				5,65	88,8					
30/01/2023 09.44.13						15,81	0,	2,88		25,55			15,46	75,6	1,02	0,77	0,			15,88	71,4	2,6	9,17	25,67				17,87	82,3	8,93	6,24	25,5				5,71	87,8					
30/01/2023 09.49.13						15,56	0,	2,3		25,55			15,27	75,	1,01	0,76	0,			15,94	70,6	2,3	9,18	25,67				18,18	82,7	9,4	6,28	25,5				5,77	87,6					
30/01/2023 09.54.12						15,37	0,	0,79		0,			15,40	75,4	0,48	1,17	0,			15,94	69,6	2,32	2,79	0,				18,18	83,1	1,59	6,48	25,5				5,90	87,6					
30/01/2023 09.59.13						15,87	0,	1,12		0,			15,40	74,5	0,6	1,47	0,			15,38	67,2	1,18	2,35	0,				18,18	83,	1,78	6,6	25,5				5,90	87,2					
30/01/2023 10.04.12						15,75	0,	1,12		0,			15,33	74,9	0,82	2,13	0,			15,31	68,2	1,2	3,49	0,				17,68	82,7	3,07	6,7	25,5				5,71	86,5					
30/01/2023 10.09.13						15,75	0,	1,02		0,			15,52	75,8	0,97	1,93	0,			15,13	67,6	0,89	3,49	0,				17,43	82,6	3,41	6,66	25,5				5,77	86,8					
30/01/2023 10.14.12						15,75	0,	0,95		0,			15,52	75,3	1,2	2,67	0,			15,06	68,	1,08	3,91	0,				17,68	82,8	4,16	6,65	25,5				5,83	87,3					
30/01/2023 10.19.12						15,56	0,	0,88		0,			15,40	75,4	0,91	3,4	0,			15,13	70,	1,08	4,57	0,				17,62	83,1	4,16	6,71	25,5				6,02	87,					
30/01/2023 10.24.11						15,56	0,	0,99		0,			15,46	74,6	0,86	4,37	0,			14,94	68,8	0,89	5,05	0,				17,56	83,	4,41	6,65	25,5				6,02	86,8					
30/01/2023 10.29.13						15,31	0,	0,98		0,			15,46	75,	0,9	5,17	0,			14,94	69,2	1,3	5,4	0,				17,62	83,5	4,35	6,78	25,5				6,08	86,8					
30/01/2023 10.34.12						15,37	0,	0,87		0,			15,21	74,5	1,33	5,28	0,			14,69	69,	1,11	5,84	0,				17,43	83,4	4,35	6,73	25,5				5,96	86,7					
30/01/2023 10.39.12						15,12	0,	0,9		0,			15,08	74,7	1,2	5,48	0,			14,63	69,5	1,67	5,84	0,				17,56	84,	4,34	6,62	25,5				5,77	86,					
30/01/2023 10.44.14						14,87	0,	0,93		0,			14,71	74,2	0,93	5,68	0,			14,06	68,1	1,14	6,05	0,				17,50	83,8	4,1	6,63	25,5				5,71	86,6					
30/01/2023 10.49.12						15,12	0,	1,03		0,			14,83	74,7	1,08	5,39	0,			13,81	69,4	1,45	6,29	0,				17,50	84,1	3,88	6,62	25,5				5,71	87,3					
30/01/2023 10.54.14						15,12	0,	0,88		0,			14,77	76,4	1,1	5,39	0,			13,56	70,	2,08	6,29	0,				17,43	84,2	3,88	6,58	25,5				5,83	87,6					
30/01/2023 10.59.12						15,25	0,	1,11		0,			14,83	76,2	1,2	5,39	0,			13,69	71,3	1,73	6,29	0,				17,50	84,2	3,9	6,59	25,5				5,90	87,7					
30/01/2023 11.04.13						15,37	0,	0,96		0,			14,90	75,5	0,74	5,67	0,			13,50	71,5	1,49	6,29	0,				17,50	84,6	3,89	6,44	25,5				6,02	87,6					
30/01/2023 11.09.12						15,62	0,	0,87		0,			14,90	74,6	1,05	5,8	0,			13,56	71,6	1,28	6,46	0,				17,56	84,6	3,88	6,45	25,5				6,02	88,					
30/01/2023 11.14.14						15,43	0,	1,35		0,			14,90	75,	0,87	6,49	0,			13,63	71,8	1,61	6,47	0,				17,68	84,2	4,01	6,56	25,5				6,08	88,					
30/01/2023 11.19.13						15,37	0,	1,11		0,			15,02	76,4	1,	6,49	0,			13,63	72,1	1,14	6,46	0,				17,93	85,4	4,04	6,67	25,5				6,02	88,2					
30/01/2023 11.24.12						15,43	0,	0,8		0,			14,90	75,5	1,06	7,12	0,			13,94	72,5	1,5	6,22	0,				18,75	87,2	4,04	7,56	25,5				5,96	88,1					
30/01/2023 11.29.13						16,06	0,	0,77		0,			14,90	74,9	1,24	7,52	0,			13,88	71,	1,91	6,54	0,				18,06	86,2	4,01	7,49	25,5				5,90	88,3					
30/01/2023 11.34.13						16,56	0,	1,		0,			15,15	75,4	1,12	8,69	0,			13,63	71,	1,37	6,53	0,				17,31	86,2	5,72	7,46	25,5				6,08	88,					
30/01/2023 11.39.13						15,93	0,	1,		0,			14,65	75,	1,54	9,27	0,			13,63	71,2	1,67	6,54	0,				17,25	86,2	6,48	7,46	25,5				6,08	87,7					
30/01/2023 11.44.12						16,00	0,	1,34		0,			14,65	76,8	1,53	8,87	0,			14,00	73,3	2,31	7,16	0,				16,87	86,3	6,64	7,34	25,5				6,15	88,2					
30/01/2023 11.49.13						15,68	0,	1,74		0,			14,96	78,7	1,46	8,8	0,			14,06	73,2	2,02	7,45	0,				16,81	86,4	7,43	7,12	25,5				6,40	88,4					
30/01/2023 11.54.12						15,00	0,	1,78		0,			14,90	80,6	1,95	9,88	0,			14,31	73,2	2,22	8,04	0,				16,81	87,4	7,44	7,29	25,5				6,52	87,5					
30/01/2023 11.59.13						14,62	0,	2,2		0,			14,27	79,4	1,92	9,88	0,			14,06	74,8	2,38	9,15	0,				17,50	88,6	7,38	7,42	25,5				6,46	85,					
30/01/2023 12.04.13						14,62	0,	1,65		0,			13,77	78,3	1,66	9,87	0,			13,69	75,2	2,23	9,01	0,				17,68	89,	1,81	7,38	25,5				6,58	84,4					
30/01/2023 12.09.12						14,00	0,	1,86		0,			13,65	78,2	1,32	9,87	0,			13,06	73,6	2,32	9,01	0,				17,06	87,8	7,33	7,38	25,5				6,58	83,3					
30/01/2023 12.14.13						14,12	0,	1,68		0,			13,40	77,8	1,51	8,95	0,			12,75	74,8	2,34	8,45	0,				17,31	89,	6,62	7,11	25,5				6,46	83,3					
30/01/2023 12.19.11						14,43	0,	2,08		0,			13,27	77,4	1,98	8,16	0,			12,81	75,3	2,74	7,97	0,				16,75	88,4	6,44	6,91	25,5				6,40	83,6					
30/01/2023 12.24.13						14,62	0,	1,24		0,			13,58	77,5	1,55	7,46	0,			12,88	74,8	2,03	7,74	0,				16,06	87,1	6,37	6,62	25,5				6,46	82,4					
30/01/2023 12.29.12						14,75	0,	1,46		0,			13,71	77,8	1,85	6,96	0,			13,00	73,9	2,39	7,46	0,				16,18	87,1	6,4	6,56	25,5				6,46	81,1					
30/01/2023 12.34.14						14,43	0,	1,36		0,			13,90	78,6	1,25	6,14	0,			12,94	73,6	1,69	7,27	0,				16,43	87,	6,04	6,53	25,5				6,58	80,1					
30/01/2023 12.39.12						14,25	0,	1,19		0,			13,96	77,5	1,31	6,14	0,			12,81	73,1	1,76	6,91	0,				16,62	87,	5,92	6,22	25,5				6,52	80,					
30/01/2023 12.44.13						14,12	0,	1,26		0,			13,96	76,6	1,41	6,13	0,			12,81	72,4	1,85	6,34	0,				16,87	87,4	5,48	6,09	25,5				6,58	80,2					
30/01/2023 12.49.14						14,50	0,	0,87		0,			14,08	75,8	1,24	6,13	0,			12,75	72,3	1,59	6,07	0,				16,68	86,3	5,14	5,96	25,5				6,65	79,3					
30/01/2023 12.54.12						14,62	0,	1,81		0,			14,02	75,8	2,06	6,15	0,			13,06	73,3	2,2	5,85	0,				16,62	85,8	4,91	5,8	25,5				6,58	78,2					
30/01/2023 12.59.13						14,56	0,	0,98		0,			13,96	75,8	1,53	5,84	0,			13,19	73,3	1,44	5,62	0,				16,75	85,8	1,89	5,65	25,5				6,52	78,4					
30/01/2023 13.04.12						14,50	0,	2,28		0,			13,65	74,5	2,59	5,52	0,			13,06	71,6	2,34	5,61	0,				16,43	85,5	4,37	5,49	25,5				6,58	76,8					
30/01/2023 13.09.13						14,75	0,	1,54		0,			13,77	75,8	2,69	5,11	0,			12,81	71,7	2,86	5,03	0,				16,87	85,8	4,19	5,6	25,5				6,46	75,7					
30/01/2023 13.14.12						15,00	0,	1,26		0,			14,02	76,7	1,44	4,49	0,			13,13	71,8	1,41	4,84	0,				17,18	85,8	4,11	5,61	25,5				6,46	78,6					
30/01/2023 13.19.13						14,87	0,	1,33		0,			13,96	75,	2,05	4,08	0,			12,94	70,8	1,56	4,68	0,				17,18	85,2	4,19	5,55	25,5				6,46	75,7					
30/01/2023 13.24.11						14,93	0,	1,11		0,			14,27	76,5	1,61	2,6	0,			13,00	71,2	1,32	4,48	0,				17,37	85,8	3,99	5,56	25,5				6,40	76,8					
30/01/2023 13.29.13						15,00	0,	1,54		0,			14,83	75,3	2,87	3,	0,			13,06	70,4	2,15	4,2	0,				17,37	85,8	3,95	5,57	25,5				6,40	74,5					
30/01/2023 13.34.13						14,81	0,	1,15		0,			14,83	76,2	2,06	3,64	0,			13,13	71,2	1,44	3,81	0,				17,56	85,8	3,76	5,55	25,5				6,40	75,					
30/01/2023 13.39.12						15,12	0,	1,02		0,			14,83	75,7	1,28	3,64	0,			13,38	69,6	1,05	3,81	0,				17,81	85,8	3,75	5,46	25,5				6,33	75,6					
30/01/2023 13.44.13						15,31	0,	2,		0,			14,71	74,6	2,39	3,32	0,			13,44	70,7	1,8	3,82	0,				17,75	85,5	4,01	5,43	25,5				6,27	75,6					
30/01/2023 13.49.12						15,18	0,	1,01		0,			14,52	74,4	1,47	3,11	0,			13,44	69,6	1,55	3,82	0,				17,68	85,4	4,04	5,38	25,5				6,21	76,9					
30/01/2023 13.54.13						15,00	0,	1,04		0,			14,71	75,	1,99	2,92	0,			13,50	70,4	1,25	3,82	0,				17,75	84,8	3,83	5,46	25,5				6,21	76,4					
30/01/2023 13.59.12						15,18	0,	1,17		0,			14,83	75,4	1,96	2,71	0,			13,81	70,8	1,58	4,12	0,				17,43	84,3	3,49	5,4	25,5				6,08	77,					
30/01/2023 14.04.13						15,25	0,	1,5		0,			14,83	74,3	2,29	1,31	0,			13,88	69,8	1,44	4,11	0,				17,43	84,3	3,57	5,39	25,5				6,15	77,3					
30/01/2023 14.09.12						15,18	0,	0,87		0,			15,21	74,9	0,88	1,87	0,			13,88	69,7	0,95	4,11	0,				17,68	85,2	3,41	5,4	25,5				6,08	79,6					
30/01/2023 14.14.12						14,93	0,	1,		0,			15,21	74,6	1,41	3,61	0,			14,00	69,	1,31	4,56	0,				17,50	84,6	3,42	5,39	25,5				6,15	79,5					
30/01/2023 14.19.13						15,06	0,	0,95		0,			15,02	72,6	1,87	3,36	0,			13,94	68,8	1,33	4,57	0,				17,93	85,	1,82	5,4	25,5				5,96	80,					
30/01/2023 14.24.12						15,18	0,	0,69		0,			15,15	74,2	1,07	4,3	0,			14,00	69,2	1,77	4,57	0,				17,68	85,	3,16	5,37	25,5				5,77	81,2					
30/01/2023 14.29.12						15,31	0,	1,5		0,			14,90	73,7	2,07	4,08	0,			13,75	67,6	2,28	4,57	0,				17,81	85,	3,06	5,43	25,5				5,77	81,2					
30/01/2023 14.34.12						15,25	0,	1,06		0,			14,83	73,4	1,33	3,15	0,			13,19	66,8	1,41	4,09	0,				17,81	84,9	2,97	5,32	25,5				5,52	81,6					
30/01/2023 14.39.14						15,25	0,	1,13		0,			15,02	73,1	1,24	3,53	0,			13,19	68,1	1,59	4,09	0,				17,56	84,5	2,98	5,41	25,5				5,52	81,6					
30/01/2023 14.44.12						15,37	0,	0,91		0,			14,77	71,4	1,18	4,36	0,			13,25	67,7	1,37	3,76	0,				17,68	85,	3,74	5,28	25,5				5,46	82,4					
30/01/2023 14.49.13						15,12	0,	2,02		0,			14,83	73,8	1,62	4,36	0,			13,00	67,1	2,3	3,48	0,				17,37	84,6	3,47	5,33	25,5				5,21	81,5					
30/01/2023 14.54.12						14,75	0,	2,03		0,			14,58	73,	2,04	4,58	0,			13,06	66,9	1,98	2,84	0,				17,43	84,4	3,47	5,2	25,5				5,21	79,6					
30/01/2023 14.59.13						14,75	0,	1,03		0,			14,46	71,8	1,77	4,35	0,			13,00	66,7	1,83	2,56	0,				17,50	84,7	3,1	5,13	25,5				5,02	81,4					
30/01/2023 15.04.13						14,75	0,	1,18		0,			14,46	73,1	1,8	4,	0,			13,00	66,4	1,5	1,55	0,				17,62	85,	2,67	5,13	25,5				5,02	82,					
30/01/2023 15.09.11						14,68	0,	1,08		0,			14,71	74,6	2,22	3,28	0,			13,19	67,2	1,41	1,08	0,				17,56	85,	1,63	5,21	25,5				4,90	82,					
30/01/2023 15.14.13						14,62	0,	0,63		0,			14,96	74,	1,75	1,35	0,			13,38	67,6	1,13	0,81	0,				17,75	84,7	1,86	5,14	25,5				4,83	81,7					
30/01/2023 15.19.11						14,93	0,	0,66		0,			15,15	74,7	1,29	1,35	0,			13,44	66,8	1,45	0,45	0,				17,75	84,6	1,74	5,06	25,5				4,90	81,2					
30/01/2023 15.24.12						14,87	0,	2,63		25,55			15,08	73,4	0,87	0,95	0,			13,50	66,4	1,06	0,	0,				17,56	84,6	6,08	5,16	25,5				4,83	82,					
30/01/2023 15.29.12						14,37	0,	3,14		25,55			15,08	74,3	0,99	0,36	0,			13,31	65,6	1,24	0,	0,				17,43	83,8	9,09	5,09	25,5				4,90	83,2					
30/01/2023 15.34.12						14,81	0,	2,59		25,55			15,15	74,	1,05	0,08	0,			13,19	65,4	3,05	5,19	25,67				17,56	84,2	9,04	5,09	25,5				4,65	83,9					
30/01/2023 15.39.12						15,00	0,	2,64		25,55			14,77	71,3	1,29	0,08	0,			14,13	69,6	2,7	8,59	25,67				17,68	84,5	9,03	5,05	25,5				4,52	84,4					
30/01/2023 15.44.13						14,81	0,	2,55		25,55			14,83	72,8	0,76	0,08	0,			14,19	68,8	2,77	8,84	25,67				17,43	84,	1,57	5,1	25,5				4,46	84,4					
30/01/2023 15.49.13						14,93	0,	2,31		25,55			14,52	71,5	0,84	0,09	0,			14,44	69,5	2,74	8,62	25,67				17,68	83,9	8,73	5,08	25,5				4,52	84,1					
30/01/2023 15.54.12						14,37	0,	2,87		25,55			14,65	71,8	1,2	0,09	0,			14,25	68,	2,61	8,62	25,67				17,25	83,9	8,49	4,91	25,5				4,40	83,9					
30/01/2023 15.59.14						14,50	0,	2,63		25,55			14,58	72,7	2,82	9,87	25,5			14,06	67,5	3,03	8,42	25,67				17,75	84,2	8,57	4,9	25,5				4,40	84,1					
30/01/2023 16.04.13						14,50	0,	2,5		25,55			14,08	70,7	2,59	9,85	25,5			14,13	68,4	3,34	8,41	25,67				17,56	83,9	8,81	4,77	25,5				4,33	84,					
30/01/2023 16.09.13						14,18	0,	3,23		25,55			14,02	71,8	2,81	9,86	25,5			14,13	69,2	2,95	8,41	25,67				17,62	83,8	8,52	4,82	25,5				4,40	85,3					
30/01/2023 16.14.12						13,93	0,	2,77		25,55			14,21	72,6	2,23	9,85	25,5			14,25	68,	2,58	8,25	25,67				18,00	84,3	8,91	4,82	25,5				4,27	85,5					
30/01/2023 16.19.13						13,75	0,	2,86		25,55			14,27	72,5	2,26	9,86	25,5			14,19	68,	2,56	8,24	25,67				18,06	84,6	8,63	4,82	25,5				4,27	84,5					
30/01/2023 16.24.11						14,37	0,	2,25		25,55			14,08	72,4	2,39	9,86	25,5			14,38	67,2	2,58	8,1	25,67				18,25	84,6	8,32	4,86	25,5				4,21	83,6					
30/01/2023 16.29.13						14,37	0,	2,48		25,55			14,27	73,8	2,57	9,85	25,5			14,38	66,4	2,79	8,11	25,67				17,87	84,2	8,04	4,83	25,5				4,33	81,6					
30/01/2023 16.34.13						14,37	0,	2,41		25,55			14,15	73,1	2,47	9,85	25,5			14,25	66,9	2,39	8,11	25,67				18,06	83,9	7,92	4,78	25,5				4,21	79,3					
30/01/2023 16.39.12						14,50	0,	2,44		25,55			13,96	71,4	2,37	9,85	25,5			14,56	68,	2,77	7,91	25,67				18,00	84,4	7,83	4,75	25,5				4,21	81,3					
30/01/2023 16.44.13						14,81	0,	2,05		25,55			14,02	71,8	2,1	9,86	25,5			14,88	68,	2,55	7,92	25,67				17,87	83,7	7,72	4,78	25,5				4,15	80,4					
30/01/2023 16.49.12						14,62	0,	2,75		25,55			14,21	72,2	2,27	9,86	25,5			14,50	66,	2,56	7,9	25,67				17,93	84,1	7,54	4,77	25,5				4,21	80,					
30/01/2023 16.54.12						14,68	0,	2,17		25,55			14,27	71,8	1,72	9,86	25,5			14,44	66,4	2,58	7,91	25,67				17,87	83,4	7,62	4,8	25,5				4,33	80,8					
30/01/2023 16.59.13						14,93	0,	1,78		25,55			14,33	72,2	2,06	9,86	25,5			14,50	66,1	2,95	7,91	25,67				17,81	83,1	7,65	4,79	25,5				4,15	82,1					
30/01/2023 17.04.12						15,06	0,	2,53		25,55			14,40	72,2	2,06	9,86	25,5			14,44	66,8	2,4	7,9	25,67				17,62	83,1	7,64	4,79	25,5				3,96	83,6					
30/01/2023 17.09.12						15,00	0,	2,06		25,55			14,52	72,3	2,14	9,86	25,5			14,63	67,8	2,14	7,7	25,67				17,93	83,4	7,56	4,79	25,5				3,71	85,6					
30/01/2023 17.14.14						15,00	0,	2,36		25,55			14,71	73,	1,96	9,86	25,5			14,69	66,8	2,52	7,7	25,67				18,00	83,2	7,62	4,76	25,5				3,77	86,3					
30/01/2023 17.19.13						15,31	0,	2,05		25,55			14,90	72,6	1,86	9,86	25,5			14,63	67,2	2,25	7,69	25,67				17,81	83,1	7,54	4,76	25,5				3,65	85,9					
30/01/2023 17.24.13						15,81	0,	1,96		25,55			15,21	71,9	1,78	9,86	25,5			14,69	67,3	2,02	7,71	25,67				18,12	83,3	7,53	4,8	25,5				3,71	86,					
30/01/2023 17.29.13						15,50	0,	1,99		25,55			15,02	71,8	1,92	9,86	25,5			14,81	66,6	2,46	7,7	25,67				18,37	83,4	7,66	4,8	25,5				3,83	85,5					
30/01/2023 17.34.12						15,68	0,	2,21		25,55			15,02	72,2	2,12	9,87	25,5			14,88	67,6	2,49	7,71	25,67				18,37	83,2	7,62	4,84	25,5				3,96	82,7					
30/01/2023 17.39.13						15,37	0,	2,79		25,55			14,90	71,9	2,24	9,87	25,5			14,94	65,8	2,44	7,7	25,67				18,18	82,7	7,79	4,84	25,5				3,96	80,5					
30/01/2023 17.44.13						15,06	0,	2,35		25,55			14,77	71,	2,41	9,87	25,5			15,00	68,	2,65	7,7	25,67				17,87	82,6	7,72	4,85	25,5				4,02	79,2					
30/01/2023 17.49.13						15,56	0,	2,3		25,55			14,83	72,3	1,86	9,85	25,5			15,31	68,1	2,22	7,71	25,67				18,06	82,7	7,72	4,85	25,5				3,90	78,4					
30/01/2023 17.54.12						15,50	0,	2,67		25,55			14,90	71,1	1,95	9,86	25,5			15,31	67,6	2,33	7,92	25,67				18,00	83,	7,83	4,87	25,5				3,96	77,9					
30/01/2023 17.59.12						16,37	0,	2,77		25,55			15,15	72,9	2,32	9,86	25,5			15,50	67,6	3,	7,92	25,67				18,25	83,4	8,06	4,92	25,5				4,02	78,5					
30/01/2023 18.04.12						16,37	0,	2,51		25,55			15,02	72,9	2,22	9,86	25,5			15,31	67,5	2,68	8,14	25,67				18,56	84,2	8,61	5,01	25,5				3,96	79,6					
30/01/2023 18.09.12						15,87	0,	2,86		25,55			15,40	73,7	2,61	9,86	25,5			15,06	66,9	3,06	8,14	25,67				18,50	83,9	8,88	5,09	25,5				4,02	79,9					
30/01/2023 18.14.13						15,81	0,	2,63		25,55			16,08	74,6	2,79	9,86	25,5			15,19	67,8	2,81	8,48	25,67				17,87	83,8	8,72	5,05	25,5				4,08	79,					
30/01/2023 18.19.12						15,75	0,	2,67		25,55			15,71	72,6	1,08	1,89	0,			15,63	70,	2,49	9,04	25,67				17,93	83,9	9,55	5,06	25,5				3,96	79,3					
30/01/2023 18.24.13						15,62	0,	1,27		0,			15,65	77,8	1,46	3,41	0,			15,81	68,9	3,06	9,29	25,67				18,68	85,4	1,96	5,34	25,5				4,21	77,5					
30/01/2023 18.29.13						15,31	0,	1,15		0,			15,15	77,	1,32	3,43	0,			15,25	68,8	1,56	2,68	0,				18,62	85,4	1,4	5,62	25,5				4,15	75,8					
30/01/2023 18.34.13						15,18	0,	0,8		0,			14,90	76,7	1,54	2,35	0,			14,69	69,4	2,06	2,9	0,				18,81	86,2	1,86	6,07	25,5				4,02	75,8					
30/01/2023 18.39.11						14,75	0,	0,84		0,			14,52	77,2	1,26	0,76	0,			14,13	68,4	1,84	2,5	0,				18,43	86,9	1,96	6,04	25,5				4,15	76,2					
30/01/2023 18.44.13						13,62	0,	2,47		25,55			14,33	74,1	1,04	0,09	0,			13,50	68,	1,24	1,61	0,				17,50	85,5	8,51	6,	25,5				3,90	76,7					
30/01/2023 18.49.13						13,81	0,	2,3		25,55			13,96	75,6	2,7	9,87	25,5			13,19	68,4	0,9	0,64	0,				16,93	85,8	8,4	5,83	25,5				3,77	78,2					
30/01/2023 18.54.12						13,93	0,	2,18		25,55			13,77	75,3	2,23	9,87	25,5			13,00	68,	0,68	0,	0,				17,00	86,2	8,03	5,78	25,5				3,83	79,1					
30/01/2023 18.59.14						13,93	0,	2,21		25,55			13,90	75,4	2,04	9,86	25,5			13,06	68,8	2,9	8,78	25,67				16,81	86,2	7,86	5,71	25,5				3,96	78,8					
30/01/2023 19.04.12						14,18	0,	2,44		25,55			14,02	75,	1,83	9,86	25,5			13,13	70,	2,47	8,18	25,67				16,68	86,1	7,62	5,55	25,5				3,90	81,5					
30/01/2023 19.09.13						14,18	0,	2,11		25,55			13,83	73,4	1,66	9,86	25,5			13,44	71,2	2,26	7,79	25,67				16,56	85,8	7,48	5,54	25,5				3,90	81,2					
30/01/2023 19.14.12						14,75	0,	1,94		25,55			13,96	73,1	1,63	9,86	25,5			13,81	70,	2,18	7,59	25,67				16,37	85,5	7,61	5,26	25,5				3,96	80,6					
30/01/2023 19.19.14						14,62	0,	2,24		25,55			14,27	73,2	1,64	9,86	25,5			13,88	70,	2,11	7,61	25,67				16,87	85,8	7,45	5,09	25,5				3,77	81,6					
30/01/2023 19.24.11						14,75	0,	1,84		25,55			14,46	74,2	1,96	9,19	25,5			13,88	69,1	2,38	7,27	25,67				16,93	85,9	7,27	5,	25,5				3,90	81,2					
30/01/2023 19.29.13						14,43	0,	2,02		25,55			14,33	73,2	1,49	9,18	25,5			14,00	68,1	2,11	7,26	25,67				16,81	85,4	7,22	4,95	25,5				3,96	80,4					
30/01/2023 19.34.14						14,62	0,	2,03		25,55			14,58	73,	1,72	9,19	25,5			14,00	68,2	2,14	7,26	25,67				16,81	85,	7,42	4,78	25,5				3,96	80,5					
30/01/2023 19.39.12						14,75	0,	2,37		25,55			14,71	73,8	1,76	8,76	25,5			14,13	67,6	2,17	7,26	25,67				17,06	84,7	7,63	4,73	25,5				3,96	80,8					
30/01/2023 19.44.13						15,00	0,	2,3		25,55			14,90	72,2	1,87	8,76	25,5			14,31	66,8	2,04	6,99	25,67				17,06	84,2	7,61	4,69	25,5				3,83	81,4					
30/01/2023 19.49.13						14,68	0,	1,8		25,55			14,90	73,	1,66	8,96	25,5			14,44	67,1	1,76	6,99	25,67				17,37	83,9	7,5	4,62	25,5				3,77	82,					
30/01/2023 19.54.13						14,75	0,	2,18		25,55			14,90	72,	1,95	8,96	25,5			14,50	65,9	1,9	6,99	25,67				17,56	83,9	7,49	4,61	25,5				3,83	80,8					
30/01/2023 19.59.12						14,93	0,	1,96		25,55			15,08	71,4	1,83	8,77	25,5			14,69	66,	2,07	6,99	25,67				17,75	83,4	7,25	4,63	25,5				3,83	80,8					
30/01/2023 20.04.14						14,81	0,	1,97		25,55			15,15	71,8	1,79	8,77	25,5			14,81	65,6	1,93	6,99	25,67				17,81	83,4	7,13	4,63	25,5				3,83	81,7					
30/01/2023 20.09.12						15,25	0,	2,12		25,55			15,21	71,	1,71	9,24	25,5			14,81	65,3	2,16	6,99	25,67				17,93	83,1	7,24	4,56	25,5				4,02	84,8					
30/01/2023 20.14.13						15,25	0,	1,82		25,55			15,08	70,6	1,63	9,23	25,5			15,13	65,1	1,82	6,99	25,67				17,93	82,8	7,18	4,59	25,5				3,77	85,3					
30/01/2023 20.19.14						15,37	0,	2,46		25,55			15,15	70,3	1,76	9,23	25,5			15,13	64,1	2,4	6,99	25,67				18,31	82,7	7,11	4,71	25,5				3,77	85,2					
30/01/2023 20.24.13						15,37	0,	2,14		25,55			15,52	72,2	1,89	9,24	25,5			15,19	64,8	2,6	7,21	25,67				18,12	82,3	7,16	4,78	25,5				3,71	85,6					
30/01/2023 20.29.13						15,50	0,	2,02		25,55			15,08	70,2	2,11	9,7	25,5			15,13	63,7	2,25	7,21	25,67				18,06	81,7	7,12	4,78	25,5				3,71	85,6					
30/01/2023 20.34.12						15,75	0,	2,29		25,55			15,15	70,6	1,57	9,7	25,5			14,94	63,	2,25	7,41	25,67				17,62	80,9	7,13	4,8	25,5				3,71	86,					
30/01/2023 20.39.13						15,75	0,	1,84		25,55			14,83	69,5	2,02	9,7	25,5			14,81	62,8	2,42	7,41	25,67				17,68	81,1	7,22	4,79	25,5				3,52	86,7					
30/01/2023 20.44.11						15,75	0,	2,28		25,55			15,08	70,4	1,56	9,7	25,5			14,75	62,8	2,46	7,58	25,67				17,50	80,7	7,45	4,73	25,5				3,33	87,1					
30/01/2023 20.49.13						15,68	0,	2,24		25,55			14,96	69,4	1,59	9,86	25,5			14,88	63,7	2,07	7,57	25,67				17,87	81,1	7,52	4,74	25,5				3,15	87,5					
30/01/2023 20.54.12						15,81	0,	2,15		25,55			14,90	69,8	1,72	9,86	25,5			14,75	63,3	2,37	7,57	25,67				18,06	80,8	7,58	4,73	25,5				3,21	87,3					
30/01/2023 20.59.13						15,75	0,	2,19		25,55			15,08	69,8	1,55	9,86	25,5			14,69	63,2	2,19	7,57	25,67				18,25	81,1	7,48	4,85	25,5				3,08	86,					
30/01/2023 21.04.12						15,50	0,	2,		25,55			15,08	69,4	1,74	9,86	25,5			14,63	63,1	2,37	7,72	25,67				18,06	80,7	7,73	4,9	25,5				3,15	80,8					
30/01/2023 21.09.12						15,56	0,	1,92		25,55			14,83	68,5	1,95	9,86	25,5			14,50	62,8	2,69	7,72	25,67				18,12	80,3	7,63	5,04	25,5				3,33	86,4					
30/01/2023 21.14.14						15,56	0,	2,42		25,55			14,96	68,2	1,92	9,86	25,5			14,50	63,1	2,52	7,72	25,67				18,06	80,3	7,83	5,09	25,5				3,21	84,8					
30/01/2023 21.19.12						15,50	0,	2,59		25,55			14,77	69,3	1,94	9,86	25,5			14,56	63,3	2,74	7,72	25,67				18,12	79,8	7,83	5,19	25,5				3,15	85,3					
30/01/2023 21.24.13						15,12	0,	2,27		25,55			14,90	68,6	1,83	9,86	25,5			14,81	64,8	2,69	7,72	25,67				18,18	79,9	7,75	5,16	25,5				3,08	84,2					
30/01/2023 21.29.12						15,31	0,	2,34		25,55			14,77	67,8	1,77	9,87	25,5			15,00	64,5	2,26	7,95	25,67				17,93	79,9	7,76	5,24	25,5				3,21	87,2					
30/01/2023 21.34.13						15,12	0,	2,54		25,55			15,02	69,	1,81	9,87	25,5			14,88	62,4	2,69	7,96	25,67				18,18	80,	7,72	5,26	25,5				3,15	86,4					
30/01/2023 21.39.12						15,06	0,	2,18		25,55			14,90	68,4	1,92	9,85	25,5			14,81	62,4	2,42	7,95	25,67				18,18	79,5	7,71	5,3	25,5				3,15	86,					
30/01/2023 21.44.14						15,43	0,	2,45		25,55			14,65	68,2	1,81	9,86	25,5			14,81	62,8	2,49	7,96	25,67				18,06	79,5	7,63	5,34	25,5				3,08	86,					
30/01/2023 21.49.13						15,31	0,	2,21		25,55			14,77	68,	1,87	9,86	25,5			14,56	62,5	2,45	8,14	25,67				18,12	79,8	1,36	5,34	25,5				3,27	84,9					
30/01/2023 21.54.12						15,37	0,	2,05		25,55			14,65	68,7	2,03	9,86	25,5			14,69	62,8	2,62	8,14	25,67				18,12	79,8	7,67	5,34	25,5				3,40	84,					
30/01/2023 21.59.13						15,37	0,	2,18		25,55			14,77	69,	1,95	9,86	25,5			14,50	62,3	2,4	8,15	25,67				18,00	79,8	7,69	5,35	25,5				3,27	83,5					
30/01/2023 22.04.12						15,25	0,	2,08		25,55			14,71	69,4	2,25	9,85	25,5			14,38	62,4	2,72	8,14	25,67				17,75	79,1	7,66	5,34	25,5				3,27	86,4					
30/01/2023 22.09.13						15,00	0,	1,95		25,55			14,58	68,9	2,11	9,86	25,5			14,31	62,4	2,55	8,15	25,67				17,87	79,5	7,66	5,34	25,5				3,02	87,3					
30/01/2023 22.14.12						15,18	0,	2,02		25,55			14,65	68,2	2,07	9,86	25,5			14,31	62,	2,24	8,14	25,67				17,68	78,7	7,67	5,34	25,5				2,83	87,8					
30/01/2023 22.19.13						15,18	0,	2,2		25,55			14,52	67,8	1,98	9,86	25,5			14,25	62,	2,41	8,15	25,67				18,00	78,8	7,65	5,34	25,5				2,83	88,2					
30/01/2023 22.24.12						14,81	0,	2,19		25,55			14,52	68,9	1,78	9,87	25,5			14,25	63,2	2,5	8,14	25,67				17,81	79,	7,66	5,35	25,5				2,71	88,					
30/01/2023 22.29.14						15,12	0,	2,2		25,55			14,58	68,3	1,86	9,87	25,5			14,31	63,3	2,7	8,14	25,67				17,87	78,7	7,66	5,35	25,5				2,77	88,4					
30/01/2023 22.34.13						15,62	0,	2,26		25,55			14,27	67,8	1,93	9,87	25,5			14,31	62,9	2,95	8,13	25,67				17,62	77,9	7,68	5,35	25,5				3,02	89,1					
30/01/2023 22.39.11						15,68	0,	2,18		25,55			14,46	67,4	2,05	9,86	25,5			14,38	64,1	2,77	8,14	25,67				17,43	77,9	7,69	5,19	25,5				2,83	89,6					
30/01/2023 22.44.12						15,68	0,	2,04		25,55			15,02	70,6	2,	9,86	25,5			14,56	65,	2,46	8,14	25,67				17,75	78,6	7,66	5,25	25,5				2,71	90,					
30/01/2023 22.49.11						15,31	0,	2,01		25,55			14,46	68,8	1,88	9,86	25,5			14,81	64,5	2,4	8,13	25,67				17,93	78,4	7,67	5,23	25,5				2,77	90,4					
30/01/2023 22.54.13						15,56	0,	2,08		25,55			14,65	69,	1,87	9,87	25,5			14,88	63,	2,27	7,96	25,67				18,06	78,4	7,67	5,24	25,5				2,71	90,4					
30/01/2023 22.59.12						15,37	0,	2,15		25,55			14,52	68,2	2,	9,87	25,5			14,88	63,5	2,32	7,96	25,67				17,93	78,7	7,65	5,25	25,5				2,71	90,7					
30/01/2023 23.04.13						15,43	0,	2,03		25,55			14,58	68,7	1,92	9,86	25,5			14,69	62,8	2,19	7,96	25,67				18,00	79,1	7,67	5,3	25,5				2,71	90,8					
30/01/2023 23.09.11						15,18	0,	1,91		25,55			14,65	69,1	1,98	9,86	25,5			14,63	63,2	2,39	7,96	25,67				18,31	79,5	7,67	5,32	25,5				2,71	91,					
30/01/2023 23.14.13						15,50	0,	2,17		25,55			14,77	69,4	1,93	9,86	25,5			14,69	64,	2,02	7,96	25,67				18,18	79,2	7,67	5,49	25,5				2,71	90,9					
30/01/2023 23.19.13						15,68	0,	2,03		25,55			14,58	68,2	1,81	9,86	25,5			15,00	64,1	2,26	7,96	25,67				18,12	79,1	7,79	5,44	25,5				2,65	91,2					
30/01/2023 23.24.12						15,56	0,	1,87		25,55			14,58	68,6	1,96	9,86	25,5			14,81	64,2	2,64	7,95	25,67				18,31	79,9	7,91	5,57	25,5				2,58	90,4					
30/01/2023 23.29.13						15,31	0,	2,22		25,55			14,90	69,7	2,06	9,86	25,5			14,69	64,4	2,79	7,97	25,67				18,06	79,7	8,03	5,57	25,5				2,83	88,9					
30/01/2023 23.34.12						15,25	0,	2,55		25,55			15,40	72,3	2,24	9,87	25,5			14,50	64,3	2,09	7,96	25,67				18,12	79,9	7,96	5,64	25,5				2,83	88,4					
30/01/2023 23.39.12						17,12	0,	2,59		25,55			15,40	73,	2,77	9,87	25,5			14,75	65,2	2,45	7,96	25,67				18,00	79,5	8,45	5,69	25,5				2,90	88,6					
30/01/2023 23.44.12						16,68	0,	2,58		25,55			15,90	73,6	2,18	2,68	0,			14,63	64,8	2,18	7,97	25,67				18,12	79,5	1,38	5,77	25,5				2,77	88,9					
30/01/2023 23.49.12						16,25	0,	0,8		0,			15,71	75,9	0,51	2,52	0,			16,06	73,4	2,35	8,26	25,67				17,93	79,9	1,99	5,79	25,5				2,65	89,7					
30/01/2023 23.54.12						15,37	0,	0,74		0,			15,40	76,6	0,59	3,18	0,			16,31	70,9	2,56	9,3	25,67				19,06	82,6	2,42	6,09	25,5				2,58	90,5					
30/01/2023 23.59.13						14,75	0,	0,67		0,			15,08	79,	0,74	2,49	0,			15,75	68,8	1,01	2,4	0,				18,81	83,	1,82	6,46	25,5				2,65	90,6					
