Net no:						1	1	1	1	1			1	1	1	1	1			1	1	1	1	1				1	1	1	1	1				1	1					
Object no:						131	141	150	151	152			134	144	159	160	161			133	143	156	157	158				132	142	153	154	155				130	140					
Table no:						0	0	0	0	0			0	0	0	0	0			0	0	0	0	0				0	0	0	0	0				0	0					
Code no:						48	48	48	48	48			48	48	136	136	136			48	48	48	48	48				48	48	48	48	48				48	48					
Calculation:						T	/10	/100	/100	/100			T	/10	/100	/100	/100			T	/10	/100	/100	/100				T	/10	/100	/100	/100				T	/10					
Date/time:	Afp. 1776	Bes. 97184			Stald 1	Temp_stald1	Fugt_stald1	DynamicAir_trinlřs_stald1	Spjćld_trinlřs_stald 1	On/off_stald1		Stald 2	Temp_stald2	Fugt_stald2	DynamicAir_trinlřs_stald2	Spjćld_trinlřs_stald2	On/off_stald2		Stald5	Temp_stald5	Fugt_stald5	DynamicAir_trinlřs_stald5	Spjćld_trinlřs_stald5	On/off_stald 5			Stald6	Temp_stald6	Fugt_stald 6	DynamicAir_trinlřs_stald6	Spjćld_trinlřs_stald6	On/off_stald6			UDE	Temp_ude	Fugt_ude					
13-08-2022 00:02:40						27,18	101,1	0,45	0,	25,55			27,71	65,7	0,47	0,1	25,5			19,44	0,	1,67	7,25	0,				20,50	80,2	2,31	8,14	0,				17,33	77,7					
13-08-2022 00:07:43						27,18	101,1	0,47	0,	25,55			27,71	65,7	0,47	0,11	25,5			19,31	0,	1,25	6,74	0,				20,31	80,6	2,06	7,81	0,				16,96	78,					
13-08-2022 00:12:42						27,25	101,1	0,45	0,	25,55			27,71	65,7	0,47	0,11	25,5			19,13	0,	0,81	6,13	0,				20,43	80,3	1,7	7,47	0,				16,71	79,2					
13-08-2022 00:17:40						27,25	101,1	0,46	0,	25,55			27,71	65,3	0,47	0,1	25,5			19,06	0,	0,73	5,4	0,				20,37	80,3	1,55	7,14	0,				16,52	79,2					
13-08-2022 00:22:42						27,25	101,1	0,45	0,	25,55			27,71	65,3	0,47	0,1	25,5			19,13	0,	0,7	4,56	0,				20,56	79,7	1,25	6,85	0,				16,96	80,2					
13-08-2022 00:27:40						27,18	101,1	0,46	0,	25,55			27,65	65,4	0,47	0,1	25,5			19,13	0,	0,69	4,21	0,				20,62	80,4	1,	6,46	0,				17,15	80,4					
13-08-2022 00:32:41						27,18	101,1	0,48	0,	25,55			27,71	65,5	0,47	0,1	25,5			19,25	0,	0,73	3,23	0,				20,68	80,4	0,91	6,19	0,				17,02	80,5					
13-08-2022 00:37:42						27,06	101,1	0,46	0,	25,55			27,58	65,7	0,47	0,1	25,5			19,31	0,	0,61	2,72	0,				21,06	81,1	0,86	6,05	0,				17,02	81,2					
13-08-2022 00:42:42						26,93	101,1	0,46	0,	25,55			27,46	65,7	0,47	0,1	25,5			19,44	0,	0,69	1,27	0,				20,93	80,4	0,8	5,75	0,				17,33	81,7					
13-08-2022 00:47:41						27,06	101,1	0,45	0,	25,55			27,58	65,7	0,47	0,1	25,5			19,38	0,	0,48	0,	0,				20,87	80,5	0,78	5,67	0,				17,15	80,8					
13-08-2022 00:52:43						27,18	101,1	0,46	0,	25,55			27,52	65,9	0,47	0,11	25,5			19,56	0,	1,45	0,95	25,67				20,87	80,7	0,77	5,63	0,				16,96	81,2					
13-08-2022 00:57:41						27,25	101,1	0,46	0,	25,55			27,58	65,7	0,47	0,1	25,5			19,88	0,	2,8	8,24	25,67				21,00	81,1	0,78	5,4	0,				16,96	82,					
13-08-2022 01:02:41						27,25	101,1	0,45	0,	25,55			27,65	65,7	0,47	0,11	25,5			20,13	0,	2,68	8,23	25,67				21,12	80,3	0,77	5,27	0,				16,71	82,					
13-08-2022 01:07:42						27,18	101,1	0,45	0,	25,55			27,65	65,7	0,47	0,1	25,5			20,13	0,	2,35	8,24	25,67				21,06	80,7	0,75	5,07	0,				16,52	82,					
13-08-2022 01:12:40						27,06	101,1	0,45	0,	25,55			27,52	65,7	0,47	0,1	25,5			20,25	0,	2,49	7,86	25,67				20,93	80,9	0,75	4,97	0,				16,58	82,7					
13-08-2022 01:17:41						26,87	101,1	0,45	0,	25,55			27,46	65,9	0,47	0,1	25,5			20,25	0,	2,52	7,65	25,67				21,18	81,1	0,75	4,82	0,				16,77	82,9					
13-08-2022 01:22:41						27,00	101,1	0,46	0,	25,55			27,46	66,1	0,47	0,1	25,5			20,25	0,	2,28	7,42	25,67				21,12	80,7	0,75	4,87	0,				16,58	82,5					
13-08-2022 01:27:42						27,06	101,1	0,47	0,	25,55			27,52	65,7	0,47	0,1	25,5			20,25	0,	2,07	7,42	25,67				21,06	80,9	0,75	4,79	0,				16,71	82,9					
13-08-2022 01:32:41						27,18	101,1	0,48	0,	25,55			27,52	65,9	0,47	0,1	25,5			20,31	0,	1,89	6,94	25,67				20,87	81,1	0,7	4,55	0,				16,65	83,1					
13-08-2022 01:37:42						27,25	101,1	0,47	0,	25,55			27,52	65,7	0,47	0,1	25,5			20,44	0,	1,9	6,94	25,67				20,87	80,6	0,74	4,22	0,				16,40	83,1					
13-08-2022 01:42:41						27,25	101,1	0,47	0,	25,55			27,58	65,4	0,47	0,1	25,5			20,44	0,	1,73	6,67	25,67				21,00	80,6	0,73	3,88	0,				16,40	83,6					
13-08-2022 01:47:41						27,00	101,1	0,47	0,	25,55			27,40	65,7	0,47	0,1	25,5			20,44	0,	1,63	6,28	25,67				20,87	80,5	0,74	3,46	0,				16,46	84,					
13-08-2022 01:52:41						26,93	101,1	0,48	0,	25,55			27,40	65,7	0,47	0,1	25,5			20,50	0,	1,54	6,27	25,67				20,93	80,7	0,69	3,02	0,				16,33	83,6					
13-08-2022 01:57:41						26,93	101,1	0,47	0,	25,55			27,46	66,	0,47	0,1	25,5			20,63	0,	1,5	6,27	25,67				20,93	80,7	0,71	2,73	0,				16,52	83,9					
13-08-2022 02:02:42						27,06	101,1	0,47	0,	25,55			27,40	66,3	0,47	0,11	25,5			20,50	0,	1,5	6,27	25,67				20,87	80,7	0,63	1,94	0,				16,46	83,5					
13-08-2022 02:07:40						27,12	101,1	0,48	0,	25,55			27,46	66,1	0,47	0,1	25,5			20,63	0,	1,44	6,27	25,67				21,00	80,7	0,55	1,17	0,				16,40	83,3					
13-08-2022 02:12:41						27,25	101,1	0,47	0,	25,55			27,52	65,7	0,47	0,11	25,5			20,56	0,	1,39	6,27	25,67				20,81	81,	0,47	0,	0,				16,46	83,2					
13-08-2022 02:17:41						27,12	101,1	0,48	0,	25,55			27,46	65,7	0,47	0,1	25,5			20,69	0,	1,19	5,83	25,67				20,93	80,2	0,47	0,	0,				16,15	83,					
13-08-2022 02:22:42						27,18	101,1	0,48	0,	25,55			27,46	65,7	0,47	0,09	25,5			20,75	0,	1,15	5,6	25,67				20,75	81,1	2,61	6,86	25,5				16,02	83,6					
13-08-2022 02:27:42						27,12	101,1	0,48	0,	25,55			27,33	65,8	0,47	0,1	25,5			20,75	0,	1,13	5,62	25,67				21,00	80,6	2,29	8,97	25,5				15,77	83,6					
13-08-2022 02:32:41						27,00	101,1	0,48	0,	25,55			27,33	65,9	0,47	0,09	25,5			20,75	0,	1,06	5,4	25,67				21,00	80,4	2,64	9,04	25,5				15,90	83,9					
13-08-2022 02:37:42						26,81	101,1	0,47	0,	25,55			27,33	66,2	0,47	0,09	25,5			20,88	0,	1,04	5,21	25,67				21,00	80,8	2,29	9,03	25,5				15,65	83,4					
13-08-2022 02:42:41						26,93	101,1	0,48	0,	25,55			27,27	66,2	0,47	0,09	25,5			20,88	0,	0,99	5,08	25,67				21,00	80,8	2,31	9,29	25,5				15,58	84,					
13-08-2022 02:47:42						27,06	101,1	0,48	0,	25,55			27,33	66,1	0,47	0,09	25,5			20,94	0,	0,98	5,07	25,67				20,75	80,3	2,23	9,28	25,5				15,96	85,1					
13-08-2022 02:52:41						27,12	101,1	0,48	0,	25,55			27,40	66,2	0,47	0,1	25,5			20,94	0,	1,03	4,91	25,67				20,75	79,9	2,24	9,28	25,5				15,83	84,8					
13-08-2022 02:57:42						27,12	101,1	0,48	0,	25,55			27,40	66,1	0,47	0,09	25,5			21,00	0,	1,	4,92	25,67				20,50	80,7	2,35	9,28	25,5				15,83	85,1					
13-08-2022 03:02:41						27,12	101,1	0,48	0,	25,55			27,33	66,1	0,47	0,1	25,5			21,00	0,	0,99	4,92	25,67				20,50	80,9	2,37	9,28	25,5				15,96	85,3					
13-08-2022 03:07:41						27,12	101,1	0,48	0,	25,55			27,33	66,1	0,47	0,1	25,5			21,06	0,	0,96	4,7	25,67				20,50	80,5	2,18	9,28	25,5				15,77	85,2					
13-08-2022 03:12:41						27,18	101,1	0,48	0,	25,55			27,40	65,9	0,47	0,08	25,5			21,19	0,	0,96	4,69	25,67				20,56	80,6	2,36	9,15	25,5				15,77	85,6					
13-08-2022 03:17:41						26,93	101,1	0,48	0,	25,55			27,27	66,1	0,47	0,09	25,5			21,31	0,	0,93	4,71	25,67				20,43	80,7	2,29	8,82	25,5				15,58	85,4					
13-08-2022 03:22:42						26,87	101,1	0,48	0,	25,55			27,21	66,5	0,47	0,09	25,5			21,38	0,	0,9	4,7	25,67				20,43	80,5	2,34	8,71	25,5				15,77	86,					
13-08-2022 03:27:40						26,93	101,1	0,48	0,	25,55			27,21	66,5	0,47	0,09	25,5			21,31	0,	0,87	4,7	25,67				20,43	81,9	2,48	8,53	25,5				15,71	86,4					
13-08-2022 03:32:42						26,93	101,1	0,48	0,	25,55			27,21	66,2	0,47	0,09	25,5			21,25	0,	0,97	4,71	25,67				20,68	81,4	2,23	8,46	25,5				15,52	86,					
13-08-2022 03:37:40						27,00	101,1	0,47	0,	25,55			27,27	66,2	0,47	0,1	25,5			21,25	0,	0,97	4,7	25,67				20,43	81,1	2,42	8,48	25,5				15,52	86,7					
13-08-2022 03:42:41						27,06	101,1	0,47	0,	25,55			27,27	66,1	0,47	0,1	25,5			21,19	0,	0,96	4,7	25,67				20,62	81,9	2,43	8,43	25,5				15,46	86,8					
13-08-2022 03:47:41						27,06	101,1	0,45	0,	25,55			27,27	66,1	0,47	0,1	25,5			21,19	0,	0,96	4,7	25,67				20,62	81,2	2,61	8,36	25,5				15,46	86,8					
13-08-2022 03:52:41						27,06	101,1	0,46	0,	25,55			27,27	66,2	0,47	0,09	25,5			21,13	0,	0,98	4,7	25,67				20,50	81,1	2,81	8,34	25,5				15,40	86,9					
13-08-2022 03:57:42						26,87	101,1	0,45	0,	25,55			27,21	66,1	0,47	0,1	25,5			21,19	0,	0,96	4,7	25,67				20,68	81,5	2,55	8,15	25,5				15,52	87,4					
13-08-2022 04:02:41						26,75	101,1	0,47	0,	25,55			27,08	66,5	0,47	0,09	25,5			21,25	0,	0,99	4,7	25,67				20,56	81,3	2,52	8,11	25,5				15,65	87,7					
13-08-2022 04:07:41						26,68	101,1	0,47	0,	25,55			27,08	66,7	0,47	0,09	25,5			21,13	0,	0,95	4,7	25,67				20,62	81,1	2,41	8,04	25,5				15,52	87,2					
13-08-2022 04:12:40						26,87	101,1	0,47	0,	25,55			27,15	66,5	0,47	0,09	25,5			21,13	0,	0,91	4,71	25,67				20,68	81,8	2,23	7,98	25,5				15,52	87,3					
13-08-2022 04:17:41						26,93	101,1	0,46	0,	25,55			27,15	66,7	0,47	0,09	25,5			21,25	0,	0,92	4,7	25,67				20,87	81,1	2,13	7,91	25,5				15,58	87,6					
13-08-2022 04:22:42						27,00	101,1	0,46	0,	25,55			27,21	66,5	0,47	0,1	25,5			21,31	0,	0,95	4,7	25,67				20,62	80,6	2,19	7,87	25,5				15,40	87,2					
13-08-2022 04:27:41						27,06	101,1	0,47	0,	25,55			27,21	66,5	0,47	0,1	25,5			21,19	0,	0,97	4,71	25,67				20,62	81,5	2,16	7,79	25,5				15,21	86,8					
13-08-2022 04:32:40						27,00	101,1	0,45	0,	25,55			27,15	66,5	0,47	0,09	25,5			21,19	0,	0,92	4,54	25,67				20,93	81,1	2,21	7,86	25,5				15,52	87,3					
13-08-2022 04:37:42						27,00	101,1	0,46	0,	25,55			27,21	66,1	0,47	0,1	25,5			21,25	0,	0,99	4,54	25,67				20,81	81,1	2,26	7,86	25,5				15,15	86,4					
13-08-2022 04:42:42						26,87	101,1	0,47	0,	25,55			27,15	66,2	0,47	0,09	25,5			21,19	0,	0,94	4,54	25,67				20,68	80,7	2,49	7,86	25,5				14,90	86,4					
13-08-2022 04:47:42						26,75	101,1	0,45	0,	25,55			27,08	66,5	0,47	0,09	25,5			21,19	0,	0,92	4,2	25,67				20,62	81,	2,29	7,85	25,5				15,08	87,2					
13-08-2022 04:52:42						26,75	101,1	0,47	0,	25,55			27,08	66,7	0,47	0,1	25,5			21,19	0,	0,89	4,2	25,67				20,62	81,5	2,16	7,69	25,5				14,90	86,9					
13-08-2022 04:57:42						26,87	101,1	0,46	0,	25,55			27,08	66,7	0,47	0,09	25,5			21,13	0,	0,92	4,2	25,67				20,56	80,7	2,25	7,64	25,5				14,58	86,6					
13-08-2022 05:02:41						26,87	101,1	0,47	0,	25,55			27,08	67,	0,47	0,09	25,5			21,19	0,	0,91	4,19	25,67				20,75	81,	2,35	7,57	25,5				14,96	87,4					
13-08-2022 05:07:40						27,00	101,1	0,48	0,	25,55			27,08	66,5	0,47	0,1	25,5			21,19	0,	0,88	4,19	25,67				20,81	80,8	1,96	7,52	25,5				15,02	87,2					
13-08-2022 05:12:42						27,00	101,1	0,48	0,	25,55			27,15	66,5	0,47	0,09	25,5			21,13	0,	0,9	4,19	25,67				20,75	81,1	2,12	7,47	25,5				15,08	87,6					
13-08-2022 05:17:40						26,93	101,1	0,48	0,	25,55			27,15	66,5	0,47	0,1	25,5			21,13	0,	0,91	3,96	25,67				20,81	81,1	1,93	7,39	25,5				14,96	87,6					
13-08-2022 05:22:42						26,81	101,1	0,48	0,	25,55			27,08	67,	0,47	0,1	25,5			21,19	0,	0,91	3,98	25,67				20,68	81,2	1,97	7,37	25,5				14,83	87,5					
13-08-2022 05:27:41						26,81	101,1	0,48	0,	25,55			26,96	67,	0,47	0,1	25,5			21,13	0,	0,92	3,96	25,67				20,81	80,4	1,97	7,33	25,5				14,58	87,6					
13-08-2022 05:32:41						26,81	101,1	0,48	0,	25,55			27,08	67,	0,47	0,1	25,5			21,25	0,	0,89	3,97	25,67				21,06	81,3	1,88	7,41	25,5				14,71	87,6					
13-08-2022 05:37:42						26,93	101,1	0,47	0,	25,55			27,02	66,6	0,47	0,09	25,5			21,31	0,	0,92	3,96	25,67				21,18	81,5	1,97	7,41	25,5				14,58	88,					
13-08-2022 05:42:41						26,87	101,1	0,47	0,	25,55			27,02	67,	0,47	0,1	25,5			21,56	0,	0,92	3,97	25,67				21,31	81,	1,88	7,5	25,5				14,96	88,8					
13-08-2022 05:47:41						26,93	101,1	0,48	0,	25,55			27,08	66,7	0,47	0,09	25,5			21,56	0,	0,92	4,22	25,67				21,06	81,1	2,01	7,51	25,5				15,21	88,8					
13-08-2022 05:52:41						27,00	101,1	0,47	0,	25,55			27,08	66,5	0,47	0,09	25,5			21,50	0,	0,91	4,44	25,67				21,00	81,5	1,99	7,5	25,5				15,27	88,5					
13-08-2022 05:57:42						26,87	101,1	0,46	0,	25,55			26,96	66,9	0,47	0,1	25,5			21,38	0,	0,92	4,44	25,67				21,06	81,1	2,05	7,51	25,5				15,27	88,4					
13-08-2022 06:02:41						26,68	101,1	0,47	0,	25,55			26,90	67,	0,47	0,1	25,5			21,44	0,	0,92	4,44	25,67				21,12	81,1	2,1	7,5	25,5				15,08	88,					
13-08-2022 06:07:41						26,68	101,1	0,47	0,	25,55			26,90	67,	0,47	0,09	25,5			21,31	0,	0,98	4,44	25,67				20,93	80,7	2,04	7,5	25,5				15,02	88,					
13-08-2022 06:12:41						26,81	101,1	0,48	0,	25,55			26,96	67,3	0,47	0,1	25,5			21,25	0,	0,91	4,43	25,67				21,06	81,1	2,21	7,5	25,5				14,71	87,5					
13-08-2022 06:17:40						26,81	101,1	0,47	0,	25,55			26,96	67,1	0,47	0,1	25,5			21,19	0,	0,96	4,43	25,67				21,06	81,4	1,88	7,38	25,5				14,77	87,6					
13-08-2022 06:22:41						26,93	101,1	0,47	0,	25,55			27,02	67,	0,47	0,09	25,5			21,25	0,	0,98	4,44	25,67				20,93	81,1	1,95	7,41	25,5				15,15	87,7					
13-08-2022 06:27:40						26,87	101,1	0,46	0,	25,55			27,02	66,5	0,47	0,1	25,5			21,25	0,	0,94	4,44	25,67				21,06	81,5	2,11	7,41	25,5				15,21	86,9					
13-08-2022 06:32:42						26,87	101,1	0,48	0,	25,55			27,02	66,7	0,47	0,1	25,5			21,25	0,	0,94	4,44	25,67				21,12	81,9	1,97	7,41	25,5				15,15	86,					
13-08-2022 06:37:40						26,93	101,1	0,48	0,	25,55			27,02	67,	0,47	0,1	25,5			21,19	0,	0,94	4,44	25,67				21,06	81,6	2,16	7,42	25,5				15,21	86,					
13-08-2022 06:42:41						26,93	101,1	0,47	0,	25,55			27,02	67,	0,47	0,1	25,5			21,25	0,	0,93	4,44	25,67				21,25	82,1	2,13	7,41	25,5				15,40	86,					
13-08-2022 06:47:40						26,68	101,1	0,47	0,	25,55			26,90	67,3	0,47	0,09	25,5			21,25	0,	0,94	4,44	25,67				21,12	81,5	2,03	7,52	25,5				15,58	85,9					
13-08-2022 06:52:42						26,62	101,1	0,47	0,	25,55			26,90	67,4	0,47	0,1	25,5			21,19	0,	0,91	4,43	25,67				21,43	82,1	2,07	7,64	25,5				15,71	84,8					
13-08-2022 06:57:43						26,75	101,1	0,46	0,	25,55			26,90	67,5	0,47	0,09	25,5			21,19	0,	0,91	4,45	25,67				21,25	81,9	2,05	7,81	25,5				15,77	84,					
13-08-2022 07:02:41						26,75	101,1	0,45	0,	25,55			26,96	67,4	0,47	0,09	25,5			21,31	0,	0,9	4,44	25,67				21,25	82,8	2,24	7,92	25,5				15,96	84,4					
13-08-2022 07:07:42						26,87	101,1	0,47	0,	25,55			26,90	67,2	0,47	0,09	25,5			21,31	0,	0,91	4,44	25,67				21,37	82,6	2,33	7,98	25,5				16,08	84,6					
13-08-2022 07:12:41						26,87	101,1	0,48	0,	25,55			26,96	67,4	0,47	0,09	25,5			21,38	0,	0,95	4,44	25,67				21,25	82,7	2,33	8,06	25,5				16,33	84,9					
13-08-2022 07:17:43						26,93	101,1	0,48	0,	25,55			26,96	67,2	0,47	0,1	25,5			21,38	0,	0,91	4,43	25,67				21,43	82,3	2,39	8,11	25,5				16,46	85,3					
13-08-2022 07:22:41						26,75	101,1	0,47	0,	25,55			27,02	67,4	0,47	0,11	25,5			21,50	0,	0,93	4,79	25,67				21,31	82,4	2,43	8,11	25,5				16,40	85,7					
13-08-2022 07:27:42						26,68	101,1	0,48	0,	25,55			26,77	67,4	0,47	0,09	25,5			21,50	0,	0,99	4,78	25,67				21,12	82,7	2,55	8,19	25,5				16,46	85,7					
13-08-2022 07:32:41						26,56	101,1	0,47	0,	25,55			26,83	67,6	0,47	0,09	25,5			21,50	0,	1,03	5,08	25,67				21,06	82,7	2,59	8,26	25,5				16,77	85,6					
13-08-2022 07:37:41						26,81	101,1	0,46	0,	25,55			26,90	67,6	0,47	0,09	25,5			21,44	0,	1,04	5,09	25,67				21,31	84,2	2,48	8,7	25,5				17,15	85,9					
13-08-2022 07:42:42						26,75	101,1	0,47	0,	25,55			26,83	67,8	0,47	0,09	25,5			21,31	0,	1,05	5,37	25,67				21,37	83,9	2,34	9,04	25,5				17,33	84,4					
13-08-2022 07:47:41						26,81	101,1	0,47	0,	25,55			26,83	67,4	0,47	0,09	25,5			21,38	0,	1,07	5,36	25,67				21,18	83,8	2,37	9,23	25,5				17,58	84,					
13-08-2022 07:52:41						26,93	101,1	0,47	0,	25,55			26,96	67,1	0,47	0,11	25,5			21,44	0,	1,23	5,97	25,67				21,37	84,4	2,45	9,23	25,5				17,83	83,7					
13-08-2022 07:57:41						26,75	101,1	0,46	0,	25,55			26,90	67,2	0,47	0,1	25,5			21,44	0,	1,32	5,98	25,67				21,56	83,5	0,65	2,67	0,				18,15	83,2					
13-08-2022 08:02:42						26,62	101,1	0,45	0,	25,55			26,83	67,4	0,47	0,11	25,5			21,19	0,	1,49	6,33	25,67				21,50	84,4	0,69	2,96	0,				18,02	81,6					
13-08-2022 08:07:41						26,56	101,1	0,45	0,	25,55			26,83	67,8	0,47	0,1	25,5			21,25	0,	1,68	6,52	25,67				21,50	85,	0,71	3,3	0,				18,40	81,7					
13-08-2022 08:12:41						26,75	101,1	0,45	0,	25,55			26,83	67,8	0,47	0,11	25,5			21,13	0,	1,84	6,75	25,67				21,62	85,6	0,72	3,76	0,				18,33	80,8					
13-08-2022 08:17:41						26,75	101,1	0,46	0,	25,55			26,90	67,7	0,47	0,1	25,5			21,06	0,	1,84	6,75	25,67				21,75	85,4	0,73	4,48	0,				18,77	80,3					
13-08-2022 08:22:41						26,87	101,1	0,45	0,	25,55			26,96	67,8	0,47	0,1	25,5			21,00	0,	1,88	6,98	25,67				21,81	85,6	0,75	4,9	0,				18,96	79,2					
13-08-2022 08:27:42						26,87	101,1	0,45	0,	25,55			27,02	67,3	0,47	0,11	25,5			21,00	0,	2,08	6,98	25,67				21,87	85,6	0,74	5,24	0,				18,96	78,8					
13-08-2022 08:32:41						26,81	101,1	0,45	0,	25,55			26,96	67,4	0,47	0,11	25,5			20,94	0,	2,17	7,21	25,67				21,87	85,8	0,78	5,63	0,				19,08	78,5					
13-08-2022 08:37:43						26,68	101,1	0,46	0,	25,55			27,02	67,7	0,47	0,1	25,5			20,94	0,	2,15	7,34	25,67				21,81	85,8	0,97	6,13	0,				19,33	78,1					
13-08-2022 08:42:42						26,50	101,1	0,46	0,	25,55			26,90	67,8	0,47	0,11	25,5			20,94	0,	2,35	7,54	25,67				21,56	86,3	1,15	6,63	0,				19,58	77,2					
13-08-2022 08:47:42						26,68	101,1	0,45	0,	25,55			26,90	68,	0,47	0,11	25,5			21,00	0,	2,33	7,54	25,67				21,25	86,8	1,64	7,48	0,				20,15	75,3					
13-08-2022 08:52:40						26,75	101,1	0,45	0,	25,55			27,02	67,8	0,47	0,1	25,5			21,00	0,	2,68	7,86	25,67				21,43	87,8	1,7	7,58	0,				20,40	74,5					
13-08-2022 08:57:42						26,81	101,1	0,45	0,	25,55			27,02	67,8	0,47	0,1	25,5			21,13	0,	2,85	8,12	25,67				21,43	87,8	2,05	7,97	0,				20,27	74,5					
13-08-2022 09:02:40						26,87	101,1	0,46	0,	25,55			27,02	67,8	0,47	0,1	25,5			21,25	0,	2,57	9,11	25,67				21,31	88,2	2,16	8,15	0,				20,15	74,8					
13-08-2022 09:07:42						26,81	101,1	0,45	0,	25,55			27,08	67,7	0,47	0,1	25,5			21,25	0,	2,65	9,23	25,67				21,31	88,6	2,33	8,19	0,				20,40	73,3					
13-08-2022 09:12:42						26,81	101,1	0,45	0,	25,55			26,90	67,8	0,47	0,11	25,5			21,00	0,	0,63	2,18	0,				21,25	88,6	2,2	8,9	0,				20,65	72,5					
13-08-2022 09:17:40						26,62	101,1	0,46	0,	25,55			26,96	68,2	0,47	0,11	25,5			20,88	0,	0,59	2,68	0,				21,43	89,	2,2	9,29	0,				21,27	72,4					
13-08-2022 09:22:41						26,50	101,1	0,45	0,	25,55			26,90	68,2	0,47	0,11	25,5			20,75	0,	0,63	3,	0,				21,37	89,4	2,23	9,3	0,				21,21	73,					
13-08-2022 09:27:40						26,75	101,1	0,45	0,	25,55			27,02	68,2	0,47	0,11	25,5			20,63	0,	0,63	3,3	0,				21,50	89,8	2,28	9,29	0,				21,65	71,3					
13-08-2022 09:32:41						26,75	101,1	0,45	0,	25,55			26,96	68,2	0,47	0,11	25,5			20,69	0,	0,67	3,78	0,				21,81	90,7	2,12	9,31	0,				21,96	70,6					
13-08-2022 09:37:41						26,87	101,1	0,44	0,	25,55			27,08	67,8	0,47	0,11	25,5			20,81	0,	0,68	4,5	0,				21,93	90,3	2,26	9,29	0,				22,77	68,5					
13-08-2022 09:42:42						26,87	101,1	0,44	0,	25,55			27,08	68,1	0,47	0,11	25,5			20,88	0,	0,73	5,43	0,				22,18	90,6	2,26	9,3	0,				23,15	66,2					
13-08-2022 09:47:42						26,87	101,1	0,45	0,	25,55			27,15	67,9	0,47	0,11	25,5			21,00	0,	0,77	5,65	0,				22,18	89,8	2,22	9,3	0,				23,15	61,3					
13-08-2022 09:52:41						26,68	101,1	0,45	0,	25,55			27,02	68,2	0,47	0,1	25,5			20,94	0,	0,99	6,66	0,				22,25	89,2	2,2	9,29	0,				23,40	62,9					
13-08-2022 09:57:42						26,62	101,1	0,45	0,	25,55			27,02	68,3	0,47	0,11	25,5			20,88	0,	1,52	7,3	0,				22,37	88,6	2,15	9,29	0,				23,96	60,					
13-08-2022 10:02:41						26,81	101,1	0,44	0,	25,55			27,15	68,5	0,47	0,1	25,5			21,06	0,	2,23	8,63	0,				22,87	88,3	2,	9,3	0,				24,08	58,1					
13-08-2022 10:07:42						26,87	101,1	0,47	0,	25,55			27,21	68,2	0,47	0,1	25,5			21,00	0,	2,16	9,24	0,				22,87	87,1	2,21	9,29	0,				24,15	56,5					
13-08-2022 10:12:41						27,00	101,1	0,47	0,	25,55			27,27	68,4	0,47	0,11	25,5			21,06	0,	2,15	9,26	0,				22,93	86,6	2,18	9,29	0,				24,90	54,1					
13-08-2022 10:17:41						27,06	101,1	0,44	0,	25,55			27,33	67,9	0,47	0,1	25,5			21,25	0,	2,19	9,24	0,				23,43	85,8	2,09	9,3	0,				24,65	52,5					
13-08-2022 10:22:41						27,12	101,1	0,46	0,	25,55			27,40	67,8	0,47	0,11	25,5			21,38	0,	2,11	9,23	0,				23,50	85,1	2,12	9,29	0,				24,96	53,4					
13-08-2022 10:27:41						27,00	101,1	0,45	0,	25,55			27,40	67,8	0,47	0,1	25,5			21,69	0,	2,1	9,25	0,				23,68	84,	2,01	9,3	0,				25,08	51,3					
13-08-2022 10:32:41						26,81	101,1	0,48	0,	25,55			27,33	68,2	0,47	0,09	25,5			22,00	0,	2,21	9,23	0,				24,00	83,	2,01	9,29	0,				25,27	51,3					
13-08-2022 10:37:42						26,87	101,1	0,48	0,	25,55			27,40	68,2	0,47	0,1	25,5			22,31	0,	2,05	9,25	0,				24,25	82,6	2,07	9,3	0,				25,52	49,8					
13-08-2022 10:42:42						27,12	101,1	0,45	0,	25,55			27,46	68,3	0,47	0,09	25,5			22,63	0,	2,14	9,24	0,				24,50	80,6	2,1	9,29	0,				25,58	48,3					
13-08-2022 10:47:41						27,06	101,1	0,47	0,	25,55			27,46	68,3	0,47	0,1	25,5			22,88	0,	2,16	9,24	0,				24,62	78,6	2,1	9,29	0,				25,83	47,9					
13-08-2022 10:52:41						27,12	101,1	0,45	0,	25,55			27,52	68,2	0,47	0,11	25,5			23,19	0,	2,09	9,26	0,				24,87	77,2	2,1	9,29	0,				25,83	45,8					
13-08-2022 10:57:41						27,12	101,1	0,47	0,	25,55			27,52	68,2	0,47	0,11	25,5			23,50	0,	2,2	9,25	0,				24,93	76,3	2,05	9,29	0,				26,27	45,7					
13-08-2022 11:02:42						27,00	101,1	0,48	0,	25,55			27,46	68,4	0,47	0,11	25,5			23,81	0,	2,07	9,25	0,				25,43	75,1	2,06	9,3	0,				26,46	46,2					
13-08-2022 11:07:41						26,87	101,1	0,47	0,	25,55			27,40	68,6	0,47	0,12	25,5			24,19	0,	1,94	9,25	0,				25,68	73,5	2,03	9,31	0,				26,21	43,7					
13-08-2022 11:12:42						26,87	101,1	0,45	0,	25,55			27,46	68,6	0,47	0,12	25,5			24,50	0,	2,39	9,23	0,				26,18	72,	2,45	9,29	0,				26,46	41,8					
13-08-2022 11:17:41						26,93	101,1	0,44	0,	25,55			27,40	68,6	0,47	0,11	25,5			24,75	0,	2,38	9,24	0,				26,31	69,3	2,44	9,3	0,				26,83	41,8					
13-08-2022 11:22:42						27,06	101,1	0,45	0,	25,55			27,46	68,9	0,47	0,11	25,5			24,81	0,	2,49	9,25	0,				26,75	66,9	2,46	9,3	0,				26,77	38,7					
13-08-2022 11:27:42						27,06	101,1	0,47	0,	25,55			27,52	69,	0,47	0,11	25,5			24,88	0,	2,49	9,25	0,				26,68	66,	2,39	9,3	0,				26,65	37,9					
13-08-2022 11:32:41						27,06	101,1	0,47	0,	25,55			27,52	68,6	0,47	0,11	25,5			25,06	0,	2,36	9,27	0,				26,68	63,2	2,41	9,3	0,				26,96	37,					
13-08-2022 11:37:42						27,12	101,1	0,45	0,	25,55			27,58	68,6	0,47	0,11	25,5			25,13	0,	2,49	9,26	0,				26,68	63,6	2,45	9,3	0,				27,52	38,5					
13-08-2022 11:42:41						27,00	101,1	0,47	0,	25,55			27,52	68,6	0,47	0,11	25,5			25,25	0,	2,51	9,25	0,				26,87	63,2	2,63	9,3	0,				27,02	34,6					
13-08-2022 11:47:41						26,81	101,1	0,45	0,	25,55			27,40	69,1	0,47	0,11	25,5			25,31	0,	2,54	9,25	0,				27,06	63,2	2,47	9,3	0,				27,33	35,8					
13-08-2022 11:52:41						26,81	101,1	0,45	0,	25,55			27,40	69,1	0,47	0,12	25,5			25,56	0,	2,54	9,25	0,				27,25	63,	2,4	9,3	0,				27,33	38,1					
13-08-2022 11:57:42						27,00	101,1	0,46	0,	25,55			27,52	69,	0,47	0,1	25,5			25,69	0,	2,57	9,25	0,				27,31	63,6	2,42	9,31	0,				27,33	39,5					
13-08-2022 12:02:41						27,06	101,1	0,48	0,	25,55			27,52	68,9	0,47	0,11	25,5			25,94	0,	2,51	9,25	0,				27,50	63,4	2,55	9,31	0,				27,77	40,6					
13-08-2022 12:07:41						27,25	101,1	0,45	0,	25,55			27,58	68,7	0,47	0,11	25,5			26,06	0,	2,49	9,26	0,				27,81	62,4	2,32	9,31	0,				27,27	41,					
13-08-2022 12:12:42						27,25	101,1	0,48	0,	25,55			27,58	68,7	0,47	0,11	25,5			26,06	0,	2,51	9,25	0,				27,81	63,2	2,45	9,31	0,				27,77	40,6					
13-08-2022 12:17:40						27,18	101,1	0,45	0,	25,55			27,65	68,8	0,47	0,1	25,5			26,25	0,	2,69	9,26	0,				27,87	63,2	2,49	9,31	0,				27,40	39,4					
13-08-2022 12:22:41						27,06	101,1	0,48	0,	25,55			27,65	68,8	0,47	0,11	25,5			26,38	0,	2,54	9,25	0,				28,18	61,6	2,3	9,3	0,				27,46	40,					
13-08-2022 12:27:41						27,06	101,1	0,48	0,	25,55			27,65	68,9	0,47	0,11	25,5			26,44	0,	2,55	9,25	0,				28,43	61,7	2,37	9,32	0,				27,65	39,4					
13-08-2022 12:32:41						27,25	101,1	0,44	0,	25,55			27,65	69,	0,47	0,1	25,5			26,56	0,	2,58	9,25	0,				28,68	62,	2,18	9,31	0,				27,52	39,4					
13-08-2022 12:37:40						27,31	101,1	0,47	0,	25,55			27,71	68,7	0,47	0,11	25,5			26,56	0,	2,66	9,26	0,				28,75	62,3	2,48	9,3	0,				27,46	40,2					
13-08-2022 12:42:42						27,37	101,1	0,48	0,	25,55			27,83	69,	0,47	0,11	25,5			26,69	0,	2,34	9,26	0,				28,68	62,9	2,62	9,32	0,				27,96	43,5					
13-08-2022 12:47:41						27,31	101,1	0,48	0,	25,55			27,71	68,9	0,47	0,11	25,5			26,88	0,	2,55	9,26	0,				28,87	63,4	2,39	9,32	0,				27,71	42,2					
13-08-2022 12:52:41						27,18	101,1	0,48	0,	25,55			27,77	69,	0,48	0,11	25,5			27,00	0,	2,67	9,26	0,				29,12	62,8	2,45	9,31	0,				28,08	42,5					
13-08-2022 12:57:41						27,06	101,1	0,47	0,	25,55			27,71	69,1	0,47	0,11	25,5			27,25	0,	2,61	9,26	0,				28,93	62,4	2,2	9,31	0,				28,15	42,1					
13-08-2022 13:02:42						27,18	101,1	0,48	0,	25,55			27,65	68,7	0,47	0,11	25,5			27,44	0,	2,61	9,25	0,				29,31	61,9	2,39	9,31	0,				28,08	40,7					
13-08-2022 13:07:42						27,25	101,1	0,45	0,	25,55			27,77	68,8	0,47	0,1	25,5			27,44	0,	2,55	9,26	0,				28,93	61,6	2,46	9,32	0,				28,21	41,1					
13-08-2022 13:12:41						27,18	101,1	0,49	0,	25,55			27,77	68,9	0,48	0,11	25,5			27,50	0,	2,56	9,26	0,				29,18	62,3	2,36	9,31	0,				28,65	41,8					
13-08-2022 13:17:41						27,31	101,1	0,48	0,	25,55			27,83	69,	0,5	0,11	25,5			27,56	0,	2,55	9,27	0,				29,25	61,2	2,37	9,31	0,				28,52	42,5					
13-08-2022 13:22:42						27,12	101,1	0,45	0,	25,55			27,83	69,	0,47	0,1	25,5			27,75	0,	2,45	9,26	0,				29,43	60,8	2,3	9,31	0,				28,27	40,2					
13-08-2022 13:27:41						27,00	101,1	0,48	0,	25,55			27,77	69,4	0,47	0,11	25,5			27,75	0,	2,49	9,25	0,				29,50	61,2	2,38	9,32	0,				28,71	40,7					
13-08-2022 13:32:42						27,12	101,1	0,45	0,	25,55			27,77	69,	0,47	0,11	25,5			27,88	0,	2,49	9,26	0,				29,62	60,7	2,55	9,31	0,				28,15	39,4					
13-08-2022 13:37:41						27,25	101,1	0,48	0,	25,55			27,77	69,	0,47	0,12	25,5			28,00	0,	2,42	9,26	0,				29,62	60,4	2,42	9,31	0,				28,65	40,4					
13-08-2022 13:42:41						27,25	101,1	0,47	0,	25,55			27,90	69,	0,47	0,12	25,5			28,06	0,	2,66	9,25	0,				29,56	60,	2,36	9,31	0,				29,15	40,6					
13-08-2022 13:47:41						27,31	101,1	0,52	0,	25,55			27,90	68,8	0,5	0,11	25,5			28,19	0,	2,56	9,26	0,				29,68	59,2	2,58	9,31	0,				28,96	39,8					
13-08-2022 13:52:43						27,25	101,1	0,44	0,	25,55			27,96	69,	0,47	0,11	25,5			28,25	0,	2,61	9,25	0,				29,81	59,2	2,34	9,31	0,				29,02	40,6					
13-08-2022 13:57:42						27,18	101,1	0,44	0,	25,55			27,83	69,4	0,47	0,11	25,5			28,25	0,	2,49	9,26	0,				29,87	60,	2,42	9,31	0,				28,65	39,8					
13-08-2022 14:02:41						27,12	101,1	0,48	0,	25,55			27,83	69,	0,49	0,11	25,5			28,25	0,	2,44	9,26	0,				29,81	60,	2,45	9,31	0,				28,83	41,					
13-08-2022 14:07:41						27,25	101,1	0,48	0,	25,55			27,90	68,9	0,47	0,12	25,5			28,50	0,	2,61	9,26	0,				30,06	59,5	2,32	9,32	0,				29,40	40,2					
13-08-2022 14:12:43						27,37	101,1	0,48	0,	25,55			27,90	69,	0,47	0,12	25,5			28,56	0,	2,65	9,26	0,				30,12	59,3	2,49	9,31	0,				28,96	38,2					
13-08-2022 14:17:40						27,43	101,1	0,48	0,	25,55			27,96	68,6	0,47	0,1	25,5			28,63	0,	2,53	9,25	0,				30,31	58,4	2,35	9,32	0,				28,65	38,6					
13-08-2022 14:22:42						27,37	101,1	0,45	0,	25,55			28,02	69,	0,47	0,11	25,5			28,75	0,	2,63	9,26	0,				30,31	59,6	2,39	9,32	0,				29,58	39,					
13-08-2022 14:27:42						27,18	101,1	0,48	0,	25,55			27,96	69,4	0,47	0,11	25,5			28,88	0,	2,39	9,27	0,				30,50	59,2	2,54	9,31	0,				29,27	37,1					
13-08-2022 14:32:41						27,25	101,1	0,48	0,	25,55			27,90	69,	0,47	0,11	25,5			28,88	0,	2,56	9,26	0,				30,50	58,5	2,41	9,32	0,				29,46	37,8					
13-08-2022 14:37:42						27,31	101,1	0,48	0,	25,55			28,02	68,7	0,47	0,11	25,5			28,94	0,	2,48	9,26	0,				30,50	58,	2,52	9,32	0,				29,02	36,6					
13-08-2022 14:42:40						27,37	101,1	0,47	0,	25,55			28,08	68,8	0,47	0,11	25,5			28,88	0,	2,39	9,26	0,				30,50	58,4	2,44	9,32	0,				29,65	37,4					
13-08-2022 14:47:41						27,43	101,1	0,48	0,	25,55			28,08	68,6	0,47	0,12	25,5			29,06	0,	2,68	9,26	0,				30,62	57,6	2,45	9,32	0,				29,52	38,6					
13-08-2022 14:52:40						27,43	101,1	0,45	0,	25,55			28,15	68,7	0,47	0,12	25,5			29,06	0,	2,59	9,27	0,				30,62	57,6	2,36	9,32	0,				29,27	38,7					
13-08-2022 14:57:42						27,37	101,1	0,51	0,	25,55			28,02	68,6	0,47	0,11	25,5			29,19	0,	2,57	9,27	0,				30,50	57,7	2,67	9,32	0,				29,83	37,9					
13-08-2022 15:02:40						27,31	101,1	0,47	0,	25,55			28,15	68,6	0,47	0,11	25,5			29,25	0,	2,52	9,27	0,				30,75	57,2	2,31	9,32	0,				29,58	36,9					
13-08-2022 15:07:43						27,37	101,1	0,44	0,	25,55			28,15	68,4	0,47	0,11	25,5			29,31	0,	2,5	9,26	0,				30,75	57,4	2,47	9,32	0,				29,83	36,6					
13-08-2022 15:12:41						27,50	101,1	0,46	0,	25,55			28,27	68,3	0,47	0,12	25,5			29,50	0,	2,49	9,25	0,				30,87	57,2	2,53	9,32	0,				30,02	37,5					
13-08-2022 15:17:41						27,56	101,1	0,44	0,	25,55			28,27	67,9	0,47	0,11	25,5			29,44	0,	2,58	9,26	0,				31,00	58,	2,52	9,32	0,				30,21	37,1					
13-08-2022 15:22:42						27,56	101,1	0,5	0,	25,55			28,33	67,8	0,51	0,11	25,5			29,50	0,	2,61	9,26	0,				31,06	57,5	2,39	9,32	0,				30,58	38,6					
13-08-2022 15:27:40						27,56	101,1	0,51	0,	25,55			28,40	67,8	0,54	0,12	25,5			29,44	0,	2,74	9,26	0,				30,81	57,6	2,57	9,32	0,				29,96	37,4					
13-08-2022 15:32:41						27,43	101,1	0,45	0,	25,55			28,33	68,1	0,47	0,12	25,5			29,56	0,	2,55	9,26	0,				30,93	57,3	2,44	9,32	0,				30,21	37,4					
13-08-2022 15:37:40						27,37	101,1	0,45	0,	25,55			28,21	68,2	0,47	0,11	25,5			29,56	0,	2,53	9,26	0,				31,18	56,7	2,46	9,32	0,				30,08	37,					
13-08-2022 15:42:43						27,50	101,1	0,48	0,	25,55			28,40	68,	0,47	0,12	25,5			29,56	0,	2,55	9,26	0,				31,00	56,3	2,24	9,31	0,				29,96	37,6					
13-08-2022 15:47:40						27,62	101,1	0,52	0,	25,55			28,40	67,8	0,47	0,11	25,5			29,50	0,	2,76	9,27	0,				31,25	56,6	2,27	9,31	0,				29,96	35,9					
13-08-2022 15:52:41						27,81	101,1	0,48	0,	25,55			28,52	67,5	0,47	0,1	25,5			29,50	0,	2,42	9,27	0,				31,12	55,2	2,55	9,31	0,				30,02	36,4					
13-08-2022 15:57:42						27,62	101,1	0,48	0,	25,55			28,52	67,7	0,47	0,11	25,5			29,38	0,	2,65	9,27	0,				31,00	55,2	2,52	9,31	0,				30,02	37,6					
13-08-2022 16:02:40						27,62	101,1	0,48	0,	25,55			28,40	67,4	0,47	0,12	25,5			29,50	0,	2,55	9,27	0,				31,12	56,4	2,44	9,31	0,				29,77	35,8					
13-08-2022 16:07:41						27,56	101,1	0,48	0,	25,55			28,46	67,6	0,47	0,11	25,5			29,50	0,	2,55	9,27	0,				31,18	55,5	2,26	9,31	0,				30,21	36,6					
13-08-2022 16:12:41						27,68	101,1	0,48	0,	25,55			28,52	67,8	0,47	0,12	25,5			29,63	0,	2,49	9,27	0,				31,25	55,2	2,28	9,32	0,				30,40	35,8					
13-08-2022 16:17:42						27,75	101,1	0,44	0,	25,55			28,58	67,4	0,47	0,11	25,5			29,75	0,	2,36	9,27	0,				31,00	55,4	2,29	9,31	0,				30,15	35,3					
13-08-2022 16:22:40						27,81	101,1	0,47	0,	25,55			28,58	67,6	0,47	0,11	25,5			29,56	0,	2,53	9,28	0,				30,87	55,9	2,36	9,31	0,				30,15	34,6					
13-08-2022 16:27:42						27,81	101,1	0,44	0,	25,55			28,71	67,4	0,47	0,11	25,5			29,63	0,	2,63	9,27	0,				31,31	55,5	2,41	9,33	0,				30,02	36,6					
13-08-2022 16:32:41						27,75	101,1	0,48	0,	25,55			28,77	67,4	0,48	0,11	25,5			29,75	0,	2,67	9,26	0,				31,31	56,	2,41	9,32	0,				30,15	36,6					
13-08-2022 16:37:42						27,87	101,1	0,48	0,	25,55			28,71	67,5	0,51	0,11	25,5			29,75	0,	2,65	9,26	0,				31,00	55,6	2,47	9,32	0,				29,96	37,					
13-08-2022 16:42:41						27,87	101,1	0,51	0,	25,55			28,77	67,5	0,47	0,11	25,5			29,69	0,	2,77	9,27	0,				31,00	56,2	2,42	9,32	0,				29,77	36,7					
13-08-2022 16:47:40						27,75	101,1	0,53	0,	25,55			28,65	67,4	0,51	0,11	25,5			29,63	0,	2,83	9,27	0,				31,00	55,8	2,33	9,32	0,				30,21	36,6					
13-08-2022 16:52:41						27,75	101,1	0,49	0,	25,55			28,71	67,5	0,47	0,12	25,5			29,44	0,	2,73	9,26	0,				30,87	56,	2,29	9,33	0,				29,90	37,9					
13-08-2022 16:57:41						27,75	101,1	0,48	0,	25,55			28,83	67,4	0,47	0,1	25,5			29,38	0,	2,66	9,26	0,				30,93	56,8	2,28	9,32	0,				30,40	38,2					
13-08-2022 17:02:42						27,87	101,1	0,48	0,	25,55			28,77	67,5	0,47	0,11	25,5			29,56	0,	2,66	9,26	0,				31,25	56,3	2,43	9,32	0,				30,02	35,8					
13-08-2022 17:07:41						27,93	101,1	0,49	0,	25,55			28,96	67,4	0,52	0,12	25,5			29,56	0,	2,68	9,26	0,				31,18	56,8	2,5	9,32	0,				29,77	36,6					
13-08-2022 17:12:41						27,93	101,1	0,48	0,	25,55			28,83	67,7	0,49	0,11	25,5			29,50	0,	2,65	9,27	0,				31,12	56,	2,49	9,32	0,				30,08	37,					
13-08-2022 17:17:41						27,87	101,1	0,48	0,	25,55			28,77	67,4	0,47	0,11	25,5			29,56	0,	2,63	9,26	0,				31,12	55,5	2,48	9,32	0,				30,02	35,7					
13-08-2022 17:22:42						27,81	101,1	0,48	0,	25,55			28,90	67,4	0,49	0,11	25,5			29,63	0,	2,59	9,26	0,				30,93	56,	2,38	9,32	0,				30,33	35,6					
13-08-2022 17:27:42						27,87	101,1	0,48	0,	25,55			28,96	67,4	0,47	0,12	25,5			29,44	0,	2,73	9,25	0,				30,87	55,4	2,58	9,32	0,				29,77	36,8					
13-08-2022 17:32:40						28,00	101,1	0,5	0,	25,55			28,90	67,8	0,48	0,11	25,5			29,38	0,	2,49	9,27	0,				30,75	56,2	2,2	9,31	0,				30,02	37,4					
13-08-2022 17:37:42						28,00	101,1	0,48	0,	25,55			28,96	67,7	0,48	0,1	25,5			29,38	0,	2,56	9,25	0,				30,81	56,3	2,31	9,31	0,				29,71	36,6					
13-08-2022 17:42:40						28,06	101,1	0,48	0,	25,55			29,02	67,9	0,47	0,12	25,5			29,38	0,	2,47	9,26	0,				30,75	56,4	2,26	9,31	0,				29,83	36,9					
13-08-2022 17:47:41						28,00	101,1	0,46	0,	25,55			29,08	67,8	0,47	0,12	25,5			29,25	0,	2,53	9,27	0,				30,81	56,3	2,27	9,31	0,				29,96	36,2					
13-08-2022 17:52:41						28,06	101,1	0,48	0,	25,55			29,08	67,8	0,47	0,11	25,5			29,38	0,	2,6	9,27	0,				30,93	56,2	2,31	9,32	0,				29,90	36,6					
13-08-2022 17:57:41						28,12	101,1	0,48	0,	25,55			29,02	67,8	0,47	0,12	25,5			29,38	0,	2,66	9,27	0,				30,75	57,	2,37	9,32	0,				29,77	36,2					
13-08-2022 18:02:40						28,18	101,1	0,49	0,	25,55			29,08	67,8	0,51	0,12	25,5			29,25	0,	2,46	9,26	0,				30,68	56,5	2,32	9,32	0,				30,02	35,8					
13-08-2022 18:07:41						28,25	101,1	0,48	0,	25,55			29,15	67,4	0,47	0,11	25,5			29,31	0,	2,57	9,26	0,				30,56	56,3	2,31	9,31	0,				30,02	35,4					
13-08-2022 18:12:42						28,25	101,1	0,47	0,	25,55			29,21	67,4	0,47	0,11	25,5			29,25	0,	2,35	9,26	0,				30,62	57,2	2,45	9,31	0,				30,02	35,6					
13-08-2022 18:17:40						28,37	101,1	0,48	0,	25,55			29,21	67,5	0,47	0,12	25,5			29,19	0,	2,49	9,26	0,				30,56	56,8	2,33	9,31	0,				30,08	35,4					
13-08-2022 18:22:42						28,37	101,1	0,47	0,	25,55			29,21	67,2	0,47	0,1	25,5			29,06	0,	2,4	9,26	0,				30,37	57,6	2,38	9,32	0,				30,15	35,4					
13-08-2022 18:27:41						28,31	101,1	0,48	0,	25,55			29,27	67,	0,47	0,11	25,5			29,06	0,	2,53	9,27	0,				30,37	57,6	2,38	9,31	0,				30,02	35,5					
13-08-2022 18:32:42						28,31	101,1	0,47	0,	25,55			29,27	67,1	0,47	0,11	25,5			29,06	0,	2,45	9,27	0,				30,37	57,7	2,3	9,32	0,				30,08	37,					
13-08-2022 18:37:41						28,31	101,1	0,45	0,	25,55			29,21	67,	0,47	0,12	25,5			29,00	0,	2,52	9,27	0,				30,25	57,6	2,49	9,32	0,				30,15	36,2					
13-08-2022 18:42:42						28,31	101,1	0,48	0,	25,55			29,27	66,6	0,47	0,12	25,5			28,94	0,	2,53	9,26	0,				30,12	57,6	2,29	9,32	0,				29,71	36,2					
13-08-2022 18:47:40						28,37	101,1	0,48	0,	25,55			29,21	66,5	0,47	0,11	25,5			28,88	0,	2,55	9,26	0,				30,12	57,6	2,36	9,31	0,				29,77	36,2					
13-08-2022 18:52:42						28,43	101,1	0,46	0,	25,55			29,27	66,5	0,47	0,12	25,5			28,81	0,	2,53	9,26	0,				29,93	57,6	2,45	9,32	0,				29,77	35,8					
13-08-2022 18:57:42						28,37	101,1	0,48	0,	25,55			29,27	66,5	0,47	0,1	25,5			28,69	0,	2,63	9,26	0,				29,87	56,9	2,36	9,32	0,				29,65	35,9					
13-08-2022 19:02:41						28,37	101,1	0,48	0,	25,55			29,27	66,5	0,47	0,12	25,5			28,50	0,	2,6	9,27	0,				29,81	57,2	2,39	9,31	0,				29,27	37,9					
13-08-2022 19:07:41						28,25	101,1	0,49	0,	25,55			29,27	66,2	0,47	0,12	25,5			28,38	0,	2,62	9,27	0,				29,56	58,4	2,33	9,31	0,				29,02	39,4					
13-08-2022 19:12:40						28,37	101,1	0,48	0,	25,55			29,15	66,2	0,49	0,12	25,5			28,19	0,	2,68	9,27	0,				29,50	59,2	2,45	9,32	0,				28,90	39,6					
13-08-2022 19:17:41						28,25	101,1	0,52	0,	25,55			29,15	66,2	0,47	0,11	25,5			28,13	0,	2,59	9,26	0,				29,25	59,6	2,47	9,32	0,				28,83	41,7					
13-08-2022 19:22:41						28,31	101,1	0,48	0,	25,55			29,21	66,1	0,47	0,12	25,5			28,13	0,	2,63	9,25	0,				29,06	60,6	2,36	9,32	0,				28,52	39,5					
13-08-2022 19:27:43						28,37	101,1	0,48	0,	25,55			29,27	66,1	0,47	0,11	25,5			28,00	0,	2,54	9,27	0,				29,12	60,8	2,31	9,32	0,				28,65	36,6					
13-08-2022 19:32:41						28,31	101,1	0,48	0,	25,55			29,21	66,1	0,47	0,11	25,5			28,00	0,	2,61	9,25	0,				29,18	61,1	2,3	9,32	0,				28,52	35,5					
13-08-2022 19:37:42						28,37	101,1	0,47	0,	25,55			29,21	66,1	0,47	0,11	25,5			27,88	0,	2,59	9,27	0,				29,12	60,9	2,37	9,31	0,				28,46	35,6					
13-08-2022 19:42:41						28,31	101,1	0,48	0,	25,55			29,08	66,1	0,51	0,11	25,5			27,81	0,	2,6	9,26	0,				28,93	61,6	2,36	9,31	0,				27,96	35,4					
13-08-2022 19:47:40						28,37	101,1	0,52	0,	25,55			29,15	65,9	0,52	0,12	25,5			27,75	0,	2,66	9,27	0,				28,75	61,3	2,44	9,31	0,				26,90	37,8					
13-08-2022 19:52:42						28,31	101,1	0,52	0,	25,55			29,21	65,9	0,5	0,12	25,5			27,50	0,	2,56	9,25	0,				28,31	62,9	2,34	9,31	0,				26,40	41,4					
13-08-2022 19:57:41						28,31	101,1	0,48	0,	25,55			29,15	65,9	0,49	0,11	25,5			27,19	0,	2,53	9,27	0,				28,37	64,8	2,42	9,31	0,				26,02	44,2					
13-08-2022 20:02:42						28,31	101,1	0,48	0,	25,55			29,08	65,7	0,49	0,11	25,5			26,94	0,	2,74	9,27	0,				28,25	65,6	2,51	9,32	0,				27,02	43,7					
13-08-2022 20:07:41						28,31	101,1	0,48	0,	25,55			29,02	65,7	0,48	0,11	25,5			26,94	0,	2,51	9,27	0,				27,81	66,3	2,29	9,31	0,				26,96	45,					
13-08-2022 20:12:42						28,31	101,1	0,48	0,	25,55			29,08	65,7	0,47	0,11	25,5			26,69	0,	2,63	9,26	0,				27,68	66,8	2,55	9,32	0,				26,58	45,8					
13-08-2022 20:17:41						28,37	101,1	0,48	0,	25,55			29,15	65,6	0,47	0,1	25,5			26,56	0,	2,55	9,26	0,				27,81	67,2	2,4	9,31	0,				26,40	46,6					
13-08-2022 20:22:41						28,25	101,1	0,48	0,	25,55			29,08	65,6	0,48	0,12	25,5			26,31	0,	2,53	9,25	0,				27,75	67,4	2,44	9,31	0,				25,90	48,					
13-08-2022 20:27:42						28,31	101,1	0,48	0,	25,55			29,02	65,7	0,47	0,11	25,5			26,13	0,	2,45	9,25	0,				27,62	68,	2,42	9,31	0,				25,27	51,1					
13-08-2022 20:32:41						28,31	101,1	0,48	0,	25,55			29,02	65,3	0,47	0,11	25,5			25,94	0,	2,54	9,26	0,				27,06	68,6	2,53	9,31	0,				24,40	54,5					
13-08-2022 20:37:42						28,25	101,1	0,48	0,	25,55			29,02	65,5	0,47	0,11	25,5			25,75	0,	2,53	9,26	0,				27,00	68,8	2,48	9,31	0,				24,40	56,					
13-08-2022 20:42:41						28,25	101,1	0,48	0,	25,55			29,08	65,7	0,47	0,12	25,5			25,50	0,	2,62	9,25	0,				26,62	69,6	2,48	9,31	0,				24,02	57,6					
13-08-2022 20:47:42						28,25	101,1	0,48	0,	25,55			29,02	65,7	0,47	0,11	25,5			25,31	0,	2,73	9,26	0,				26,68	70,1	2,46	9,31	0,				23,58	58,9					
13-08-2022 20:52:41						28,25	101,1	0,47	0,	25,55			29,02	65,3	0,47	0,11	25,5			25,06	0,	2,6	9,25	0,				26,31	69,9	2,65	9,3	0,				23,27	60,6					
13-08-2022 20:57:42						28,18	101,1	0,45	0,	25,55			28,96	65,2	0,47	0,1	25,5			24,94	0,	2,71	9,26	0,				25,93	70,7	2,68	9,3	0,				23,02	61,7					
13-08-2022 21:02:40						28,12	101,1	0,45	0,	25,55			28,90	65,3	0,47	0,11	25,5			24,75	0,	2,48	9,26	0,				25,68	71,1	2,63	9,3	0,				22,65	62,9					
13-08-2022 21:07:42						28,00	101,1	0,48	0,	25,55			28,90	65,3	0,47	0,11	25,5			24,56	0,	2,62	9,26	0,				25,62	71,1	2,67	9,31	0,				22,27	65,3					
13-08-2022 21:12:41						28,06	101,1	0,46	0,	25,55			28,96	65,3	0,47	0,11	25,5			24,44	0,	2,67	9,25	0,				25,62	71,5	2,53	9,3	0,				22,15	67,3					
13-08-2022 21:17:41						28,25	101,1	0,48	0,	25,55			28,96	65,3	0,47	0,11	25,5			24,19	0,	2,75	9,25	0,				25,25	72,1	2,64	9,31	0,				22,02	68,5					
13-08-2022 21:22:41						28,25	101,1	0,45	0,	25,55			28,96	65,3	0,48	0,11	25,5			24,00	0,	2,83	9,25	0,				25,18	72,3	2,78	9,31	0,				21,77	69,3					
13-08-2022 21:27:40						28,06	101,1	0,48	0,	25,55			28,96	65,3	0,47	0,11	25,5			23,88	0,	2,64	9,26	0,				25,12	72,7	2,49	9,31	0,				21,52	70,1					
13-08-2022 21:32:41						27,93	101,1	0,48	0,	25,55			28,90	65,2	0,47	0,12	25,5			23,63	0,	2,52	9,26	0,				24,68	72,7	2,56	9,31	0,				21,33	70,5					
13-08-2022 21:37:41						27,87	101,1	0,47	0,	25,55			28,90	65,3	0,47	0,12	25,5			23,50	0,	2,68	9,26	0,				24,62	73,1	2,5	9,29	0,				21,02	70,9					
13-08-2022 21:42:41						28,06	101,1	0,45	0,	25,55			28,96	65,3	0,47	0,11	25,5			23,31	0,	2,68	9,25	0,				25,06	71,1	2,13	9,29	0,				20,83	71,7					
13-08-2022 21:47:41						28,06	101,1	0,45	0,	25,55			28,83	65,3	0,47	0,12	25,5			23,25	0,	2,74	9,27	0,				24,81	70,8	2,6	9,31	0,				20,96	72,					
13-08-2022 21:52:42						28,00	101,1	0,47	0,	25,55			28,83	65,1	0,47	0,11	25,18			23,06	0,	2,53	9,26	0,				24,25	72,6	2,41	9,3	0,				20,96	72,1					
13-08-2022 21:57:42						28,00	101,1	0,47	0,	25,55			28,83	65,	0,47	0,11	25,5			23,88	0,	2,25	9,25	0,				25,50	69,5	2,13	9,3	0,				20,90	72,					
13-08-2022 22:02:41						28,12	101,1	0,45	0,	25,55			28,83	65,1	0,47	0,11	25,5			24,00	0,	2,25	9,26	0,				24,50	71,5	2,54	9,31	0,				20,77	72,1					
13-08-2022 22:07:42						27,87	101,1	0,45	0,	25,55			28,77	64,9	0,47	0,12	25,5			23,88	0,	2,15	9,24	0,				24,56	70,3	2,08	9,31	0,				20,65	72,2					
13-08-2022 22:12:41						27,81	101,1	0,45	0,	25,55			28,71	64,9	0,47	0,11	25,5			23,69	0,	2,08	9,26	0,				24,93	70,3	2,27	9,31	0,				20,58	72,5					
13-08-2022 22:17:43						27,87	101,1	0,45	0,	25,55			28,71	64,9	0,47	0,11	25,5			23,50	0,	2,08	9,26	0,				24,62	70,4	2,2	9,3	0,				20,46	70,9					
13-08-2022 22:22:41						28,06	101,1	0,45	0,	25,55			28,77	65,1	0,47	0,12	25,5			23,31	0,	2,13	9,26	0,				24,81	72,3	2,53	9,31	0,				20,40	72,5					
13-08-2022 22:27:42						28,00	101,1	0,44	0,	25,55			28,77	65,	0,47	0,11	25,5			23,19	0,	2,21	9,25	0,				24,06	74,2	2,44	9,3	0,				20,21	72,9					
13-08-2022 22:32:42						28,00	101,1	0,48	0,	25,55			28,71	64,9	0,47	0,11	25,5			23,00	0,	2,07	9,25	0,				24,43	72,3	2,03	9,3	0,				20,27	72,8					
13-08-2022 22:37:41						27,93	101,1	0,46	0,	25,55			28,77	64,9	0,47	0,11	25,5			22,75	0,	2,16	9,27	0,				24,12	72,	2,05	9,3	0,				20,21	72,9					
13-08-2022 22:42:42						27,87	101,1	0,45	0,	25,55			28,71	64,9	0,47	0,11	25,5			22,63	0,	2,14	9,25	0,				23,68	71,9	2,2	9,31	0,				20,08	72,9					
13-08-2022 22:47:41						27,75	101,1	0,46	0,	25,55			28,65	64,9	0,47	0,12	25,5			22,44	0,	2,09	9,24	0,				23,50	72,7	2,06	9,29	0,				20,21	72,9					
13-08-2022 22:52:42						27,68	101,1	0,46	0,	25,55			28,58	64,9	0,47	0,11	25,5			22,44	0,	2,24	9,26	0,				23,62	73,1	2,18	9,3	0,				20,08	72,9					
13-08-2022 22:57:42						27,87	101,1	0,44	0,	25,55			28,65	65,2	0,47	0,11	25,5			22,25	0,	2,12	9,24	0,				23,50	73,5	2,02	9,31	0,				20,08	73,3					
13-08-2022 23:02:41						27,93	101,1	0,45	0,	25,55			28,71	65,2	0,47	0,11	25,5			22,19	0,	2,19	9,24	0,				23,06	73,6	2,19	9,31	0,				20,08	73,2					
13-08-2022 23:07:41						27,93	101,1	0,44	0,	25,55			28,65	64,9	0,47	0,1	25,5			22,06	0,	2,19	9,26	0,				23,06	74,2	2,17	9,3	0,				20,08	73,4					
13-08-2022 23:12:41						27,87	101,1	0,45	0,	25,55			28,65	64,9	0,47	0,1	25,5			21,88	0,	2,17	9,24	0,				23,06	74,7	2,21	9,3	0,				20,08	73,7					
13-08-2022 23:17:41						27,81	101,1	0,44	0,	25,55			28,58	64,9	0,47	0,11	25,5			21,94	0,	2,21	9,24	0,				22,87	75,1	2,03	9,3	0,				20,02	73,7					
13-08-2022 23:22:42						27,75	101,1	0,45	0,	25,55			28,52	65,1	0,47	0,1	25,5			21,81	0,	2,08	9,24	0,				23,06	75,9	2,11	9,31	0,				19,96	73,7					
13-08-2022 23:27:41						27,81	101,1	0,45	0,	25,55			28,58	65,1	0,47	0,1	25,5			21,75	0,	2,15	9,24	0,				22,87	75,9	2,18	9,29	0,				19,90	74,1					
13-08-2022 23:32:41						28,00	101,1	0,46	0,	25,55			28,65	64,9	0,47	0,1	25,5			21,69	0,	2,19	9,26	0,				23,00	76,3	2,17	9,29	0,				20,02	74,5					
13-08-2022 23:37:41						28,06	101,1	0,45	0,	25,55			28,71	64,9	0,47	0,1	25,5			21,63	0,	2,14	9,25	0,				23,00	76,3	2,07	9,3	0,				19,96	74,5					
13-08-2022 23:42:40						27,87	101,1	0,45	0,	25,55			28,77	64,9	0,47	0,11	25,5			21,50	0,	2,08	9,25	0,				23,25	77,1	2,12	9,31	0,				19,83	74,8					
13-08-2022 23:47:42						27,87	101,1	0,45	0,	25,55			28,71	64,9	0,47	0,12	25,5			21,50	0,	2,13	9,25	0,				23,25	77,1	2,25	9,29	0,				19,77	75,2					
13-08-2022 23:52:40						27,93	101,1	0,45	0,	25,55			28,65	64,9	0,47	0,1	25,5			21,44	0,	2,1	9,24	0,				22,75	77,5	2,13	9,31	0,				19,71	75,6					
13-08-2022 23:57:41						27,87	101,1	0,45	0,	25,55			28,58	64,9	0,47	0,1	25,5			21,44	0,	2,12	9,23	0,				22,75	77,9	2,16	9,29	0,				19,58	75,7					
