Net no:						1	1	1	1	1			1	1	1	1	1			1	1	1	1	1				1	1	1	1	1				1	1					
Object no:						131	141	150	151	152			134	144	159	160	161			133	143	156	157	158				132	142	153	154	155				130	140					
Table no:						0	0	0	0	0			0	0	0	0	0			0	0	0	0	0				0	0	0	0	0				0	0					
Code no:						48	48	48	48	48			48	48	136	136	136			48	48	48	48	48				48	48	48	48	48				48	48					
Calculation:						T	/10	/100	/100	/100			T	/10	/100	/100	/100			T	/10	/100	/100	/100				T	/10	/100	/100	/100				T	/10					
Date/time:	Afp. 1776	Bes. 97184			Stald 1	Temp_stald1	Fugt_stald1	DynamicAir_trinlřs_stald1	Spjćld_trinlřs_stald 1	On/off_stald1		Stald 2	Temp_stald2	Fugt_stald2	DynamicAir_trinlřs_stald2	Spjćld_trinlřs_stald2	On/off_stald2		Stald5	Temp_stald5	Fugt_stald5	DynamicAir_trinlřs_stald5	Spjćld_trinlřs_stald5	On/off_stald 5			Stald6	Temp_stald6	Fugt_stald 6	DynamicAir_trinlřs_stald6	Spjćld_trinlřs_stald6	On/off_stald6			UDE	Temp_ude	Fugt_ude					
09/12/2022 00.04.11						15,37	0,	1,37	6,25	25,55			18,83	79,6	0,81	5,01	25,5			17,75	72,4	1,04	5,15	25,67				14,06	84,6	2,05	7,34	25,5				0,40	97,7					
09/12/2022 00.09.11						15,75	0,	1,22	6,18	25,55			18,77	78,6	0,83	5,	25,5			17,88	71,6	0,96	4,97	25,67				14,06	84,4	1,64	7,02	25,5				0,40	97,7					
09/12/2022 00.14.11						15,87	0,	1,35	6,2	25,55			19,02	78,3	0,83	5,	25,5			18,06	72,	0,94	4,77	25,67				14,68	85,5	1,59	6,75	25,5				0,40	97,6					
09/12/2022 00.19.11						15,81	0,	1,52	6,34	25,55			19,02	78,2	0,83	5,	25,5			18,31	72,	0,89	4,77	25,67				14,81	84,5	1,45	6,56	25,5				0,33	97,6					
09/12/2022 00.24.11						15,68	0,	1,38	6,37	25,55			19,27	78,5	0,89	5,63	25,5			18,44	71,1	0,94	4,77	25,67				14,50	83,7	1,36	6,51	25,5				0,40	97,6					
09/12/2022 00.29.11						15,81	0,	1,34	6,54	25,55			19,21	77,	0,88	5,63	25,5			18,69	72,	0,91	4,77	25,67				14,75	83,9	1,55	6,45	25,5				0,40	97,6					
09/12/2022 00.34.11						15,75	0,	1,31	6,55	25,55			19,15	76,8	0,87	5,63	25,5			18,94	72,1	0,92	4,77	25,67				14,93	83,5	1,48	6,49	25,5				0,40	97,6					
09/12/2022 00.39.10						15,62	0,	1,45	6,65	25,55			19,15	76,7	0,86	5,63	25,5			19,13	72,	0,96	4,77	25,67				15,31	83,2	1,45	6,54	25,5				0,27	97,7					
09/12/2022 00.44.11						15,56	0,	1,56	6,64	25,55			19,58	78,5	0,89	5,63	25,5			19,19	70,9	0,98	4,77	25,67				15,18	82,7	1,54	6,47	25,5				0,40	97,8					
09/12/2022 00.49.12						15,25	0,	1,43	6,77	25,55			19,58	77,1	0,9	5,63	25,5			19,50	71,2	0,98	4,77	25,67				15,18	82,8	1,6	6,45	25,5				0,33	97,7					
09/12/2022 00.54.11						15,31	0,	1,56	6,84	25,55			19,21	77,	0,89	5,63	25,5			19,44	70,	1,04	4,77	25,67				15,25	82,3	1,82	6,45	25,5				0,33	97,6					
09/12/2022 00.59.11						15,31	0,	1,57	6,83	25,55			19,08	76,2	0,9	5,64	25,5			19,50	70,	1,01	4,98	25,67				15,37	82,7	1,63	6,56	25,5				0,27	97,7					
09/12/2022 01.04.11						15,25	0,	1,77	6,81	25,55			18,90	74,9	0,9	5,84	25,5			19,50	69,4	1,	4,99	25,67				15,12	82,	1,67	6,59	25,5				0,27	97,6					
09/12/2022 01.09.10						15,43	0,	1,79	6,82	25,55			18,77	75,3	0,94	5,83	25,5			19,38	68,6	1,09	5,25	25,67				15,62	82,1	1,68	6,61	25,5				0,02	97,6					
09/12/2022 01.14.10						15,43	0,	1,44	6,81	25,55			18,77	75,	1,01	6,04	25,5			19,31	68,1	1,09	5,25	25,67				15,25	81,8	1,62	6,66	25,5				0,21	97,6					
09/12/2022 01.19.11						15,25	0,	1,75	6,82	25,55			18,65	75,6	0,98	6,05	25,5			19,25	67,7	1,13	5,25	25,67				15,62	81,9	1,55	6,69	25,5				-0,17	97,2					
09/12/2022 01.24.11						15,31	0,	1,49	6,82	25,55			18,46	75,	1,	6,35	25,5			19,25	67,5	1,06	5,25	25,67				15,50	81,3	1,8	6,74	25,5				-0,17	97,5					
09/12/2022 01.29.11						15,31	0,	1,67	6,84	25,55			18,33	74,3	0,97	6,34	25,5			19,19	67,2	1,17	5,41	25,67				15,31	80,6	1,54	6,77	25,5				0,21	97,6					
09/12/2022 01.34.12						15,25	0,	1,8	6,81	25,55			18,27	75,4	1,06	6,35	25,5			19,13	66,8	1,2	5,57	25,67				15,18	81,1	1,72	6,81	25,5				-0,10	97,2					
09/12/2022 01.39.10						15,25	0,	1,54	6,84	25,55			18,08	75,7	1,06	6,57	25,5			18,94	66,4	1,08	5,57	25,67				15,18	81,1	1,52	6,85	25,5				0,02	97,6					
09/12/2022 01.44.11						15,18	0,	1,52	6,67	25,55			17,77	72,6	1,07	6,57	25,5			18,75	66,1	1,17	5,57	25,67				15,12	80,6	1,7	6,96	25,5				-0,23	97,6					
09/12/2022 01.49.11						14,81	0,	1,68	6,66	25,55			17,77	75,5	1,08	6,57	25,5			18,56	66,	1,24	5,57	25,67				15,12	80,3	1,6	6,88	25,5				-0,23	97,5					
09/12/2022 01.54.11						15,25	0,	1,59	6,65	25,55			17,52	72,4	0,96	6,27	25,5			18,63	65,2	1,25	5,57	25,67				15,06	80,3	1,73	6,96	25,5				-0,17	97,5					
09/12/2022 01.59.10						15,31	0,	1,53	6,65	25,55			17,77	74,	0,96	6,02	25,5			18,56	66,4	1,21	5,57	25,67				15,06	80,9	1,5	6,96	25,5				0,02	97,3					
09/12/2022 02.04.12						15,56	0,	1,45	6,66	25,55			17,96	74,2	0,96	6,02	25,5			18,50	66,4	1,23	5,57	25,67				15,06	80,3	1,81	6,97	25,5				0,08	97,4					
09/12/2022 02.09.10						15,18	0,	1,55	6,84	25,55			18,21	74,1	0,94	6,02	25,5			18,56	66,8	1,25	5,57	25,67				15,00	80,2	1,74	6,95	25,5				-0,04	97,6					
09/12/2022 02.14.11						15,00	0,	1,67	6,84	25,55			18,33	74,6	0,96	6,02	25,5			18,69	66,8	1,24	5,57	25,67				15,31	80,3	1,98	6,97	25,5				0,21	97,6					
09/12/2022 02.19.11						15,12	0,	1,54	6,86	25,55			18,33	75,	0,96	6,02	25,5			18,75	66,4	1,19	5,57	25,67				15,12	80,3	1,97	6,96	25,5				0,40	97,6					
09/12/2022 02.24.10						15,06	0,	1,77	6,86	25,55			18,27	74,2	1,	6,03	25,5			18,75	66,	1,23	5,57	25,67				14,87	78,7	1,91	7,02	25,5				0,33	97,6					
09/12/2022 02.29.11						14,87	0,	1,5	6,79	25,55			18,33	73,8	1,03	6,37	25,5			18,63	66,	1,13	5,57	25,67				15,00	79,1	1,78	7,07	25,5				0,40	97,6					
09/12/2022 02.34.10						15,00	0,	1,91	6,76	25,55			18,33	73,1	1,01	6,37	25,5			18,69	65,6	1,22	5,57	25,67				14,81	79,	1,81	7,08	25,5				0,40	97,4					
09/12/2022 02.39.11						15,00	0,	1,67	6,75	25,55			18,27	73,3	1,07	6,37	25,5			18,75	66,	1,22	5,33	25,67				14,75	79,2	1,8	7,11	25,5				0,33	97,2					
09/12/2022 02.44.10						15,12	0,	1,5	6,77	25,55			18,21	72,6	1,02	6,61	25,5			18,81	65,3	1,2	5,33	25,67				14,93	79,5	1,91	7,13	25,5				0,40	97,2					
09/12/2022 02.49.11						15,18	0,	1,66	6,75	25,55			18,02	72,6	1,09	6,62	25,5			18,88	65,2	1,18	5,33	25,67				15,18	81,	2,01	7,12	25,5				0,40	97,2					
09/12/2022 02.54.10						15,25	0,	1,81	6,76	25,55			17,90	72,	1,06	6,62	25,5			19,00	66,	1,25	5,62	25,67				15,12	80,4	1,85	7,12	25,5				0,40	97,2					
09/12/2022 02.59.11						15,00	0,	1,84	6,75	25,55			17,83	72,2	1,28	6,84	25,5			18,88	66,2	1,19	5,62	25,67				15,00	79,9	1,78	7,11	25,5				0,33	97,2					
09/12/2022 03.04.12						15,06	0,	1,64	6,77	25,55			17,65	73,2	1,26	6,83	25,5			19,00	67,4	1,18	5,62	25,67				14,75	79,5	1,89	7,12	25,5				0,40	97,2					
09/12/2022 03.09.10						15,18	0,	1,9	6,75	25,55			17,46	71,3	1,14	6,6	25,5			18,88	65,7	1,29	5,62	25,67				14,93	80,9	1,88	7,12	25,5				0,40	97,4					
09/12/2022 03.14.12						14,93	0,	1,51	6,65	25,55			17,58	72,5	1,1	6,39	25,5			18,69	66,	1,25	5,62	25,67				15,25	80,3	1,94	7,11	25,5				0,33	97,4					
09/12/2022 03.19.11						15,12	0,	1,54	6,62	25,55			17,71	73,4	1,06	6,16	25,5			18,75	66,2	1,15	5,63	25,67				14,87	80,6	1,71	7,12	25,5				0,46	97,4					
09/12/2022 03.24.12						15,43	0,	1,32	6,55	25,55			18,21	73,1	1,	6,16	25,5			18,63	65,2	1,2	5,61	25,67				15,12	79,7	1,78	7,17	25,5				0,33	97,4					
09/12/2022 03.29.11						15,56	0,	1,5	6,59	25,55			18,33	73,4	0,98	6,51	25,5			18,50	64,9	1,23	5,62	25,67				14,81	79,9	1,7	7,22	25,5				0,40	97,4					
09/12/2022 03.34.11						15,56	0,	1,66	6,64	25,55			18,33	71,8	0,99	6,51	25,5			18,56	64,8	1,27	5,37	25,67				14,87	79,5	2,08	7,31	25,5				0,46	97,3					
09/12/2022 03.39.10						15,50	0,	1,51	6,61	25,55			18,21	72,2	1,06	6,51	25,5			18,50	64,9	1,27	5,37	25,67				14,87	79,5	2,06	7,32	25,5				0,40	97,4					
09/12/2022 03.44.13						15,56	0,	1,57	6,66	25,55			17,96	70,9	1,14	6,76	25,5			18,56	65,1	1,17	5,37	25,67				14,75	79,2	2,03	7,22	25,5				0,40	97,3					
09/12/2022 03.49.11						15,43	0,	1,77	6,78	25,55			17,83	70,6	1,16	6,76	25,5			18,56	64,4	1,26	5,37	25,67				14,50	78,7	1,81	7,16	25,5				0,40	97,2					
09/12/2022 03.54.10						15,43	0,	1,49	6,76	25,55			17,58	70,1	1,17	6,76	25,5			18,50	64,2	1,21	5,38	25,67				14,62	78,9	1,78	7,12	25,5				0,33	97,2					
09/12/2022 03.59.12						15,62	0,	1,63	6,75	25,55			17,65	70,1	1,18	6,88	25,5			18,63	65,2	1,22	5,38	25,67				14,75	79,9	1,83	7,13	25,5				0,46	97,2					
09/12/2022 04.04.11						15,50	0,	1,83	6,75	25,55			17,71	71,4	1,04	6,64	25,5			18,75	65,4	1,23	5,38	25,67				14,37	78,8	2,07	7,01	25,5				0,46	97,2					
09/12/2022 04.09.11						15,37	0,	1,75	6,74	25,55			17,83	72,	1,	6,4	25,5			18,75	64,4	1,22	5,62	25,67				14,68	79,2	2,16	7,	25,5				0,40	97,2					
09/12/2022 04.14.10						15,00	0,	1,43	6,76	25,55			17,90	71,7	1,02	6,39	25,5			18,81	64,1	1,19	5,62	25,67				14,87	79,8	1,68	6,96	25,5				0,40	97,2					
09/12/2022 04.19.11						15,18	0,	1,47	6,75	25,55			17,96	71,4	1,06	6,39	25,5			18,81	64,4	1,19	5,62	25,67				14,87	79,1	1,59	6,96	25,5				0,40	97,2					
09/12/2022 04.24.10						15,18	0,	1,6	6,77	25,55			18,21	70,6	0,97	6,39	25,5			18,81	64,	1,22	5,62	25,67				14,87	79,2	1,93	6,92	25,5				0,46	97,1					
09/12/2022 04.29.12						15,37	0,	1,41	6,76	25,55			18,40	73,8	1,02	6,39	25,5			18,81	64,1	1,28	5,63	25,67				15,00	79,2	1,82	6,92	25,5				0,52	97,1					
09/12/2022 04.34.12						15,12	0,	1,76	6,75	25,55			18,46	72,8	1,04	6,64	25,5			18,81	62,8	1,17	5,62	25,67				15,00	79,9	1,91	6,92	25,5				0,58	97,2					
09/12/2022 04.39.11						15,18	0,	1,53	6,74	25,55			18,21	71,2	1,18	6,83	25,5			18,63	63,2	1,27	5,63	25,67				15,06	79,5	1,84	6,93	25,5				0,58	97,2					
09/12/2022 04.44.11						15,25	0,	1,78	6,75	25,55			17,96	71,	1,11	6,85	25,5			18,63	64,3	1,15	5,62	25,67				14,81	79,2	1,87	7,08	25,5				0,58	97,4					
09/12/2022 04.49.11						15,25	0,	1,73	6,77	25,55			17,83	70,6	1,14	6,84	25,5			18,69	64,1	1,23	5,62	25,67				14,93	79,1	1,84	7,08	25,5				0,58	97,5					
09/12/2022 04.54.12						14,93	0,	1,47	6,78	25,55			17,83	71,1	1,19	7,08	25,5			18,69	64,5	1,23	5,62	25,67				14,81	78,7	1,76	7,11	25,5				0,65	97,3					
09/12/2022 04.59.10						14,93	0,	1,6	6,86	25,55			17,27	69,8	1,32	7,39	25,5			18,75	64,	1,24	5,61	25,67				15,06	79,5	1,82	7,17	25,5				0,65	97,2					
09/12/2022 05.04.11						14,87	0,	1,57	7,01	25,55			16,90	69,4	1,16	6,99	25,5			18,69	64,4	1,18	5,61	25,67				14,75	79,2	1,87	7,06	25,5				0,58	97,2					
09/12/2022 05.09.10						14,93	0,	1,75	7,11	25,55			17,21	71,2	0,94	6,18	25,5			18,69	64,1	1,16	5,62	25,67				14,75	79,9	1,94	7,03	25,5				0,65	97,3					
09/12/2022 05.14.11						14,50	0,	1,8	7,1	25,55			17,71	73,8	0,85	5,45	25,5			18,56	63,2	1,21	5,62	25,67				14,87	80,	1,65	6,96	25,5				0,71	97,4					
09/12/2022 05.19.11						14,68	0,	1,77	7,09	25,55			18,27	75,	0,84	5,46	25,5			18,63	64,4	1,17	5,62	25,67				15,12	79,4	1,83	7,01	25,5				0,71	97,6					
09/12/2022 05.24.10						14,81	0,	1,8	6,95	25,55			18,52	74,5	0,84	5,46	25,5			18,75	62,9	1,17	5,42	25,67				15,31	80,3	1,66	6,9	25,5				0,65	97,5					
09/12/2022 05.29.11						15,25	0,	1,66	6,86	25,55			18,71	73,3	0,95	5,99	25,5			18,63	63,6	1,2	5,42	25,67				15,31	80,3	1,86	6,89	25,5				0,65	97,6					
09/12/2022 05.34.10						15,00	0,	1,83	6,87	25,55			18,65	73,	0,92	5,99	25,5			18,81	65,2	1,21	5,42	25,67				15,37	79,7	1,77	6,91	25,5				0,71	97,6					
09/12/2022 05.39.12						15,18	0,	1,64	6,7	25,55			18,65	73,	0,97	6,22	25,5			18,94	64,	1,16	5,42	25,67				15,06	79,1	1,75	6,9	25,5				0,71	97,6					
09/12/2022 05.44.11						15,37	0,	1,56	6,77	25,55			18,52	71,9	0,96	6,23	25,5			18,88	64,1	1,17	5,42	25,67				15,00	79,1	1,79	7,03	25,5				0,71	97,6					
09/12/2022 05.49.12						15,31	0,	1,59	6,77	25,55			18,52	72,3	1,05	6,23	25,5			18,88	63,2	1,17	5,42	25,67				15,06	79,5	2,07	6,99	25,5				0,65	97,5					
09/12/2022 05.54.10						15,37	0,	1,67	6,74	25,55			18,65	74,3	0,95	6,22	25,5			18,75	64,1	1,24	5,42	25,67				15,50	80,2	1,98	6,99	25,5				0,65	97,6					
09/12/2022 05.59.12						15,12	0,	1,82	6,77	25,55			18,71	74,4	1,05	6,42	25,5			18,81	64,4	1,19	5,42	25,67				14,81	78,7	1,87	7,12	25,5				0,71	97,7					
09/12/2022 06.04.11						15,25	0,	1,37	6,63	25,55			18,46	73,4	1,02	6,67	25,5			19,19	65,6	1,11	5,24	25,67				14,75	78,3	1,91	7,12	25,5				0,77	97,6					
09/12/2022 06.09.12						15,25	0,	1,51	6,64	25,55			18,65	72,6	1,15	6,68	25,5			19,50	65,9	1,15	5,48	25,67				15,12	79,8	1,97	7,12	25,5				0,77	97,6					
09/12/2022 06.14.11						15,87	0,	1,79	6,63	25,55			18,83	73,	1,05	6,68	25,5			19,44	66,8	1,19	5,49	25,67				15,18	79,5	2,02	7,33	25,5				0,65	97,6					
09/12/2022 06.19.10						17,12	0,	1,48	6,76	25,55			18,71	72,1	1,16	6,85	25,5			19,31	65,4	1,29	5,82	25,67				15,37	79,5	1,88	7,3	25,5				0,65	97,6					
09/12/2022 06.24.12						17,18	0,	1,49	6,91	25,55			18,21	71,	1,33	7,16	25,5			19,25	65,7	1,27	5,81	25,67				15,50	80,7	2,	7,3	25,5				0,65	97,5					
09/12/2022 06.29.11						17,50	0,	1,6	7,05	25,55			18,33	71,7	1,32	7,55	25,5			19,19	65,2	1,24	5,81	25,67				15,81	81,5	1,97	7,31	25,5				0,65	97,5					
09/12/2022 06.34.11						17,00	0,	1,75	7,43	25,55			18,77	72,2	1,34	7,55	25,5			19,25	64,8	1,29	5,81	25,67				15,68	80,7	1,96	7,31	25,5				0,77	97,6					
09/12/2022 06.39.11						15,93	0,	1,81	7,58	25,55			18,77	75,	1,44	7,55	25,5			19,00	64,4	1,28	5,81	25,67				15,43	80,2	1,98	7,3	25,5				0,65	97,6					
09/12/2022 06.44.11						15,56	0,	1,9	7,57	25,55			18,27	76,1	1,69	8,16	25,5			19,00	64,2	1,36	5,82	25,67				15,75	81,1	2,	7,3	25,5				0,71	97,6					
09/12/2022 06.49.11						15,37	0,	1,82	7,56	25,55			17,83	74,3	1,72	8,4	25,5			19,00	64,4	1,4	5,81	25,67				15,93	80,9	1,94	7,31	25,5				0,65	97,6					
09/12/2022 06.54.11						15,56	0,	1,78	7,57	25,55			17,21	74,8	1,49	8,68	25,5			18,94	65,6	1,25	5,81	25,67				16,81	83,4	2,	7,29	25,5				0,71	97,6					
09/12/2022 06.59.11						15,56	0,	1,77	7,58	25,55			16,52	73,4	1,71	9,	25,5			18,94	66,	1,37	5,81	25,67				16,00	80,7	2,	7,31	25,5				0,65	97,5					
09/12/2022 07.04.11						15,18	0,	1,75	7,56	25,55			16,58	75,8	1,25	6,9	25,5			19,75	67,7	1,62	6,36	25,67				16,31	82,7	2,03	7,3	25,5				0,71	97,5					
09/12/2022 07.09.11						15,18	0,	1,91	7,61	25,55			17,52	78,9	1,	5,91	25,5			19,63	68,4	1,65	6,62	25,67				17,12	84,2	1,87	7,3	25,5				0,71	97,3					
09/12/2022 07.14.10						14,62	0,	1,86	7,59	25,55			18,46	80,6	0,91	5,92	25,5			19,31	70,2	1,75	6,81	25,67				17,50	86,2	1,77	7,31	25,5				0,71	97,4					
09/12/2022 07.19.11						14,12	0,	1,82	7,62	25,55			18,52	78,3	0,96	5,92	25,5			18,44	69,4	1,74	6,81	25,67				16,75	84,7	1,73	7,29	25,5				0,65	97,3					
09/12/2022 07.24.10						14,12	0,	1,68	7,6	25,55			18,58	77,8	1,	5,91	25,5			17,88	70,6	1,55	6,57	25,67				16,18	85,	1,88	7,29	25,5				0,58	97,2					
09/12/2022 07.29.11						13,81	0,	1,8	7,57	25,55			18,52	78,6	0,96	5,92	25,5			17,50	70,8	1,54	6,38	25,67				15,68	85,3	1,9	7,3	25,5				0,65	97,2					
09/12/2022 07.34.11						13,43	0,	1,81	7,35	25,55			18,40	78,2	0,98	5,91	25,5			17,63	72,2	1,6	6,13	25,67				15,37	84,8	1,82	7,29	25,5				0,58	97,3					
09/12/2022 07.39.10						13,75	0,	1,69	7,04	25,55			18,33	76,6	0,97	5,91	25,5			17,31	71,1	1,35	5,94	25,67				14,93	84,5	1,75	7,29	25,5				0,58	97,2					
09/12/2022 07.44.11						14,43	0,	1,55	6,83	25,55			18,40	77,	1,	5,91	25,5			17,56	70,9	1,24	5,76	25,67				14,62	84,6	1,89	7,29	25,5				0,58	97,2					
09/12/2022 07.49.10						14,62	0,	1,57	6,64	25,55			18,33	75,9	1,03	6,51	25,5			17,50	70,4	1,28	5,56	25,67				14,56	84,6	1,95	7,29	25,5				0,58	97,2					
09/12/2022 07.54.11						14,81	0,	1,28	6,5	25,55			18,02	76,	1,14	6,5	25,5			17,63	72,4	1,25	5,33	25,67				14,12	83,8	1,93	7,3	25,5				0,52	97,2					
09/12/2022 07.59.10						14,75	0,	1,33	6,44	25,55			17,58	74,6	1,11	6,51	25,5			17,75	70,4	1,33	5,12	25,67				14,06	84,1	2,03	7,29	25,5				0,52	97,1					
09/12/2022 08.04.10						15,31	0,	1,36	6,55	25,55			17,58	75,	1,12	6,72	25,5			17,75	71,1	1,18	5,11	25,67				13,87	83,5	1,79	7,29	25,5				0,52	96,8					
09/12/2022 08.09.10						14,81	0,	1,46	6,55	25,55			17,21	73,7	1,22	6,73	25,5			17,81	70,6	1,03	4,81	25,67				14,06	84,1	1,9	7,28	25,5				0,58	96,9					
09/12/2022 08.14.11						15,31	0,	1,61	6,46	25,55			17,33	74,6	1,06	6,24	25,5			18,13	70,4	1,09	4,81	25,67				13,81	83,4	2,09	7,3	25,5				0,52	96,9					
09/12/2022 08.19.11						15,50	0,	1,58	6,49	25,55			17,52	75,2	1,03	5,83	25,5			18,25	70,4	1,21	4,82	25,67				13,81	83,4	1,9	7,29	25,5				0,52	96,8					
09/12/2022 08.24.10						15,68	0,	1,44	6,47	25,55			17,96	75,8	0,97	5,84	25,5			18,38	70,4	1,23	4,83	25,67				13,68	82,3	2,1	7,29	25,5				0,58	96,7					
09/12/2022 08.29.11						15,62	0,	1,41	6,47	25,55			18,02	76,2	1,	5,83	25,5			18,44	69,7	1,13	4,82	25,67				14,12	83,	2,05	7,1	25,5				0,65	96,4					
09/12/2022 08.34.11						15,81	0,	1,68	6,72	25,55			18,40	76,2	1,05	5,83	25,5			18,56	70,1	1,15	4,83	25,67				13,87	82,7	1,93	6,76	25,5				0,52	96,2					
09/12/2022 08.39.11						15,93	0,	1,64	6,75	25,55			18,58	76,6	0,98	5,95	25,5			18,63	69,3	1,15	4,83	25,67				14,37	83,3	1,79	6,69	25,5				0,65	96,					
09/12/2022 08.44.10						15,56	0,	1,63	6,85	25,55			18,33	73,7	0,98	6,24	25,5			18,75	70,4	1,11	4,84	25,67				14,43	82,3	1,84	6,55	25,5				0,65	95,9					
09/12/2022 08.49.12						15,68	0,	1,61	6,85	25,55			18,08	74,6	1,03	6,24	25,5			19,19	71,8	1,13	5,08	25,67				14,81	83,	1,5	6,65	25,5				0,58	95,7					
09/12/2022 08.54.11						15,81	0,	1,68	6,93	25,55			18,21	76,1	1,06	6,24	25,5			19,38	70,	1,09	5,09	25,67				15,18	83,2	1,88	6,7	25,5				0,71	95,9					
09/12/2022 08.59.11						15,62	0,	1,75	6,95	25,55			18,40	75,4	1,04	6,24	25,5			19,31	70,	1,1	5,26	25,67				15,25	81,9	1,77	6,75	25,5				0,65	95,8					
09/12/2022 09.04.11						15,43	0,	1,82	6,96	25,55			18,58	75,6	1,02	6,24	25,5			19,38	69,4	1,06	5,48	25,67				15,43	81,8	1,71	6,92	25,5				0,71	96,					
09/12/2022 09.09.10						15,62	0,	1,9	6,95	25,55			18,52	75,1	1,09	6,64	25,5			19,38	70,	1,24	5,63	25,67				15,50	81,9	1,79	7,12	25,5				0,65	96,					
09/12/2022 09.14.12						15,56	0,	1,68	6,96	25,55			18,15	74,2	1,05	6,64	25,5			19,06	69,4	1,22	5,63	25,67				15,12	81,5	2,06	7,25	25,5				0,58	96,					
09/12/2022 09.19.11						15,50	0,	1,66	7,15	25,55			18,15	73,4	1,24	6,88	25,5			18,81	69,3	1,29	5,85	25,67				15,06	81,5	1,86	7,23	25,5				0,65	96,3					
09/12/2022 09.24.11						14,87	0,	1,63	7,25	25,55			18,02	73,8	1,26	6,88	25,5			18,63	69,2	1,28	5,84	25,67				15,06	82,3	1,87	7,37	25,5				0,65	96,3					
09/12/2022 09.29.10						14,93	0,	1,87	7,42	25,55			17,83	73,3	1,31	6,88	25,5			18,56	69,	1,42	5,85	25,67				15,56	82,6	1,85	7,4	25,5				0,65	96,3					
09/12/2022 09.34.12						14,81	0,	1,73	7,43	25,55			17,65	72,2	1,33	7,28	25,5			18,63	68,	1,24	5,84	25,67				15,56	82,3	1,97	7,33	25,5				0,71	96,3					
09/12/2022 09.39.11						14,87	0,	1,71	7,41	25,55			17,33	73,	1,27	7,48	25,5			18,63	67,6	1,31	5,57	25,67				14,87	80,8	1,95	7,31	25,5				0,71	96,2					
09/12/2022 09.44.11						14,62	0,	1,78	7,42	25,55			17,33	72,	1,16	6,96	25,5			18,75	68,3	1,28	5,57	25,67				15,12	80,7	1,75	7,33	25,5				0,65	96,1					
09/12/2022 09.49.11						15,06	0,	1,8	7,43	25,55			17,58	73,8	1,07	6,23	25,5			18,94	69,4	1,35	5,57	25,67				15,12	81,8	2,14	7,32	25,5				0,65	96,2					
09/12/2022 09.54.10						14,68	0,	1,72	7,42	25,55			18,02	76,2	1,03	6,24	25,5			18,81	68,3	1,4	5,58	25,67				15,56	82,6	1,95	7,32	25,5				0,71	95,9					
09/12/2022 09.59.13						14,87	0,	1,63	7,42	25,55			18,15	74,2	1,03	6,36	25,5			18,81	68,1	1,42	5,56	25,67				15,56	82,7	1,78	7,32	25,5				0,65	95,8					
09/12/2022 10.04.10						14,93	0,	1,85	7,43	25,55			18,15	75,	1,12	6,57	25,5			18,88	69,2	1,21	5,57	25,67				15,62	81,6	1,98	7,31	25,5				0,77	95,8					
09/12/2022 10.09.11						14,75	0,	1,7	7,43	25,55			18,33	73,9	1,15	6,57	25,5			19,00	68,4	1,45	5,9	25,67				15,25	81,	2,1	7,32	25,5				0,83	95,6					
09/12/2022 10.14.10						14,87	0,	1,87	7,42	25,55			18,58	75,4	1,19	6,57	25,5			18,69	68,	1,37	5,91	25,67				15,81	82,3	2,	7,31	25,5				0,90	95,5					
09/12/2022 10.19.11						15,00	0,	1,82	7,43	25,55			18,52	73,7	1,19	6,78	25,5			18,50	67,6	1,45	5,92	25,67				16,18	82,8	1,82	7,33	25,5				1,27	94,8					
09/12/2022 10.24.11						14,56	0,	1,78	7,43	25,55			18,21	73,3	1,23	6,98	25,5			18,44	67,6	1,4	6,14	25,67				16,37	82,6	1,93	7,32	25,5				1,71	94,4					
09/12/2022 10.29.12						14,31	0,	1,68	7,43	25,55			18,21	72,9	1,32	7,19	25,5			18,31	66,9	1,56	6,14	25,67				16,18	82,3	2,07	7,32	25,5				1,83	93,9					
09/12/2022 10.34.12						14,68	0,	1,77	7,43	25,55			18,02	72,6	1,19	7,36	25,5			18,31	67,3	1,49	6,14	25,67				15,87	81,1	2,	7,32	25,5				1,77	93,1					
09/12/2022 10.39.10						15,18	0,	1,83	7,42	25,55			17,83	72,1	1,59	7,56	25,5			18,31	67,2	1,53	6,13	25,67				15,62	81,5	2,01	7,32	25,5				1,71	92,4					
09/12/2022 10.44.11						15,12	0,	1,74	7,44	25,55			17,58	72,2	1,43	8,08	25,5			18,50	68,8	1,49	6,13	25,67				16,00	81,9	1,95	7,32	25,5				1,65	92,7					
09/12/2022 10.49.10						14,87	0,	1,67	7,43	25,55			17,40	72,6	1,29	7,78	25,5			18,44	67,3	1,48	6,13	25,67				15,81	82,4	1,93	7,32	25,5				1,52	93,					
09/12/2022 10.54.12						16,12	0,	1,92	7,53	25,55			17,96	74,6	1,32	7,57	25,5			18,50	68,5	1,55	6,34	25,67				16,81	83,4	2,08	7,32	25,5				1,40	93,2					
09/12/2022 10.59.11						15,50	0,	1,88	7,58	25,55			18,21	73,9	1,47	7,57	25,5			18,19	67,2	1,64	6,56	25,67				16,56	83,	1,88	7,33	25,5				1,58	93,					
09/12/2022 11.04.12						15,43	0,	1,73	7,55	25,55			17,90	72,5	1,36	8,11	25,5			18,13	67,9	1,8	6,55	25,67				15,75	81,9	2,02	7,32	25,5				1,77	93,					
09/12/2022 11.09.10						15,31	0,	2,09	7,56	25,55			17,71	73,	1,37	8,11	25,5			17,81	67,2	1,47	6,54	25,67				15,37	81,3	1,87	7,32	25,5				1,77	92,4					
09/12/2022 11.14.12						15,06	0,	1,85	7,56	25,55			17,58	73,	1,54	8,38	25,5			17,94	68,5	1,69	6,29	25,67				16,75	85,8	2,	7,32	25,5				1,65	92,4					
09/12/2022 11.19.12						16,18	0,	1,79	7,55	25,55			17,46	72,5	1,72	8,68	25,5			18,25	69,6	1,57	6,3	25,67				16,62	84,2	1,86	7,32	25,5				1,52	92,8					
09/12/2022 11.24.10						15,68	0,	1,8	7,57	25,55			17,40	74,6	1,42	8,72	25,5			18,50	70,4	1,75	6,29	25,67				15,93	82,6	1,7	7,32	25,5				1,40	93,1					
09/12/2022 11.29.12						15,56	0,	1,77	7,59	25,55			17,27	72,3	1,58	8,4	25,5			18,75	70,1	1,54	6,5	25,67				16,56	83,8	2,14	7,32	25,5				1,33	93,3					
09/12/2022 11.34.10						14,87	0,	1,9	7,56	25,55			17,27	73,8	1,47	7,67	25,5			18,81	72,8	1,73	6,69	25,67				16,93	86,2	2,13	7,32	25,5				1,33	93,6					
09/12/2022 11.39.11						15,18	0,	1,78	7,59	25,55			17,65	74,8	1,34	7,46	25,5			18,38	72,6	1,7	6,69	25,67				16,62	85,8	1,64	7,33	25,5				1,33	93,7					
09/12/2022 11.44.10						16,00	0,	1,74	7,56	25,55			17,71	74,2	1,31	7,47	25,5			18,06	72,8	1,62	6,69	25,67				16,06	86,5	2,01	7,32	25,5				1,40	93,8					
09/12/2022 11.49.10						15,93	0,	1,65	7,57	25,55			17,71	74,4	1,39	7,58	25,5			18,00	74,6	1,76	6,69	25,67				16,31	88,	1,84	7,32	25,5				1,40	94,					
09/12/2022 11.54.11						15,93	0,	1,69	7,56	25,55			17,96	75,	1,47	7,96	25,5			18,00	73,	1,62	6,69	25,67				15,87	87,7	1,78	7,33	25,5				1,46	94,3					
09/12/2022 11.59.13						16,12	0,	1,8	7,57	25,55			17,52	74,4	1,48	8,29	25,5			17,75	73,1	1,69	6,69	25,67				16,00	87,5	2,	7,32	25,5				1,40	94,3					
09/12/2022 12.04.11						15,81	0,	1,9	7,57	25,55			17,58	79,8	1,48	8,28	25,5			17,44	72,4	1,76	6,69	25,67				15,87	85,8	1,99	7,33	25,5				1,40	94,					
09/12/2022 12.09.10						15,56	0,	1,75	7,55	25,55			17,02	75,8	1,43	8,57	25,5			17,19	71,1	1,61	6,43	25,67				15,37	86,2	2,16	7,32	25,5				1,33	94,4					
09/12/2022 12.14.12						15,00	0,	1,77	7,56	25,55			16,46	75,3	1,46	8,22	25,5			17,00	71,7	1,58	6,43	25,67				15,06	84,8	2,12	7,31	25,5				1,40	94,6					
09/12/2022 12.19.10						14,81	0,	1,66	7,58	25,55			17,08	79,3	1,1	6,42	25,5			17,06	73,2	1,52	6,13	25,67				14,93	85,	2,12	7,32	25,5				1,33	94,4					
09/12/2022 12.24.11						14,81	0,	1,82	7,55	25,55			17,40	78,3	1,07	6,42	25,5			17,44	73,7	1,34	5,85	25,67				15,68	86,3	1,9	7,33	25,5				1,40	94,4					
09/12/2022 12.29.10						14,37	0,	1,94	7,57	25,55			17,71	79,	1,07	6,42	25,5			17,75	74,	1,36	5,84	25,67				15,37	85,	2,08	7,32	25,5				1,33	94,4					
09/12/2022 12.34.12						13,87	0,	1,69	7,54	25,55			17,65	77,3	1,14	6,42	25,5			17,88	72,5	1,42	5,85	25,67				15,25	84,7	2,31	7,33	25,5				1,33	94,3					
09/12/2022 12.39.10						13,81	0,	1,82	7,56	25,55			17,46	77,8	1,12	6,42	25,5			17,94	72,2	1,29	5,63	25,67				15,37	85,	1,77	7,33	25,5				1,21	94,4					
09/12/2022 12.44.12						14,18	0,	1,83	7,56	25,55			17,52	77,4	1,13	6,42	25,5			18,13	73,6	1,33	5,62	25,67				15,81	85,9	2,05	7,32	25,5				1,33	94,6					
09/12/2022 12.49.11						14,18	0,	1,62	7,55	25,55			17,40	77,	1,17	6,85	25,5			18,44	73,3	1,42	5,62	25,67				15,43	85,6	1,81	7,32	25,5				1,46	94,5					
09/12/2022 12.54.10						14,12	0,	1,58	7,56	25,55			17,33	76,	1,16	6,85	25,5			18,50	72,7	1,29	5,62	25,67				15,06	83,7	1,9	7,31	25,5				1,33	94,4					
09/12/2022 12.59.12						14,37	0,	1,78	7,57	25,55			17,33	75,4	1,03	6,28	25,5			18,31	71,6	1,27	5,62	25,67				15,00	83,7	1,98	7,32	25,5				1,46	94,4					
09/12/2022 13.04.11						14,31	0,	1,68	7,56	25,55			17,40	76,6	1,01	6,28	25,5			18,00	70,4	1,36	5,62	25,67				14,93	83,	1,77	7,32	25,5				1,40	94,4					
09/12/2022 13.09.13						14,31	0,	1,91	7,55	25,55			17,58	77,4	1,03	6,28	25,5			18,13	72,1	1,29	5,28	25,67				15,00	83,8	2,13	7,33	25,5				1,46	94,4					
09/12/2022 13.14.10						14,43	0,	1,72	7,55	25,55			17,52	75,8	1,1	6,27	25,5			18,63	73,7	1,24	5,28	25,67				15,00	84,2	2,	7,33	25,5				1,33	94,4					
09/12/2022 13.19.12						14,43	0,	1,77	7,57	25,55			17,71	76,2	1,03	6,28	25,5			18,75	72,9	1,29	5,28	25,67				14,87	84,	1,84	7,33	25,5				1,21	94,6					
09/12/2022 13.24.10						14,31	0,	1,89	7,62	25,55			17,90	77,	0,98	6,28	25,5			18,75	72,5	1,34	5,74	25,67				14,87	83,4	1,95	7,32	25,5				1,08	94,7					
09/12/2022 13.29.11						15,18	0,	1,85	7,62	25,55			18,21	78,3	1,05	6,6	25,5			18,75	71,3	1,43	5,74	25,67				14,93	83,4	1,79	7,32	25,5				1,21	94,8					
09/12/2022 13.34.11						15,00	0,	1,82	7,62	25,55			18,65	77,3	1,09	6,6	25,5			19,31	74,5	1,46	5,95	25,67				16,31	86,7	1,95	7,32	25,5				1,15	94,6					
09/12/2022 13.39.10						14,31	0,	1,81	7,63	25,55			18,77	77,6	1,09	6,6	25,5			19,19	71,5	1,57	6,63	25,67				16,06	84,7	2,06	7,33	25,5				1,02	94,8					
09/12/2022 13.44.11						14,43	0,	1,81	7,62	25,55			18,21	73,8	1,12	6,81	25,5			18,56	70,6	1,4	6,07	25,67				15,18	83,	2,02	7,32	25,5				1,08	95,					
09/12/2022 13.49.11						14,06	0,	1,68	7,61	25,55			18,40	75,8	1,18	7,01	25,5			18,38	71,2	1,59	6,06	25,67				14,93	83,2	1,97	7,32	25,5				1,02	95,2					
09/12/2022 13.54.11						14,18	0,	1,83	7,63	25,55			18,02	75,9	1,17	7,23	25,5			18,31	71,7	1,45	6,07	25,67				14,62	83,2	2,3	7,32	25,5				0,96	95,2					
09/12/2022 13.59.10						14,31	0,	2,03	7,63	25,55			17,65	75,3	1,27	7,41	25,5			18,00	70,4	1,4	6,08	25,67				14,93	83,4	2,08	7,32	25,5				0,96	95,2					
09/12/2022 14.04.11						14,43	0,	1,68	7,62	25,55			17,40	74,6	1,4	7,59	25,5			17,88	70,1	1,53	6,07	25,67				14,93	82,7	1,98	7,32	25,5				0,96	95,3					
09/12/2022 14.09.10						13,87	0,	1,81	7,63	25,55			17,02	74,7	1,46	8,02	25,5			17,81	70,8	1,5	6,06	25,67				14,75	83,1	2,21	7,31	25,5				0,77	95,3					
09/12/2022 14.14.11						13,68	0,	1,75	7,63	25,55			16,90	73,9	1,18	6,91	25,5			17,94	71,1	1,62	6,07	25,67				14,75	83,	1,9	7,32	25,5				0,90	95,5					
09/12/2022 14.19.11						14,43	0,	1,95	7,63	25,55			17,52	76,6	1,12	6,56	25,5			17,75	71,2	1,55	6,06	25,67				14,68	83,	2,02	7,31	25,5				0,90	95,6					
09/12/2022 14.24.10						13,87	0,	1,78	7,61	25,55			17,96	76,6	1,11	6,56	25,5			17,94	71,1	1,45	6,06	25,67				15,06	83,2	2,14	7,32	25,5				0,90	95,6					
09/12/2022 14.29.11						13,93	0,	1,77	7,62	25,55			18,02	75,9	1,07	6,56	25,5			18,00	70,5	1,6	6,06	25,67				15,00	82,4	2,33	7,33	25,5				0,90	95,6					
09/12/2022 14.34.10						13,62	0,	1,78	7,61	25,55			18,15	76,	1,12	6,56	25,5			17,75	70,4	1,47	6,06	25,67				15,00	82,2	2,19	7,32	25,5				0,83	95,6					
09/12/2022 14.39.11						14,18	0,	1,74	7,62	25,55			18,15	75,4	1,11	6,68	25,5			17,81	70,4	1,34	6,07	25,67				15,06	81,5	2,05	7,32	25,5				0,90	95,6					
09/12/2022 14.44.10						14,25	0,	1,85	7,62	25,55			18,02	75,	1,12	6,76	25,5			18,06	71,3	1,17	5,61	25,67				14,81	82,	1,86	7,32	25,5				0,90	95,6					
09/12/2022 14.49.11						14,31	0,	2,01	7,62	25,55			17,96	74,4	1,1	6,95	25,5			18,38	71,6	1,27	5,61	25,67				14,43	81,4	1,95	7,33	25,5				0,90	95,6					
09/12/2022 14.54.10						14,25	0,	1,92	7,62	25,55			17,77	73,4	1,32	7,28	25,5			18,44	72,	1,33	5,62	25,67				14,93	83,3	2,15	7,32	25,5				0,90	95,8					
09/12/2022 14.59.11						13,81	0,	1,87	7,62	25,55			17,27	73,	1,32	7,49	25,5			18,38	69,9	1,28	5,61	25,67				15,12	83,2	1,91	7,32	25,5				0,83	96,					
09/12/2022 15.04.10						13,68	0,	1,77	7,63	25,55			17,15	74,2	1,27	7,76	25,5			18,31	70,7	1,41	5,61	25,67				15,06	82,6	1,97	7,33	25,5				0,90	96,					
09/12/2022 15.09.10						13,75	0,	1,96	7,62	25,55			17,33	75,	1,34	6,99	25,5			18,13	69,3	1,28	5,61	25,67				15,43	84,2	2,1	7,33	25,5				0,90	96,					
09/12/2022 15.14.11						14,62	0,	1,71	7,61	25,55			18,21	75,8	1,15	6,8	25,5			18,63	71,2	1,31	5,61	25,67				15,68	84,1	2,27	7,33	25,5				0,90	96,					
09/12/2022 15.19.10						14,00	0,	1,76	7,63	25,55			18,15	75,	1,18	6,91	25,5			18,69	70,8	1,31	5,61	25,67				15,12	83,1	1,84	7,32	25,5				0,90	96,1					
09/12/2022 15.24.11						14,06	0,	1,65	7,63	25,55			18,02	74,6	1,22	7,39	25,5			18,50	70,1	1,25	5,62	25,67				14,93	82,7	1,98	7,32	25,5				0,83	96,1					
09/12/2022 15.29.10						14,06	0,	1,83	7,62	25,55			17,71	73,7	1,36	7,39	25,5			18,31	70,1	1,33	5,61	25,67				14,75	81,5	2,04	7,33	25,5				0,77	96,3					
09/12/2022 15.34.11						13,75	0,	1,71	7,63	25,55			17,15	73,8	1,29	7,39	25,5			18,25	69,3	1,27	5,6	25,67				14,75	82,7	2,21	7,33	25,5				0,77	96,4					
09/12/2022 15.39.10						13,50	0,	1,79	7,62	25,55			16,77	73,	1,54	7,88	25,5			18,00	69,8	1,24	5,61	25,67				15,18	83,	2,03	7,33	25,5				0,71	96,4					
09/12/2022 15.44.11						13,25	0,	1,77	7,43	25,55			16,58	72,2	1,19	6,8	25,5			18,00	70,9	1,4	5,61	25,67				15,12	82,7	1,63	7,32	25,5				0,71	96,4					
09/12/2022 15.49.11						13,81	0,	1,75	7,04	25,55			17,02	75,1	1,01	6,01	25,5			18,13	70,8	1,26	5,41	25,67				14,93	82,3	1,86	7,32	25,5				0,65	96,8					
09/12/2022 15.54.10						14,12	0,	1,67	6,75	25,55			17,65	76,1	1,04	6,02	25,5			18,38	70,8	1,28	5,18	25,67				15,00	82,4	1,96	7,32	25,5				0,71	96,8					
09/12/2022 15.59.11						14,31	0,	1,41	6,65	25,55			17,83	76,6	1,	6,01	25,5			18,38	70,4	1,22	5,19	25,67				14,62	81,3	2,09	7,32	25,5				0,77	96,8					
09/12/2022 16.04.11						14,81	0,	1,42	6,53	25,55			17,65	75,2	1,06	6,02	25,5			18,50	70,4	1,31	5,19	25,67				14,25	81,1	2,15	7,32	25,5				0,83	96,8					
09/12/2022 16.09.12						14,87	0,	1,42	6,43	25,55			17,58	75,8	1,02	6,08	25,5			18,75	70,8	1,2	4,85	25,67				14,06	81,1	1,98	7,31	25,5				0,83	96,7					
09/12/2022 16.14.10						15,12	0,	1,39	6,36	25,55			17,83	77,	1,09	6,28	25,5			18,94	70,4	1,18	4,85	25,67				14,12	81,6	1,99	7,33	25,5				0,83	96,7					
09/12/2022 16.19.11						15,50	0,	1,45	6,38	25,55			18,96	77,9	1,05	6,29	25,5			18,94	70,	1,13	4,85	25,67				14,12	81,9	1,93	7,33	25,5				0,90	96,7					
09/12/2022 16.24.10						15,31	0,	1,46	6,34	25,55			18,77	76,3	1,1	6,49	25,5			19,06	70,1	1,11	4,85	25,67				14,31	82,3	2,1	7,33	25,5				0,96	96,8					
09/12/2022 16.29.12						15,68	0,	1,42	6,44	25,55			18,46	73,8	1,13	6,5	25,5			19,06	69,6	1,32	4,85	25,67				14,93	82,6	1,95	7,32	25,5				0,90	96,5					
09/12/2022 16.34.12						15,43	0,	1,39	6,34	25,55			18,08	74,3	1,19	6,84	25,5			19,13	69,7	1,07	4,85	25,67				15,00	82,1	2,21	7,32	25,5				0,83	96,8					
09/12/2022 16.39.10						15,50	0,	1,55	6,49	25,55			17,77	73,9	1,13	6,84	25,5			19,19	69,6	1,2	4,85	25,67				14,62	80,7	2,05	7,32	25,5				0,83	96,7					
09/12/2022 16.44.11						15,56	0,	1,38	6,6	25,55			17,33	73,3	1,17	6,85	25,5			19,31	70,7	1,18	4,86	25,67				14,18	80,7	2,02	7,33	25,5				0,83	96,8					
09/12/2022 16.49.10						15,75	0,	1,77	6,76	25,55			17,21	73,7	1,3	7,23	25,5			20,00	72,6	1,27	5,28	25,67				14,12	80,6	2,05	7,33	25,5				0,83	96,9					
09/12/2022 16.54.12						15,31	0,	1,57	6,76	25,55			17,02	73,7	1,17	6,61	25,5			19,94	70,	1,23	5,29	25,67				14,06	80,7	2,	7,32	25,5				0,83	96,9					
09/12/2022 16.59.10						15,06	0,	1,88	6,83	25,55			17,40	74,4	0,95	5,91	25,5			19,50	70,4	1,21	5,62	25,67				14,00	81,1	1,97	7,31	25,5				0,90	96,8					
09/12/2022 17.04.12						15,12	0,	1,68	6,83	25,55			17,71	76,2	0,89	5,62	25,5			19,00	68,8	1,41	5,61	25,67				14,06	80,7	1,91	7,32	25,5				0,90	96,9					
09/12/2022 17.09.10						15,93	0,	1,6	6,84	25,55			18,46	77,4	0,93	5,6	25,5			18,81	68,4	1,3	5,61	25,67				13,93	80,7	1,95	7,33	25,5				0,90	96,9					
09/12/2022 17.14.11						16,00	0,	1,68	7,15	25,55			19,90	78,6	0,93	5,6	25,5			18,50	69,3	1,31	5,61	25,67				14,25	81,5	2,1	7,33	25,5				0,77	97,					
09/12/2022 17.19.11						16,25	0,	1,87	7,32	25,55			20,33	79,4	0,9	5,61	25,5			18,69	69,5	1,19	5,62	25,67				14,56	81,5	1,98	7,33	25,5				0,71	96,9					
09/12/2022 17.24.10						16,00	0,	1,86	7,5	25,55			20,46	79,9	0,98	5,75	25,5			19,19	70,8	1,32	5,62	25,67				14,37	81,1	2,05	7,32	25,5				0,65	96,9					
09/12/2022 17.29.11						15,62	0,	1,76	7,57	25,55			20,46	80,3	1,03	5,96	25,5			19,00	69,2	1,36	5,44	25,67				15,25	83,2	1,76	7,33	25,5				0,65	96,8					
09/12/2022 17.34.10						15,25	0,	1,96	7,56	25,55			20,40	81,1	1,01	6,19	25,5			19,00	69,2	1,26	5,45	25,67				15,87	82,7	2,05	7,32	25,5				0,65	97,1					
09/12/2022 17.39.11						14,81	0,	1,99	7,58	25,55			19,96	81,4	1,01	6,19	25,5			18,94	69,2	1,39	5,76	25,67				15,87	81,9	1,93	7,32	25,5				0,71	96,9					
09/12/2022 17.44.10						14,37	0,	1,89	7,56	25,55			19,65	80,6	1,04	6,48	25,5			19,25	72,8	1,21	6,09	25,67				15,75	82,	2,28	7,32	25,5				0,65	96,8					
09/12/2022 17.49.11						13,87	0,	1,84	7,57	25,55			19,27	81,	1,1	6,49	25,5			19,50	71,4	1,59	6,09	25,67				16,18	83,8	2,12	7,32	25,5				0,58	96,9					
09/12/2022 17.54.10						13,62	0,	1,98	7,56	25,55			19,02	79,	1,	6,49	25,5			19,56	74,8	1,71	6,5	25,67				16,62	86,2	2,14	7,32	25,5				0,65	96,8					
09/12/2022 17.59.11						13,81	0,	1,72	7,56	25,55			18,77	78,2	1,04	6,48	25,5			18,94	73,7	1,61	6,49	25,67				16,68	87,8	2,16	7,32	25,5				0,52	96,9					
09/12/2022 18.04.11						14,62	0,	1,9	7,57	25,55			18,65	80,2	1,11	6,49	25,5			18,31	74,7	1,66	6,49	25,67				16,43	89,	1,91	7,32	25,5				0,58	96,8					
09/12/2022 18.09.11						14,43	0,	2,02	7,6	25,55			18,40	78,2	1,15	6,7	25,5			17,88	74,2	1,38	6,49	25,67				15,68	87,7	1,91	7,33	25,5				0,58	96,8					
09/12/2022 18.14.12						13,81	0,	1,94	7,57	25,55			18,15	77,8	1,11	6,7	25,5			17,50	75,4	1,51	6,26	25,67				15,25	87,8	2,21	7,33	25,5				0,65	97,					
09/12/2022 18.19.10						14,06	0,	1,8	7,56	25,55			17,65	76,2	1,09	6,71	25,5			17,31	76,1	1,33	5,83	25,67				14,87	87,1	2,13	7,33	25,5				0,71	97,1					
09/12/2022 18.24.11						13,50	0,	1,87	7,22	25,55			17,33	77,2	1,16	7,11	25,5			17,31	74,8	1,43	5,67	25,67				14,12	85,4	1,98	7,32	25,5				0,65	97,1					
09/12/2022 18.29.10						13,75	0,	1,65	6,71	25,55			16,83	76,2	1,19	7,12	25,5			17,38	74,8	1,17	5,4	25,67				14,06	86,2	2,04	7,33	25,5				0,77	96,9					
09/12/2022 18.34.11						14,12	0,	1,48	6,52	25,55			16,90	77,7	0,88	5,34	25,5			17,50	74,9	1,2	5,16	25,67				13,56	84,9	2,12	7,32	25,5				0,71	97,					
09/12/2022 18.39.11						14,81	0,	1,45	6,28	25,55			17,46	79,8	0,83	4,81	25,5			17,56	74,5	1,09	4,73	25,67				13,37	85,3	1,99	7,17	25,5				0,65	96,8					
09/12/2022 18.44.11						15,06	0,	1,54	6,24	25,55			18,08	80,6	0,83	4,63	25,5			17,81	74,5	1,08	4,73	25,67				13,68	85,2	1,93	6,88	25,5				0,65	96,9					
09/12/2022 18.49.11						15,25	0,	1,43	6,13	25,55			18,52	80,6	0,8	5,	25,5			18,06	75,2	1,07	4,56	25,67				13,50	85,8	1,62	6,53	25,5				0,65	96,9					
09/12/2022 18.54.10						15,43	0,	1,42	6,05	25,55			18,65	79,8	0,86	5,	25,5			18,31	74,6	0,97	4,36	25,67				14,06	86,2	1,61	6,28	25,5				0,71	96,8					
09/12/2022 18.59.12						15,75	0,	1,22	6,12	25,55			18,71	79,5	0,88	4,99	25,5			18,44	74,	1,01	4,35	25,67				14,37	85,5	1,53	6,17	25,5				0,58	96,7					
09/12/2022 19.04.10						15,81	0,	1,21	6,15	25,55			18,90	79,1	0,86	5,	25,5			18,44	73,2	1,08	4,36	25,67				14,62	85,8	1,46	6,12	25,5				0,58	96,5					
09/12/2022 19.09.12						15,68	0,	1,31	6,14	25,55			18,96	78,6	0,93	5,	25,5			18,56	72,4	1,03	4,05	25,67				15,12	85,4	1,4	6,09	25,5				0,52	96,4					
09/12/2022 19.14.11						15,81	0,	1,31	6,26	25,55			19,02	78,6	0,89	4,99	25,5			18,75	73,6	1,01	4,05	25,67				14,93	85,	1,41	6,1	25,5				0,52	96,2					
09/12/2022 19.19.11						15,87	0,	1,35	6,34	25,55			19,08	77,6	0,79	5,	25,5			19,00	73,4	1,08	4,05	25,67				15,37	84,7	1,42	6,13	25,5				0,52	96,					
09/12/2022 19.24.11						15,87	0,	1,5	6,35	25,55			19,21	78,7	0,87	5,	25,5			19,19	73,1	1,05	4,05	25,67				15,25	84,	1,42	6,21	25,5				0,46	95,9					
09/12/2022 19.29.11						15,81	0,	1,46	6,49	25,55			19,65	80,2	0,84	5,	25,5			19,50	73,2	0,99	4,28	25,67				15,50	83,9	1,51	6,3	25,5				0,58	95,8					
09/12/2022 19.34.11						15,87	0,	1,48	6,54	25,55			19,65	78,2	0,84	5,22	25,5			19,50	72,	1,14	4,45	25,67				15,37	82,5	1,55	6,37	25,5				0,52	95,6					
09/12/2022 19.39.11						15,75	0,	1,51	6,63	25,55			19,52	77,4	0,86	5,42	25,5			19,50	70,4	1,07	4,47	25,67				15,37	83,	1,6	6,45	25,5				0,58	95,6					
09/12/2022 19.44.11						15,68	0,	1,74	6,75	25,55			19,52	77,2	0,91	5,42	25,5			19,50	70,4	1,08	4,65	25,67				15,25	82,7	1,79	6,56	25,5				0,52	95,4					
09/12/2022 19.49.11						15,56	0,	1,72	6,88	25,55			19,33	76,6	0,93	5,41	25,5			19,63	71,6	1,15	4,79	25,67				15,50	82,9	1,67	6,72	25,5				0,58	95,3					
09/12/2022 19.54.11						15,37	0,	1,59	6,84	25,55			19,46	76,9	0,87	5,41	25,5			19,94	72,	1,12	4,93	25,67				15,25	82,2	1,85	6,72	25,5				0,58	95,2					
09/12/2022 19.59.11						15,25	0,	1,42	6,82	25,55			19,27	76,1	0,9	5,62	25,5			19,81	70,	1,34	5,25	25,67				15,12	81,5	1,83	6,72	25,5				0,65	95,1					
09/12/2022 20.04.11						15,00	0,	1,65	6,95	25,55			19,27	77,	0,88	5,62	25,5			19,81	70,	1,17	5,25	25,67				15,00	81,2	1,85	6,72	25,5				0,65	95,1					
09/12/2022 20.09.11						15,25	0,	1,75	6,93	25,55			19,27	75,7	0,93	5,62	25,5			19,56	68,8	1,25	5,45	25,67				15,12	81,3	1,88	6,72	25,5				0,65	95,					
09/12/2022 20.14.11						15,18	0,	1,91	6,92	25,55			19,21	75,8	0,98	5,89	25,5			19,31	68,4	1,28	5,46	25,67				15,06	81,	1,91	6,72	25,5				0,58	94,8					
09/12/2022 20.19.11						15,37	0,	1,81	6,9	25,55			19,21	75,4	1,01	5,89	25,5			19,38	68,	1,33	5,66	25,67				15,18	81,1	1,78	6,72	25,5				0,52	94,7					
09/12/2022 20.24.10						15,12	0,	1,74	6,92	25,55			19,02	75,4	0,99	5,89	25,5			19,13	67,6	1,3	5,67	25,67				15,37	81,1	1,84	6,72	25,5				0,58	94,7					
09/12/2022 20.29.12						15,37	0,	1,73	6,87	25,55			18,96	75,4	0,98	5,9	25,5			18,88	66,8	1,37	5,66	25,67				15,56	81,5	1,86	6,75	25,5				0,58	94,7					
09/12/2022 20.34.10						15,43	0,	1,81	6,75	25,55			19,08	75,7	0,97	6,12	25,5			18,81	66,4	1,27	5,66	25,67				15,37	81,1	1,87	7,11	25,5				0,52	94,4					
09/12/2022 20.39.11						15,31	0,	1,74	6,77	25,55			18,96	74,2	1,01	6,13	25,5			18,63	65,2	1,3	5,66	25,67				14,93	79,1	1,96	7,17	25,5				0,52	94,4					
09/12/2022 20.44.10						15,50	0,	1,73	6,76	25,55			18,83	73,9	1,11	6,32	25,5			18,63	66,7	1,42	5,66	25,67				14,75	79,1	1,94	7,18	25,5				0,52	94,4					
09/12/2022 20.49.12						15,50	0,	1,77	6,77	25,55			18,58	73,4	1,13	6,32	25,5			18,63	66,1	1,26	5,81	25,67				14,93	80,3	1,96	7,18	25,5				0,46	94,3					
09/12/2022 20.54.12						15,75	0,	1,6	6,77	25,55			18,58	74,2	1,03	6,54	25,5			18,56	66,9	1,38	5,81	25,67				14,93	79,9	2,13	7,21	25,5				0,40	94,3					
09/12/2022 20.59.11						15,25	0,	1,85	6,87	25,55			18,33	72,2	1,16	6,54	25,5			18,50	66,	1,19	5,8	25,67				14,87	80,8	1,93	7,21	25,5				0,46	94,4					
09/12/2022 21.04.11						15,25	0,	1,85	6,98	25,55			18,27	72,7	1,12	6,69	25,5			18,38	66,1	1,41	5,8	25,67				15,06	80,7	1,87	7,22	25,5				0,58	94,4					
09/12/2022 21.09.10						15,06	0,	1,68	7,	25,55			18,21	73,2	1,2	6,83	25,5			18,44	67,1	1,45	5,8	25,67				14,93	81,	2,06	7,21	25,5				0,46	94,3					
09/12/2022 21.14.11						15,12	0,	1,59	6,98	25,55			17,83	72,8	1,28	6,95	25,5			18,38	66,	1,49	5,8	25,67				14,56	80,8	1,98	7,21	25,5				0,52	94,4					
09/12/2022 21.19.10						15,00	0,	1,83	7,06	25,55			17,46	73,3	1,23	7,16	25,5			18,31	66,9	1,38	5,81	25,67				14,81	80,5	2,16	7,21	25,5				0,58	94,3					
09/12/2022 21.24.11						15,00	0,	1,66	7,14	25,55			17,21	72,6	1,36	6,77	25,5			18,38	66,8	1,37	5,81	25,67				14,68	80,6	2,05	7,2	25,5				0,58	94,3					
09/12/2022 21.29.11						15,00	0,	1,63	7,27	25,55			17,33	72,9	1,07	6,11	25,5			18,19	66,	1,41	5,8	25,67				14,75	80,7	2,22	7,2	25,5				0,52	94,3					
09/12/2022 21.34.11						14,81	0,	2,09	7,12	25,55			17,71	74,2	1,01	6,1	25,5			18,00	65,6	1,38	5,61	25,67				14,68	80,9	2,23	7,21	25,5				0,52	94,1					
09/12/2022 21.39.11						14,87	0,	1,71	6,97	25,55			18,21	75,8	1,05	6,11	25,5			18,06	66,1	1,35	5,38	25,67				14,81	81,2	1,76	7,21	25,5				0,58	94,4					
09/12/2022 21.44.12						15,00	0,	1,72	6,94	25,55			18,21	75,4	0,98	6,1	25,5			18,06	66,6	1,26	5,37	25,67				14,56	80,3	1,91	7,2	25,5				0,58	94,4					
09/12/2022 21.49.10						15,06	0,	1,76	6,84	25,55			18,52	75,	1,	6,11	25,5			18,06	66,3	1,16	5,38	25,67				14,75	80,3	1,98	7,21	25,5				0,58	94,5					
09/12/2022 21.54.10						14,81	0,	1,8	6,79	25,55			18,46	74,8	1,08	6,1	25,5			18,13	66,7	1,18	5,15	25,67				14,93	80,7	1,89	7,21	25,5				0,58	94,4					
09/12/2022 21.59.11						15,12	0,	1,75	6,71	25,55			18,33	73,8	1,05	6,11	25,5			18,31	66,5	1,23	5,16	25,67				14,18	79,7	1,93	7,21	25,5				0,71	94,6					
09/12/2022 22.04.10						14,87	0,	1,54	6,67	25,55			18,27	75,	1,03	6,1	25,5			18,31	67,1	1,2	5,15	25,67				14,12	79,5	2,04	7,21	25,5				0,71	94,5					
09/12/2022 22.09.11						15,18	0,	1,38	6,52	25,55			17,96	73,8	1,04	6,11	25,5			18,44	66,8	1,32	5,15	25,67				14,31	79,5	2,23	7,21	25,5				0,65	94,4					
09/12/2022 22.14.10						15,37	0,	1,61	6,61	25,55			17,90	73,4	1,08	6,11	25,5			18,50	67,	1,15	5,15	25,67				14,12	79,9	2,	7,21	25,5				0,71	94,5					
09/12/2022 22.19.11						15,43	0,	1,41	6,61	25,55			17,90	73,8	1,07	6,11	25,5			18,88	68,	1,15	4,96	25,67				14,68	80,7	2,13	7,2	25,5				0,71	94,6					
09/12/2022 22.24.10						15,43	0,	1,81	6,58	25,55			17,83	74,	1,14	6,11	25,5			19,25	68,3	1,33	4,95	25,67				14,37	79,9	2,13	7,21	25,5				0,71	94,7					
09/12/2022 22.29.11						15,43	0,	1,35	6,63	25,55			17,58	71,9	1,2	6,71	25,5			19,25	67,6	1,13	5,24	25,67				14,31	79,9	2,17	7,21	25,5				0,71	94,8					
09/12/2022 22.34.12						15,50	0,	1,49	6,64	25,55			17,27	72,4	1,34	6,71	25,5			19,06	67,2	1,26	5,24	25,67				14,37	79,8	1,9	7,22	25,5				0,65	94,8					
09/12/2022 22.39.11						15,31	0,	1,51	6,84	25,55			17,27	71,8	1,04	6,49	25,5			19,06	67,6	1,17	5,24	25,67				14,37	79,5	1,95	7,21	25,5				0,71	95,1					
09/12/2022 22.44.11						16,25	0,	1,66	7,03	25,55			18,33	76,2	0,99	5,94	25,5			19,00	66,9	1,19	5,23	25,67				14,87	80,6	1,96	7,22	25,5				0,77	94,8					
09/12/2022 22.49.12						16,37	0,	1,72	7,2	25,55			19,65	78,2	0,98	5,94	25,5			19,13	66,7	1,23	5,54	25,67				15,50	81,6	2,06	7,21	25,5				0,71	95,					
09/12/2022 22.54.11						16,37	0,	2,08	7,33	25,55			20,08	79,	1,04	6,39	25,5			19,13	66,4	1,34	5,55	25,67				15,31	81,6	1,96	7,21	25,5				0,77	94,9					
09/12/2022 22.59.10						15,62	0,	1,73	7,44	25,55			19,90	79,	1,16	6,74	25,5			18,94	65,3	1,61	5,75	25,67				15,31	80,9	2,24	7,35	25,5				0,77	95,					
09/12/2022 23.04.11						15,31	0,	1,97	7,57	25,55			19,33	78,6	1,14	6,74	25,5			18,69	66,5	1,46	5,76	25,67				15,06	80,9	1,87	7,4	25,5				0,71	94,9					
09/12/2022 23.09.10						15,06	0,	1,91	7,56	25,55			18,90	78,6	1,17	6,74	25,5			18,44	66,4	1,5	5,77	25,67				15,12	82,	2,09	7,4	25,5				0,65	94,9					
09/12/2022 23.14.12						14,43	0,	1,72	7,56	25,55			18,40	78,3	1,18	6,88	25,5			18,81	70,4	1,26	5,75	25,67				15,06	82,4	1,94	7,4	25,5				0,71	94,9					
09/12/2022 23.19.11						14,06	0,	1,77	7,55	25,55			18,08	75,8	1,38	7,05	25,5			19,25	70,4	1,7	6,17	25,67				16,06	83,9	2,04	7,4	25,5				0,71	95,					
09/12/2022 23.24.10						13,75	0,	1,9	7,58	25,55			17,96	79,8	1,22	6,74	25,5			19,25	71,6	1,63	6,29	25,67				17,00	86,7	1,99	7,39	25,5				0,65	95,1					
09/12/2022 23.29.11						13,75	0,	2,	7,56	25,55			17,96	77,3	1,13	6,74	25,5			18,69	71,8	1,72	6,44	25,67				16,50	86,	2,29	7,41	25,5				0,71	95,1					
09/12/2022 23.34.10						13,50	0,	1,84	7,27	25,55			17,77	77,8	1,19	6,96	25,5			18,06	71,8	1,26	6,18	25,67				16,00	87,1	2,13	7,4	25,5				0,77	95,2					
09/12/2022 23.39.11						13,37	0,	1,65	7,01	25,55			17,58	76,7	1,29	7,19	25,5			17,88	73,5	1,49	6,18	25,67				15,56	86,6	1,92	7,41	25,5				0,71	95,2					
09/12/2022 23.44.10						13,50	0,	1,53	6,74	25,55			17,08	74,9	1,28	7,37	25,5			17,50	72,3	1,4	6,17	25,67				15,18	87,	2,03	7,39	25,5				0,71	95,3					
09/12/2022 23.49.12						14,31	0,	1,38	6,53	25,55			16,77	76,8	0,98	6,11	25,5			17,31	73,2	1,46	5,76	25,67				14,68	85,8	2,06	7,4	25,5				0,77	95,3					
09/12/2022 23.54.11						14,56	0,	1,23	6,33	25,55			17,27	78,2	0,89	5,34	25,5			17,38	73,2	1,44	5,49	25,67				14,18	85,8	2,01	7,41	25,5				0,77	95,4					
09/12/2022 23.59.11						15,06	0,	1,57	6,31	25,55			17,58	78,	0,9	5,16	25,5			17,38	72,8	1,21	5,16	25,67				13,87	85,	2,12	7,39	25,5				0,71	95,2					
