Net no:						1	1	1	1	1			1	1	1	1	1			1	1	1	1	1				1	1	1	1	1				1	1					
Object no:						131	141	150	151	152			134	144	159	160	161			133	143	156	157	158				132	142	153	154	155				130	140					
Table no:						0	0	0	0	0			0	0	0	0	0			0	0	0	0	0				0	0	0	0	0				0	0					
Code no:						48	48	48	48	48			48	48	136	136	136			48	48	48	48	48				48	48	48	48	48				48	48					
Calculation:						T	/10	/100	/100	/100			T	/10	/100	/100	/100			T	/10	/100	/100	/100				T	/10	/100	/100	/100				T	/10					
Date/time:	Afp. 1776	Bes. 97184			Stald 1	Temp_stald1	Fugt_stald1	DynamicAir_trinlřs_stald1	Spjćld_trinlřs_stald 1	On/off_stald1		Stald 2	Temp_stald2	Fugt_stald2	DynamicAir_trinlřs_stald2	Spjćld_trinlřs_stald2	On/off_stald2		Stald5	Temp_stald5	Fugt_stald5	DynamicAir_trinlřs_stald5	Spjćld_trinlřs_stald5	On/off_stald 5			Stald6	Temp_stald6	Fugt_stald 6	DynamicAir_trinlřs_stald6	Spjćld_trinlřs_stald6	On/off_stald6			UDE	Temp_ude	Fugt_ude					
02-07-2022 00:02:40						20,18	86,5	2,65	9,58	0,			21,33	79,6	1,73	9,28	0,			21,13	81,6	2,6	9,3	0,				21,25	85,4	2,52	9,23	0,				15,83	83,6					
02-07-2022 00:07:43						20,37	87,2	2,46	9,58	0,			21,27	79,6	1,73	9,27	0,			21,00	82,7	2,57	9,3	0,				21,06	85,5	2,5	9,22	0,				15,83	83,3					
02-07-2022 00:12:42						20,00	86,5	2,39	9,58	0,			21,02	79,1	1,69	9,27	0,			21,00	81,	2,42	9,3	0,				20,87	85,2	2,44	9,24	0,				15,77	83,6					
02-07-2022 00:17:41						20,00	86,4	2,48	9,57	0,			20,96	79,	1,73	9,27	0,			20,81	80,9	2,59	9,29	0,				20,62	84,8	2,45	9,23	0,				15,77	83,3					
02-07-2022 00:22:42						20,06	86,5	2,54	9,59	0,			20,96	79,	1,76	9,27	0,			20,69	80,8	2,73	9,29	0,				20,75	84,9	2,43	9,23	0,				15,77	83,4					
02-07-2022 00:27:42						20,12	86,5	2,43	9,58	0,			20,77	79,	1,59	9,28	0,			20,50	80,7	2,6	9,29	0,				20,87	86,5	2,41	9,22	0,				15,65	83,2					
02-07-2022 00:32:42						20,00	86,1	2,57	9,58	0,			20,83	79,8	1,76	9,28	0,			20,63	81,9	2,56	9,29	0,				21,00	86,4	2,49	9,21	0,				15,58	83,3					
02-07-2022 00:37:42						19,81	86,5	2,7	9,6	0,			20,71	79,6	1,77	9,28	0,			20,50	80,5	2,47	9,29	0,				20,37	85,	2,59	9,2	0,				15,58	83,6					
02-07-2022 00:42:43						19,87	86,9	2,45	9,59	0,			20,71	79,	1,7	9,27	0,			20,25	81,	2,5	9,3	0,				20,31	85,8	2,49	9,23	0,				15,58	84,4					
02-07-2022 00:47:40						19,68	86,9	2,47	9,57	0,			20,58	79,	1,72	9,28	0,			20,19	81,2	2,49	9,3	0,				20,18	85,4	2,35	9,22	0,				15,52	85,					
02-07-2022 00:52:42						19,81	87,2	2,54	9,58	0,			20,52	79,2	1,74	9,27	0,			20,13	81,3	2,47	9,3	0,				20,37	85,	2,69	9,23	0,				15,52	85,6					
02-07-2022 00:57:41						19,75	86,9	2,64	9,59	0,			20,52	79,4	1,7	9,27	0,			20,19	81,8	2,61	9,3	0,				20,12	85,2	2,38	9,21	0,				15,46	86,					
02-07-2022 01:02:41						19,81	86,5	2,56	9,58	0,			20,46	79,	1,71	9,27	0,			20,13	81,3	2,55	9,3	0,				20,37	85,8	2,51	9,21	0,				15,33	86,					
02-07-2022 01:07:42						19,68	86,6	2,53	9,57	0,			20,52	78,7	1,73	9,28	0,			20,06	80,	2,26	9,29	0,				20,31	85,4	2,53	9,21	0,				15,21	85,7					
02-07-2022 01:12:42						19,62	86,4	2,59	9,57	0,			20,52	79,	1,71	9,28	0,			20,19	80,3	2,42	9,3	0,				20,43	85,8	2,71	9,21	0,				15,21	85,8					
02-07-2022 01:17:42						19,62	86,1	2,53	9,59	0,			20,46	78,5	1,69	9,27	0,			20,25	81,	2,57	9,3	0,				20,37	85,	2,39	9,22	0,				15,21	85,9					
02-07-2022 01:22:41						19,62	86,3	2,46	9,57	0,			20,33	78,3	1,71	9,28	0,			20,00	80,7	2,54	9,29	0,				20,18	84,6	2,53	9,22	0,				15,08	85,9					
02-07-2022 01:27:42						19,62	86,2	2,51	9,57	0,			20,33	78,9	1,67	9,26	0,			19,94	80,8	2,22	9,29	0,				20,06	84,2	2,45	9,23	0,				15,08	85,7					
02-07-2022 01:32:40						19,56	86,1	2,52	9,58	0,			20,52	78,6	1,74	9,27	0,			20,06	80,7	2,53	9,3	0,				20,12	84,3	2,47	9,22	0,				15,08	85,6					
02-07-2022 01:37:42						19,56	86,1	2,45	9,57	0,			20,52	79,	1,69	9,27	0,			20,06	80,8	2,54	9,3	0,				20,18	84,2	2,61	9,22	0,				15,02	85,7					
02-07-2022 01:42:41						19,56	86,1	2,45	9,57	0,			20,46	78,7	1,75	9,28	0,			20,00	80,4	2,17	9,31	0,				20,06	84,2	2,59	9,21	0,				15,02	86,					
02-07-2022 01:47:41						19,56	86,1	2,52	9,59	0,			20,46	78,4	1,64	9,28	0,			20,06	80,	2,51	9,29	0,				20,06	83,9	2,39	9,22	0,				14,96	86,					
02-07-2022 01:52:41						19,43	86,1	2,63	9,59	0,			20,40	78,6	1,68	9,28	0,			20,00	80,5	2,59	9,29	0,				20,12	83,7	2,43	9,23	0,				14,83	86,					
02-07-2022 01:57:41						19,50	86,1	2,53	9,6	0,			20,27	78,5	1,68	9,27	0,			19,94	79,9	2,1	9,29	0,				20,12	83,5	2,66	9,21	0,				14,77	86,4					
02-07-2022 02:02:43						19,56	86,2	2,45	9,57	0,			20,27	78,6	1,67	9,28	0,			19,88	80,	2,47	9,29	0,				19,93	83,8	2,43	9,23	0,				14,71	86,5					
02-07-2022 02:07:42						19,50	86,	2,56	9,58	0,			20,27	78,3	1,66	9,28	0,			19,94	80,4	2,14	9,29	0,				20,06	83,9	2,52	9,21	0,				14,65	86,4					
02-07-2022 02:12:43						19,50	86,1	2,51	9,56	0,			20,27	78,6	1,64	9,27	0,			20,00	79,8	2,15	9,29	0,				19,81	83,5	2,4	9,23	0,				14,52	86,7					
02-07-2022 02:17:41						19,37	86,1	2,53	9,57	0,			20,21	78,2	1,68	9,27	0,			20,00	80,5	2,5	9,29	0,				19,81	83,5	2,56	9,21	0,				14,52	86,8					
02-07-2022 02:22:42						19,50	86,1	2,56	9,55	0,			20,21	78,2	1,75	9,28	0,			19,94	80,4	2,09	9,3	0,				20,00	83,9	2,04	9,22	0,				14,52	86,8					
02-07-2022 02:27:42						19,37	85,8	2,36	9,55	0,			20,27	78,2	1,73	9,27	0,			19,81	80,	2,6	9,31	0,				20,00	81,8	2,29	9,22	0,				14,52	86,8					
02-07-2022 02:32:41						19,31	84,5	2,07	9,58	0,			20,27	78,2	1,7	9,27	0,			19,75	80,8	2,11	9,29	0,				19,93	81,8	2,33	9,22	0,				14,46	86,8					
02-07-2022 02:37:42						19,18	85,7	2,59	9,56	0,			20,15	78,2	1,69	9,27	0,			19,94	80,8	2,04	9,3	0,				20,06	83,4	2,32	9,21	0,				14,52	86,8					
02-07-2022 02:42:41						19,31	84,6	2,08	9,55	0,			20,15	78,	1,69	9,28	0,			19,94	80,5	2,51	9,3	0,				20,12	83,6	2,56	9,21	0,				14,40	86,8					
02-07-2022 02:47:42						19,37	85,6	2,52	9,56	0,			20,27	78,1	1,65	9,27	0,			19,69	79,7	2,09	9,29	0,				19,75	83,4	2,36	9,21	0,				14,33	86,8					
02-07-2022 02:52:41						19,31	85,9	2,44	9,58	0,			20,21	78,2	1,65	9,28	0,			19,75	80,	2,12	9,3	0,				20,06	83,8	2,49	9,2	0,				14,33	86,9					
02-07-2022 02:57:42						19,06	84,5	1,91	9,58	0,			20,08	78,2	1,73	9,28	0,			19,81	80,4	2,52	9,3	0,				19,81	83,8	2,48	9,22	0,				14,33	86,9					
02-07-2022 03:02:42						19,18	85,7	2,46	9,55	0,			20,08	77,8	1,69	9,28	0,			19,63	79,6	2,05	9,29	0,				19,87	83,4	2,05	9,21	0,				14,33	86,8					
02-07-2022 03:07:42						19,18	84,7	2,22	9,58	0,			20,08	78,1	1,69	9,27	0,			19,69	80,	2,21	9,3	0,				20,00	82,	2,27	9,21	0,				14,40	86,8					
02-07-2022 03:12:42						19,25	85,7	2,55	9,57	0,			20,02	78,2	1,68	9,27	0,			19,81	80,7	2,41	9,28	0,				19,87	81,9	2,29	9,23	0,				14,40	86,8					
02-07-2022 03:17:41						19,18	84,6	2,18	9,58	0,			20,08	78,2	1,74	9,27	0,			19,56	80,	2,21	9,3	0,				19,87	83,5	2,48	9,21	0,				14,46	86,8					
02-07-2022 03:22:43						19,12	85,3	2,53	9,58	0,			20,08	78,2	1,74	9,28	0,			19,69	80,2	2,42	9,3	0,				20,00	83,8	2,49	9,22	0,				14,40	86,8					
02-07-2022 03:27:41						19,50	85,6	2,12	9,59	0,			20,15	77,8	1,69	9,28	0,			19,75	80,4	2,34	9,29	0,				20,00	83,1	2,57	9,21	0,				14,33	86,7					
02-07-2022 03:32:41						19,12	84,5	2,23	9,56	0,			20,08	77,8	1,83	9,27	0,			19,63	80,	2,2	9,29	0,				20,00	83,8	2,39	9,22	0,				14,33	86,5					
02-07-2022 03:37:41						19,25	85,5	2,52	9,57	0,			19,96	77,8	1,79	9,28	0,			19,63	80,6	2,45	9,29	0,				19,75	81,6	2,19	9,22	0,				14,27	86,8					
02-07-2022 03:42:42						19,06	84,6	2,06	9,57	0,			20,02	78,	1,68	9,27	0,			19,50	80,	2,16	9,3	0,				19,68	81,8	2,15	9,22	0,				14,21	86,7					
02-07-2022 03:47:41						19,18	84,9	2,04	9,6	0,			19,96	78,2	1,72	9,28	0,			19,56	80,5	2,3	9,29	0,				19,56	81,5	2,19	9,22	0,				14,27	86,5					
02-07-2022 03:52:42						18,93	85,	2,22	9,56	0,			20,02	77,9	1,79	9,28	0,			19,44	80,1	2,14	9,3	0,				19,68	83,	2,66	9,23	0,				14,40	86,					
02-07-2022 03:57:43						19,12	85,7	2,56	9,59	0,			20,21	77,8	1,82	9,27	0,			19,31	80,5	2,03	9,3	0,				19,93	83,	2,53	9,21	0,				14,40	85,6					
02-07-2022 04:02:41						19,31	85,1	2,1	9,58	0,			20,21	77,8	1,63	9,27	0,			19,44	80,3	2,13	9,29	0,				19,75	82,4	2,43	9,21	0,				14,52	85,2					
02-07-2022 04:07:43						19,00	85,1	1,98	9,56	0,			20,08	77,7	1,77	9,27	0,			19,44	80,2	2,1	9,29	0,				20,00	82,7	2,35	9,21	0,				14,46	85,					
02-07-2022 04:12:41						18,87	85,2	1,77	9,57	0,			20,08	77,5	1,74	9,27	0,			19,75	81,4	2,58	9,3	0,				19,87	81,9	1,83	9,2	0,				14,58	85,2					
02-07-2022 04:17:42						18,93	85,2	2,1	9,59	0,			20,15	77,9	1,74	9,28	0,			19,88	80,	2,23	9,29	0,				19,87	82,7	2,06	9,22	0,				14,52	85,2					
02-07-2022 04:22:41						19,12	85,7	2,56	9,56	0,			20,08	77,8	1,81	9,27	0,			19,50	80,2	1,99	9,29	0,				19,81	82,7	2,09	9,21	0,				14,46	85,2					
02-07-2022 04:27:42						19,00	84,5	1,94	9,59	0,			19,96	77,6	1,7	9,28	0,			19,44	80,6	2,12	9,3	0,				19,50	82,4	2,17	9,22	0,				14,52	85,2					
02-07-2022 04:32:41						19,18	84,9	2,35	9,55	0,			19,96	77,8	1,71	9,27	0,			19,44	80,5	2,15	9,29	0,				19,31	82,	1,99	9,21	0,				14,46	84,9					
02-07-2022 04:37:41						19,56	85,7	2,34	9,56	0,			20,02	77,5	1,73	9,28	0,			19,31	80,4	2,01	9,28	0,				19,31	83,	2,14	9,2	0,				14,46	84,9					
02-07-2022 04:42:42						18,87	84,6	2,04	9,58	0,			20,15	78,2	1,75	9,27	0,			19,50	80,6	2,4	9,29	0,				19,43	82,7	2,06	9,22	0,				14,46	84,8					
02-07-2022 04:47:41						19,06	85,6	2,4	9,54	0,			20,27	77,8	1,77	9,27	0,			19,44	80,1	2,18	9,3	0,				19,37	83,3	2,19	9,2	0,				14,40	85,					
02-07-2022 04:52:42						19,12	85,3	2,11	9,58	0,			20,33	77,8	1,68	9,28	0,			19,38	80,	2,15	9,29	0,				19,31	82,7	2,21	9,22	0,				14,33	85,1					
02-07-2022 04:57:40						18,81	85,	2,11	9,57	0,			20,08	77,6	1,74	9,27	0,			19,19	80,5	2,16	9,3	0,				19,06	82,3	1,99	9,22	0,				14,27	85,2					
02-07-2022 05:02:41						18,81	85,3	2,19	9,57	0,			20,02	77,8	1,81	9,28	0,			19,13	80,5	2,1	9,29	0,				19,00	82,7	2,01	9,21	0,				14,21	85,4					
02-07-2022 05:07:42						18,62	85,3	2,17	9,59	0,			19,90	77,6	1,75	9,27	0,			19,06	80,1	2,04	9,29	0,				19,25	83,	2,01	9,2	0,				14,27	85,6					
02-07-2022 05:12:42						19,00	85,7	2,28	9,57	0,			19,90	77,7	1,67	9,27	0,			19,06	80,4	1,86	9,29	0,				19,12	83,4	2,01	9,21	0,				14,21	85,6					
02-07-2022 05:17:42						18,75	85,1	1,86	9,54	0,			19,77	77,6	1,76	9,27	0,			19,06	80,5	2,09	9,3	0,				19,00	83,	2,23	9,2	0,				13,96	86,					
02-07-2022 05:22:43						18,75	85,7	2,35	9,54	0,			19,83	77,6	1,7	9,28	0,			19,00	80,	2,08	9,29	0,				18,93	83,4	2,17	9,2	0,				13,83	86,4					
02-07-2022 05:27:42						18,68	84,9	2,	9,55	0,			19,71	77,8	1,69	9,27	0,			19,06	80,4	2,14	9,3	0,				19,00	83,2	2,33	9,21	0,				13,71	86,8					
02-07-2022 05:32:41						18,56	85,4	2,09	9,57	0,			19,90	78,6	1,73	9,27	0,			19,06	80,6	2,15	9,29	0,				19,75	85,8	2,6	9,21	0,				13,71	87,2					
02-07-2022 05:37:42						18,62	85,7	2,6	9,55	0,			19,77	78,3	1,71	9,27	0,			19,06	80,6	2,12	9,3	0,				19,56	83,3	1,97	9,21	0,				13,52	87,3					
02-07-2022 05:42:42						18,37	85,1	2,07	9,58	0,			19,46	78,3	1,79	9,28	0,			19,00	80,4	2,06	9,3	0,				19,12	83,	2,16	9,2	0,				13,40	87,6					
02-07-2022 05:47:41						18,62	85,3	2,02	9,57	0,			19,40	78,2	1,67	9,27	0,			18,81	80,4	1,9	9,29	0,				19,06	82,7	2,28	9,22	0,				13,33	87,6					
02-07-2022 05:52:42						18,31	85,3	2,16	9,57	0,			19,21	78,5	1,72	9,27	0,			18,63	80,	1,95	9,29	0,				18,68	83,4	2,22	9,22	0,				13,15	87,6					
02-07-2022 05:57:42						18,12	85,	1,93	9,57	0,			19,21	78,3	1,69	9,27	0,			18,63	80,4	2,07	9,29	0,				18,75	84,	2,29	9,22	0,				13,15	87,7					
02-07-2022 06:02:41						18,37	85,6	2,15	9,56	0,			19,27	78,6	1,7	9,27	0,			18,63	80,4	2,09	9,3	0,				18,68	83,4	2,26	9,21	0,				13,33	87,9					
02-07-2022 06:07:42						18,62	85,7	2,57	9,56	0,			19,33	79,	1,77	9,27	0,			18,69	81,4	1,81	9,29	0,				18,93	84,7	2,37	9,21	0,				13,40	87,6					
02-07-2022 06:12:42						18,43	85,5	1,98	9,56	0,			19,21	78,6	1,68	9,27	0,			18,56	81,2	2,21	9,29	0,				19,06	85,	2,19	9,21	0,				13,46	87,3					
02-07-2022 06:17:41						18,43	85,3	1,94	9,54	0,			19,15	79,	1,68	9,26	0,			18,88	80,8	2,22	9,29	0,				18,81	84,2	2,17	9,2	0,				13,58	87,2					
02-07-2022 06:22:43						18,18	85,3	2,18	9,57	0,			19,27	79,	1,71	9,28	0,			19,00	81,5	2,59	9,29	0,				18,62	84,6	2,04	9,22	0,				13,71	86,7					
02-07-2022 06:27:41						18,18	85,7	2,23	9,57	0,			19,40	79,	1,73	9,27	0,			19,19	80,	2,08	9,29	0,				19,68	87,	2,26	9,21	0,				13,96	86,					
02-07-2022 06:32:42						18,50	86,4	2,05	9,58	0,			19,46	79,2	1,73	9,27	0,			19,13	80,8	2,2	9,29	0,				19,81	85,8	2,43	9,23	0,				14,21	85,3					
02-07-2022 06:37:41						18,68	86,7	2,37	9,56	0,			19,46	78,7	1,69	9,27	0,			18,94	80,7	2,01	9,3	0,				19,00	83,	2,01	9,21	0,				14,27	78,					
02-07-2022 06:42:42						18,75	86,5	2,15	9,59	0,			19,71	79,4	1,74	9,27	0,			18,88	80,8	2,1	9,29	0,				18,93	84,9	2,04	9,23	0,				14,33	72,9					
02-07-2022 06:47:41						18,56	86,2	2,38	9,57	0,			19,77	78,9	1,69	9,27	0,			19,00	80,8	2,08	9,29	0,				19,25	85,	2,17	9,21	0,				14,52	77,7					
02-07-2022 06:52:41						18,62	86,1	2,	9,55	0,			19,83	79,5	1,67	9,27	0,			19,00	80,9	1,96	9,29	0,				19,18	85,	2,2	9,22	0,				14,71	80,					
02-07-2022 06:57:42						18,81	87,2	2,2	9,56	0,			19,71	79,	1,75	9,27	0,			19,19	81,2	2,11	9,29	0,				19,81	86,6	2,45	9,21	0,				14,83	81,3					
02-07-2022 07:02:41						19,12	87,7	2,54	9,57	0,			19,65	79,2	1,68	9,28	0,			19,38	81,7	2,57	9,29	0,				19,93	86,	2,52	9,21	0,				14,83	81,7					
02-07-2022 07:07:42						18,81	86,5	2,1	9,56	0,			19,77	80,	1,67	9,27	0,			19,75	81,2	2,09	9,3	0,				20,12	85,8	2,61	9,23	0,				15,08	82,6					
02-07-2022 07:12:41						18,81	86,8	2,23	9,57	0,			19,96	79,4	1,69	9,28	0,			19,44	81,	2,15	9,31	0,				20,25	86,2	2,38	9,21	0,				15,27	82,6					
02-07-2022 07:17:44						19,62	88,5	2,59	9,57	0,			20,15	80,4	1,7	9,27	0,			19,44	81,2	1,99	9,29	0,				20,25	85,4	2,54	9,2	0,				15,46	82,4					
02-07-2022 07:22:41						20,06	87,6	2,62	9,59	0,			20,52	81,3	1,66	9,27	0,			19,50	81,4	2,26	9,29	0,				20,31	85,8	2,48	9,22	0,				15,77	82,1					
02-07-2022 07:27:41						19,93	87,2	2,48	9,58	0,			20,58	80,2	1,74	9,28	0,			20,06	82,4	2,43	9,3	0,				20,93	85,8	2,42	9,23	0,				15,83	81,3					
02-07-2022 07:32:41						19,87	87,4	2,48	9,58	0,			20,52	79,8	1,77	9,28	0,			20,44	81,6	2,5	9,3	0,				20,81	85,	2,42	9,21	0,				15,90	81,					
02-07-2022 07:37:42						20,00	88,	2,57	9,59	0,			20,52	79,4	1,78	9,27	0,			20,69	81,2	2,54	9,3	0,				20,81	85,8	2,45	9,22	0,				16,08	81,					
02-07-2022 07:42:43						20,18	87,7	2,37	9,59	0,			20,71	79,6	1,8	9,28	0,			20,81	81,2	2,47	9,29	0,				20,50	85,	2,6	9,23	0,				16,40	81,2					
02-07-2022 07:47:42						20,25	87,4	2,58	9,59	0,			21,02	80,7	1,68	9,28	0,			21,06	81,2	2,54	9,3	0,				20,81	86,6	2,37	9,21	0,				16,33	80,7					
02-07-2022 07:52:42						20,68	88,2	2,55	9,57	0,			21,02	79,9	1,7	9,27	0,			21,38	81,2	2,46	9,31	0,				21,37	87,	2,38	9,23	0,				16,52	80,4					
02-07-2022 07:57:42						20,62	87,2	2,36	9,59	0,			21,15	80,2	1,65	9,27	0,			21,44	81,2	2,52	9,3	0,				21,00	84,6	2,52	9,21	0,				16,65	80,4					
02-07-2022 08:02:42						20,81	87,9	2,5	9,6	0,			21,08	79,4	1,82	9,27	0,			21,50	80,4	2,71	9,3	0,				21,06	84,6	2,51	9,23	0,				16,77	79,8					
02-07-2022 08:07:41						21,00	88,3	2,56	9,58	0,			21,40	80,2	1,71	9,27	0,			21,50	81,6	2,39	9,31	0,				21,12	84,9	2,49	9,24	0,				16,83	79,6					
02-07-2022 08:12:41						20,81	88,4	2,4	9,59	0,			21,65	80,3	1,81	9,28	0,			21,81	81,1	2,39	9,3	0,				21,37	85,8	2,47	9,23	0,				16,96	78,7					
02-07-2022 08:17:42						20,68	88,4	2,54	9,57	0,			21,77	80,9	1,64	9,28	0,			22,06	80,8	2,41	9,3	0,				21,50	85,5	2,57	9,22	0,				17,27	78,4					
02-07-2022 08:22:42						20,50	87,6	2,59	9,57	0,			21,52	80,7	1,75	9,28	0,			22,31	81,9	2,7	9,3	0,				22,18	87,4	2,45	9,22	0,				17,52	78,					
02-07-2022 08:27:42						20,68	88,2	2,65	9,59	0,			21,46	80,2	1,77	9,28	0,			22,19	81,6	2,65	9,3	0,				22,43	86,8	2,37	9,22	0,				17,58	76,8					
02-07-2022 08:32:40						20,50	87,7	2,54	9,59	0,			21,33	79,8	1,78	9,28	0,			22,00	81,2	2,54	9,3	0,				22,18	85,4	2,48	9,22	0,				17,71	76,					
02-07-2022 08:37:42						20,43	86,8	2,73	9,57	0,			21,40	79,1	1,74	9,27	0,			21,75	80,8	2,47	9,3	0,				22,00	84,9	2,45	9,24	0,				17,58	74,8					
02-07-2022 08:42:41						20,56	87,6	2,56	9,58	0,			21,33	79,	1,63	9,28	0,			21,75	80,5	2,77	9,3	0,				21,87	84,6	2,5	9,22	0,				17,77	74,8					
02-07-2022 08:47:43						20,56	86,9	2,46	9,57	0,			21,40	78,9	1,78	9,28	0,			21,75	80,5	2,46	9,3	0,				22,06	84,6	2,49	9,23	0,				17,96	73,3					
02-07-2022 08:52:41						20,81	87,	2,47	9,6	0,			21,46	78,4	1,78	9,27	0,			21,75	80,4	2,55	9,29	0,				22,06	83,6	2,57	9,24	0,				18,08	74,1					
02-07-2022 08:57:42						20,87	86,8	2,54	9,56	0,			21,46	78,6	1,73	9,27	0,			21,88	80,2	2,73	9,3	0,				22,18	82,8	2,5	9,23	0,				18,21	73,					
02-07-2022 09:02:41						20,93	86,8	2,39	9,6	0,			21,33	77,8	1,72	9,28	0,			21,94	80,	2,49	9,3	0,				22,12	82,5	2,55	9,22	0,				17,96	72,6					
02-07-2022 09:07:42						20,87	86,5	2,43	9,58	0,			21,40	77,9	1,64	9,27	0,			22,00	80,1	2,52	9,3	0,				22,31	82,7	2,49	9,23	0,				18,40	72,9					
02-07-2022 09:12:42						20,93	85,9	2,52	9,58	0,			21,52	77,8	1,95	9,27	0,			22,19	79,7	2,64	9,29	0,				22,31	81,5	2,64	9,23	0,				18,27	71,7					
02-07-2022 09:17:42						20,93	85,7	2,47	9,58	0,			21,46	77,4	1,76	9,28	0,			22,00	79,6	2,49	9,3	0,				22,06	81,4	2,41	9,23	0,				18,02	72,4					
02-07-2022 09:22:43						20,75	86,1	2,58	9,58	0,			21,40	77,2	1,73	9,28	0,			22,06	79,6	2,47	9,3	0,				22,06	81,4	2,5	9,22	0,				18,02	71,8					
02-07-2022 09:27:41						20,87	85,9	2,5	9,57	0,			21,40	76,6	1,62	9,27	0,			22,00	79,6	2,66	9,29	0,				22,00	81,3	2,48	9,22	0,				18,02	72,					
02-07-2022 09:32:42						20,75	85,3	2,56	9,57	0,			21,52	77,	1,66	9,27	0,			21,94	79,4	2,54	9,3	0,				22,00	81,4	2,37	9,22	0,				18,02	71,7					
02-07-2022 09:37:41						20,81	85,3	2,52	9,59	0,			21,58	77,3	1,78	9,27	0,			21,94	79,6	2,43	9,29	0,				22,12	81,9	2,26	9,23	0,				18,90	72,3					
02-07-2022 09:42:41						21,12	85,7	2,54	9,59	0,			21,96	77,4	1,66	9,27	0,			22,31	79,8	2,39	9,3	0,				22,56	81,2	2,39	9,22	0,				19,33	69,7					
02-07-2022 09:47:41						21,62	85,2	2,58	9,59	0,			22,15	76,6	1,68	9,28	0,			22,56	79,6	2,56	9,3	0,				22,87	81,2	2,55	9,23	0,				18,96	67,7					
02-07-2022 09:52:42						21,56	84,9	2,42	9,58	0,			22,27	76,3	1,62	9,27	0,			22,63	79,2	2,61	9,3	0,				23,06	81,1	2,39	9,23	0,				18,96	68,4					
02-07-2022 09:57:42						21,68	85,2	2,65	9,6	0,			22,58	76,2	1,72	9,27	0,			22,69	79,1	2,65	9,3	0,				23,31	80,6	2,46	9,24	0,				19,52	68,1					
02-07-2022 10:02:40						22,00	84,5	2,45	9,56	0,			22,71	76,2	1,71	9,27	0,			22,94	79,	2,49	9,3	0,				23,37	80,2	2,51	9,22	0,				19,65	68,1					
02-07-2022 10:07:42						22,06	84,8	2,6	9,59	0,			22,77	76,2	1,78	9,27	0,			23,13	79,2	2,37	9,3	0,				23,93	81,2	2,49	9,24	0,				19,58	67,3					
02-07-2022 10:12:41						22,25	84,6	2,52	9,6	0,			22,83	75,8	1,74	9,28	0,			23,31	78,8	2,56	9,31	0,				24,43	81,5	2,39	9,23	0,				19,40	67,1					
02-07-2022 10:17:42						22,06	84,4	2,57	9,57	0,			22,90	75,8	1,73	9,28	0,			23,31	78,8	2,57	9,29	0,				24,25	81,5	2,72	9,24	0,				19,65	66,7					
02-07-2022 10:22:41						22,18	83,9	2,49	9,57	0,			22,96	74,7	1,67	9,27	0,			23,50	78,4	2,45	9,3	0,				24,37	79,5	2,55	9,23	0,				20,02	65,7					
02-07-2022 10:27:42						22,31	84,1	2,52	9,58	0,			23,08	75,	1,83	9,27	0,			23,63	78,3	2,66	9,31	0,				24,37	79,2	2,37	9,23	0,				19,90	64,5					
02-07-2022 10:32:41						22,31	83,3	2,54	9,59	0,			23,15	74,6	1,72	9,28	0,			23,75	78,	2,82	9,3	0,				24,18	78,3	2,49	9,23	0,				19,77	64,6					
02-07-2022 10:37:42						22,43	83,5	2,46	9,58	0,			23,33	74,6	1,71	9,28	0,			23,75	78,1	2,67	9,3	0,				24,43	78,3	2,39	9,24	0,				19,65	64,5					
02-07-2022 10:42:42						22,50	83,3	2,48	9,58	0,			23,46	74,4	1,72	9,27	0,			23,81	77,7	2,65	9,3	0,				24,50	78,	2,44	9,24	0,				20,27	64,1					
02-07-2022 10:47:41						22,62	82,9	2,35	9,59	0,			23,46	74,	1,82	9,28	0,			24,00	77,4	2,62	9,29	0,				24,56	76,8	2,53	9,23	0,				19,65	64,5					
02-07-2022 10:52:42						22,37	82,9	2,39	9,58	0,			23,40	73,4	1,66	9,27	0,			23,81	77,2	2,45	9,31	0,				24,56	76,7	2,61	9,24	0,				19,71	64,7					
02-07-2022 10:57:41						22,68	82,9	2,48	9,57	0,			23,46	73,4	1,69	9,27	0,			23,88	77,2	2,37	9,3	0,				24,43	76,3	2,5	9,23	0,				20,21	63,7					
02-07-2022 11:02:42						22,62	82,4	2,16	9,58	0,			23,71	73,7	1,57	9,28	0,			24,00	76,7	2,42	9,3	0,				24,75	75,9	2,39	9,24	0,				20,27	62,1					
02-07-2022 11:07:41						22,75	82,1	2,36	9,58	0,			23,65	72,9	1,79	9,28	0,			24,13	76,5	2,43	9,31	0,				24,62	75,5	2,61	9,24	0,				20,52	61,5					
02-07-2022 11:12:43						22,81	82,1	2,53	9,58	0,			23,71	72,3	1,83	9,27	0,			24,25	76,4	2,65	9,3	0,				24,93	75,1	2,64	9,23	0,				20,83	61,8					
02-07-2022 11:17:42						22,87	82,	2,39	9,6	0,			23,77	72,2	1,74	9,28	0,			24,44	76,9	2,54	9,31	0,				24,81	75,1	2,56	9,24	0,				20,65	60,1					
02-07-2022 11:22:42						23,18	82,1	2,63	9,59	0,			23,90	72,2	1,67	9,27	0,			24,50	76,8	2,39	9,3	0,				25,00	74,4	2,65	9,23	0,				20,71	60,1					
02-07-2022 11:27:42						23,37	81,7	2,61	9,59	0,			24,08	71,8	1,61	9,28	0,			24,56	76,5	2,82	9,31	0,				25,31	73,8	2,52	9,23	0,				21,08	58,5					
02-07-2022 11:32:41						23,50	80,9	2,57	9,58	0,			23,96	71,	1,65	9,28	0,			24,69	76,	2,62	9,3	0,				25,43	73,5	2,52	9,24	0,				20,90	58,1					
02-07-2022 11:37:42						23,50	81,7	2,52	9,6	0,			24,15	71,9	1,65	9,27	0,			24,81	76,	2,43	9,31	0,				25,37	73,7	2,54	9,24	0,				21,21	59,5					
02-07-2022 11:42:41						23,37	80,8	2,44	9,58	0,			24,21	71,	1,76	9,28	0,			24,81	75,2	2,41	9,3	0,				25,18	73,1	2,45	9,24	0,				20,77	57,3					
02-07-2022 11:47:42						23,50	80,7	2,16	9,58	0,			24,27	70,9	1,56	9,28	0,			24,69	75,2	2,4	9,3	0,				25,68	72,8	2,41	9,24	0,				21,15	58,1					
02-07-2022 11:52:41						23,81	80,9	2,25	9,59	0,			24,52	71,4	1,44	9,27	0,			24,81	75,2	2,3	9,31	0,				25,93	73,1	2,69	9,23	0,				21,27	58,1					
02-07-2022 11:57:42						23,75	80,1	2,41	9,58	0,			24,52	70,4	1,74	9,27	0,			24,88	74,8	2,42	9,3	0,				25,87	72,5	2,39	9,25	0,				21,02	58,2					
02-07-2022 12:02:41						23,68	80,	2,59	9,6	0,			24,77	71,4	1,75	9,28	0,			25,00	74,9	2,76	9,3	0,				26,18	74,3	2,53	9,24	0,				21,02	57,8					
02-07-2022 12:07:42						23,43	79,3	2,42	9,59	0,			24,71	69,8	1,47	9,27	0,			24,88	74,4	2,45	9,31	0,				25,93	71,9	2,44	9,25	0,				20,83	56,9					
02-07-2022 12:12:42						23,62	79,6	2,62	9,6	0,			24,71	70,2	1,63	9,27	0,			25,00	74,4	2,56	9,31	0,				26,43	73,	2,5	9,24	0,				21,02	56,3					
02-07-2022 12:17:41						23,56	79,3	2,65	9,59	0,			24,65	70,4	1,94	9,28	0,			24,94	73,6	2,32	9,31	0,				26,37	71,6	2,75	9,24	0,				21,27	56,9					
02-07-2022 12:22:42						23,68	78,5	2,46	9,56	0,			24,77	70,3	1,68	9,28	0,			25,06	73,6	2,46	9,3	0,				25,93	71,5	2,47	9,24	0,				21,27	57,2					
02-07-2022 12:27:41						24,06	78,7	2,51	9,59	0,			24,96	70,3	1,75	9,28	0,			25,25	73,6	2,53	9,29	0,				26,12	70,7	2,52	9,23	0,				21,33	53,8					
02-07-2022 12:32:42						24,31	79,3	2,43	9,6	0,			25,08	69,8	1,67	9,27	0,			25,25	73,1	2,6	9,3	0,				26,25	70,6	2,44	9,24	0,				21,52	52,9					
02-07-2022 12:37:42						24,50	80,5	2,48	9,6	0,			25,02	69,4	1,75	9,28	0,			25,31	73,3	2,4	9,3	0,				26,37	70,7	2,38	9,23	0,				21,33	54,5					
02-07-2022 12:42:42						24,37	81,3	2,52	9,59	0,			25,21	71,7	1,7	9,27	0,			25,31	74,4	2,37	9,31	0,				26,18	70,3	2,38	9,24	0,				21,27	56,5					
02-07-2022 12:47:42						24,12	80,1	2,61	9,58	0,			25,33	71,4	1,72	9,28	0,			25,63	74,8	2,54	9,31	0,				26,12	69,8	2,48	9,25	0,				21,46	53,3					
02-07-2022 12:52:42						24,31	82,	2,52	9,56	0,			25,27	72,7	1,66	9,28	0,			25,75	75,6	2,51	9,31	0,				26,25	70,9	2,57	9,24	0,				21,77	54,2					
02-07-2022 12:57:43						24,31	79,9	2,69	9,59	0,			25,02	70,8	1,87	9,28	0,			25,94	76,4	2,78	9,31	0,				26,93	72,8	2,57	9,25	0,				21,90	54,5					
02-07-2022 13:02:41						24,06	79,6	2,63	9,6	0,			25,15	70,	1,88	9,28	0,			25,81	75,2	2,65	9,3	0,				26,81	73,5	2,48	9,25	0,				21,46	52,2					
02-07-2022 13:07:42						24,06	78,4	2,57	9,59	0,			25,02	69,	1,66	9,28	0,			25,56	74,	2,54	9,3	0,				26,68	71,9	2,54	9,25	0,				21,71	53,2					
02-07-2022 13:12:40						24,12	77,9	2,5	9,59	0,			25,15	69,2	1,65	9,27	0,			25,50	74,7	2,76	9,32	0,				26,62	72,4	2,4	9,26	0,				21,58	51,7					
02-07-2022 13:17:42						24,06	78,3	2,53	9,59	0,			25,02	69,	1,68	9,27	0,			25,56	73,8	2,68	9,3	0,				26,31	71,2	2,43	9,25	0,				21,83	54,7					
02-07-2022 13:22:41						24,06	77,4	2,56	9,6	0,			25,15	68,6	1,71	9,28	0,			25,63	73,6	2,75	9,3	0,				26,50	69,9	2,62	9,23	0,				21,15	52,9					
02-07-2022 13:27:42						24,06	78,3	2,57	9,59	0,			24,96	68,9	1,78	9,28	0,			25,63	75,2	2,6	9,31	0,				26,25	70,7	2,66	9,25	0,				21,71	55,7					
02-07-2022 13:32:41						24,18	78,3	2,7	9,59	0,			25,08	69,	1,67	9,27	0,			25,63	74,8	2,65	9,31	0,				26,25	70,7	2,62	9,24	0,				21,83	55,3					
02-07-2022 13:37:41						24,50	78,5	2,57	9,59	0,			25,33	69,	1,6	9,28	0,			25,69	74,1	2,45	9,3	0,				26,81	70,7	2,57	9,23	0,				22,15	54,9					
02-07-2022 13:42:42						24,68	77,3	2,58	9,57	0,			25,52	68,6	1,81	9,28	0,			25,81	72,8	2,73	9,3	0,				26,68	69,5	2,66	9,23	0,				22,27	55,5					
02-07-2022 13:47:42						24,68	77,7	2,36	9,61	0,			25,52	69,	1,83	9,28	0,			25,81	73,2	2,42	9,31	0,				27,12	69,9	2,51	9,23	0,				21,90	54,5					
02-07-2022 13:52:42						24,25	77,3	2,68	9,58	0,			25,33	67,8	1,89	9,27	0,			25,63	72,8	2,84	9,3	0,				26,68	69,7	2,55	9,24	0,				21,46	56,9					
02-07-2022 13:57:41						24,37	77,5	2,73	9,6	0,			25,40	68,3	1,77	9,28	0,			25,69	72,9	2,6	9,31	0,				26,81	69,9	2,45	9,24	0,				22,15	57,2					
02-07-2022 14:02:42						24,56	77,4	2,53	9,61	0,			25,46	68,1	1,66	9,27	0,			25,81	72,2	2,62	9,31	0,				26,81	69,1	2,5	9,25	0,				22,21	54,5					
02-07-2022 14:07:41						24,62	76,9	2,49	9,6	0,			25,33	66,3	1,62	9,28	0,			25,75	71,5	2,73	9,31	0,				26,56	69,1	2,66	9,25	0,				21,21	54,7					
02-07-2022 14:12:42						24,62	76,6	2,68	9,6	0,			25,21	66,5	1,83	9,27	0,			25,56	71,6	2,62	9,31	0,				26,31	68,3	2,62	9,24	0,				21,21	55,7					
02-07-2022 14:17:41						24,12	76,1	2,34	9,59	0,			25,15	65,3	1,75	9,28	0,			25,38	71,4	2,44	9,31	0,				25,87	67,5	2,58	9,25	0,				20,83	56,1					
02-07-2022 14:22:42						24,31	76,6	2,53	9,6	0,			25,21	65,7	1,77	9,28	0,			25,25	71,8	2,57	9,31	0,				26,18	67,9	2,69	9,25	0,				21,65	57,4					
02-07-2022 14:27:42						24,43	76,5	2,52	9,59	0,			25,33	66,2	1,81	9,27	0,			25,38	71,8	2,69	9,31	0,				26,37	69,9	2,6	9,24	0,				22,15	54,9					
02-07-2022 14:32:41						24,81	76,1	2,6	9,6	0,			25,52	65,5	1,67	9,27	0,			25,63	70,1	2,8	9,3	0,				26,43	67,3	2,53	9,24	0,				22,15	52,9					
02-07-2022 14:37:42						24,68	75,4	2,58	9,58	0,			25,65	65,3	1,73	9,28	0,			25,69	70,	2,44	9,31	0,				26,56	68,3	2,39	9,24	0,				21,65	55,1					
02-07-2022 14:42:41						25,00	75,6	2,82	9,6	0,			25,77	65,4	1,86	9,28	0,			25,88	72,3	2,45	9,31	0,				26,81	67,9	2,69	9,24	0,				22,21	54,7					
02-07-2022 14:47:42						24,87	75,5	2,58	9,62	0,			25,65	64,8	1,61	9,27	0,			25,75	71,6	2,47	9,31	0,				26,18	66,7	2,65	9,24	0,				21,33	55,3					
02-07-2022 14:52:41						24,62	75,3	2,67	9,6	0,			25,46	64,9	1,75	9,27	0,			25,63	71,8	2,55	9,31	0,				26,37	67,7	2,8	9,24	0,				21,52	55,9					
02-07-2022 14:57:43						24,62	76,8	2,49	9,59	0,			25,52	65,9	1,71	9,28	0,			25,56	71,7	2,69	9,32	0,				26,25	68,8	2,65	9,23	0,				21,71	57,6					
02-07-2022 15:02:40						24,87	76,4	2,52	9,57	0,			25,65	65,9	1,76	9,28	0,			25,75	72,	2,85	9,31	0,				26,56	68,3	2,65	9,24	0,				22,02	56,2					
02-07-2022 15:07:42						24,75	76,1	2,71	9,61	0,			25,71	65,7	1,96	9,28	0,			25,75	72,	2,61	9,31	0,				26,81	68,3	2,56	9,24	0,				21,52	56,9					
02-07-2022 15:12:42						24,75	76,5	2,63	9,6	0,			25,71	66,5	1,78	9,28	0,			25,69	72,	2,42	9,31	0,				26,25	68,3	2,49	9,25	0,				21,40	56,6					
02-07-2022 15:17:41						24,87	76,5	2,66	9,62	0,			25,65	66,1	1,76	9,28	0,			25,63	71,7	2,61	9,32	0,				26,43	68,3	2,69	9,25	0,				21,83	57,1					
02-07-2022 15:22:42						24,81	76,1	2,64	9,59	0,			25,77	65,7	1,48	9,28	0,			25,69	71,6	2,4	9,31	0,				26,43	67,5	2,49	9,24	0,				21,90	55,4					
02-07-2022 15:27:41						24,93	75,8	2,57	9,61	0,			25,90	65,3	1,67	9,27	0,			25,69	71,2	2,42	9,31	0,				26,68	67,5	2,67	9,25	0,				22,33	56,1					
02-07-2022 15:32:43						25,18	76,9	2,52	9,6	0,			25,96	65,7	1,71	9,27	0,			25,81	71,6	2,54	9,31	0,				26,93	67,5	2,6	9,25	0,				22,46	54,4					
02-07-2022 15:37:42						25,18	74,9	2,66	9,59	0,			26,08	65,6	1,83	9,28	0,			25,88	71,2	2,49	9,31	0,				26,93	67,	2,47	9,24	0,				22,71	53,9					
02-07-2022 15:42:42						25,25	74,9	2,56	9,59	0,			26,21	65,8	1,76	9,28	0,			26,06	70,9	2,48	9,31	0,				27,00	67,1	2,41	9,25	0,				22,77	53,8					
02-07-2022 15:47:41						25,31	75,3	2,74	9,59	0,			26,27	66,1	1,77	9,28	0,			26,06	70,9	2,82	9,31	0,				26,81	66,8	2,55	9,25	0,				22,08	55,3					
02-07-2022 15:52:42						24,93	74,7	2,52	9,61	0,			26,08	66,2	1,77	9,28	0,			25,88	71,1	2,49	9,32	0,				26,75	67,2	2,52	9,24	0,				21,46	56,1					
02-07-2022 15:57:41						25,12	75,	2,46	9,63	0,			25,96	65,7	1,56	9,28	0,			25,69	70,5	2,54	9,31	0,				26,62	67,1	2,49	9,25	0,				21,08	57,7					
02-07-2022 16:02:41						24,87	74,9	2,45	9,6	0,			25,71	66,5	1,57	9,28	0,			25,44	70,8	2,26	9,31	0,				26,43	67,1	2,56	9,24	0,				21,08	58,8					
02-07-2022 16:07:42						24,87	74,6	2,56	9,59	0,			25,83	67,4	1,8	9,28	0,			25,44	71,3	2,38	9,31	0,				26,25	68,	2,56	9,25	0,				21,77	58,1					
02-07-2022 16:12:41						24,93	74,9	2,48	9,61	0,			25,83	66,1	1,84	9,28	0,			25,50	70,9	2,57	9,31	0,				26,31	68,2	2,53	9,24	0,				21,40	56,9					
02-07-2022 16:17:42						24,75	75,3	2,52	9,58	0,			25,71	66,9	1,67	9,28	0,			25,44	71,2	2,46	9,3	0,				26,06	67,1	2,52	9,25	0,				21,08	57,1					
02-07-2022 16:22:41						24,75	75,	2,68	9,59	0,			25,65	66,5	1,81	9,28	0,			25,38	71,	2,46	9,32	0,				26,31	67,5	2,45	9,25	0,				21,83	58,1					
02-07-2022 16:27:42						25,06	76,2	2,55	9,59	0,			25,83	66,9	1,61	9,28	0,			25,44	70,4	2,48	9,31	0,				26,50	67,2	2,37	9,24	0,				21,83	55,4					
02-07-2022 16:32:42						24,87	75,6	2,4	9,62	0,			25,71	65,7	1,71	9,28	0,			25,38	70,	2,36	9,32	0,				26,25	66,7	2,44	9,23	0,				21,02	55,3					
02-07-2022 16:37:42						24,81	76,5	2,59	9,59	0,			25,52	66,3	1,75	9,28	0,			25,19	70,3	2,69	9,31	0,				26,31	66,7	2,37	9,24	0,				21,02	56,9					
02-07-2022 16:42:42						24,87	76,4	2,33	9,6	0,			25,52	66,5	1,58	9,28	0,			25,13	69,6	2,38	9,3	0,				26,00	66,4	2,54	9,25	0,				21,90	55,3					
02-07-2022 16:47:41						24,93	75,7	2,58	9,61	0,			25,83	66,2	2,	9,27	0,			25,19	70,	2,61	9,31	0,				26,25	66,3	2,58	9,24	0,				21,83	54,8					
02-07-2022 16:52:42						25,18	76,5	2,61	9,59	0,			25,83	66,5	1,74	9,28	0,			25,25	70,8	2,54	9,32	0,				26,31	66,9	2,57	9,25	0,				21,40	56,4					
02-07-2022 16:57:40						25,06	75,9	2,36	9,59	0,			25,71	66,5	1,66	9,27	0,			25,25	70,4	2,44	9,31	0,				26,00	66,5	2,54	9,25	0,				20,90	58,6					
02-07-2022 17:02:43						24,87	75,8	2,4	9,59	0,			25,46	66,5	1,69	9,28	0,			25,06	70,4	2,46	9,31	0,				25,87	66,3	2,67	9,25	0,				21,15	57,7					
02-07-2022 17:07:41						24,93	75,3	2,46	9,59	0,			25,52	66,4	1,66	9,28	0,			25,19	69,6	2,57	9,31	0,				26,06	66,3	2,54	9,23	0,				22,46	54,5					
02-07-2022 17:12:42						25,18	74,6	2,58	9,6	0,			25,71	65,4	1,73	9,28	0,			25,19	69,1	2,45	9,3	0,				26,18	65,6	2,38	9,25	0,				22,33	54,1					
02-07-2022 17:17:41						25,31	75,5	2,4	9,6	0,			25,83	65,7	1,74	9,28	0,			25,44	69,3	2,43	9,3	0,				26,31	65,4	2,53	9,24	0,				23,08	52,6					
02-07-2022 17:22:42						25,43	76,5	2,63	9,59	0,			25,90	66,1	1,76	9,27	0,			25,56	69,6	2,28	9,31	0,				26,37	65,7	2,65	9,24	0,				23,08	52,4					
02-07-2022 17:27:42						25,37	74,9	2,54	9,6	0,			25,83	65,4	1,61	9,27	0,			25,69	69,2	2,37	9,31	0,				26,37	65,2	2,42	9,25	0,				21,96	51,7					
02-07-2022 17:32:41						25,50	76,9	2,4	9,6	0,			25,83	65,1	1,67	9,28	0,			25,56	69,2	2,46	9,32	0,				26,31	65,2	2,63	9,24	0,				21,90	52,5					
02-07-2022 17:37:42						24,87	74,4	2,41	9,6	0,			25,65	64,6	1,55	9,28	0,			25,44	69,	2,22	9,31	0,				26,31	64,4	2,33	9,25	0,				21,40	52,5					
02-07-2022 17:42:41						24,75	75,3	2,31	9,6	0,			25,65	66,1	1,7	9,28	0,			25,44	70,	2,62	9,3	0,				26,06	64,8	2,44	9,24	0,				21,90	54,1					
02-07-2022 17:47:42						25,18	77,9	2,53	9,6	0,			25,96	67,	1,74	9,28	0,			25,56	71,6	2,45	9,32	0,				26,12	66,4	2,59	9,25	0,				22,65	54,7					
02-07-2022 17:52:41						25,25	77,2	2,54	9,59	0,			25,77	67,8	1,79	9,27	0,			25,63	71,6	2,31	9,31	0,				26,06	67,1	2,71	9,25	0,				22,27	54,3					
02-07-2022 17:57:42						25,25	78,3	2,43	9,6	0,			25,83	67,7	1,74	9,28	0,			25,44	71,2	2,66	9,3	0,				26,25	68,	2,53	9,24	0,				22,40	55,7					
02-07-2022 18:02:41						25,12	77,7	2,61	9,58	0,			25,90	67,4	1,72	9,28	0,			25,38	71,1	2,71	9,32	0,				26,25	69,1	2,75	9,24	0,				22,21	54,5					
02-07-2022 18:07:42						25,12	77,5	2,59	9,6	0,			25,83	67,6	1,71	9,28	0,			25,38	71,5	2,66	9,31	0,				26,37	67,9	2,47	9,24	0,				22,27	55,7					
02-07-2022 18:12:41						24,87	76,2	2,56	9,6	0,			25,71	68,2	1,71	9,28	0,			25,31	71,3	2,69	9,31	0,				26,00	68,3	2,43	9,24	0,				22,08	54,5					
02-07-2022 18:17:42						24,81	76,1	2,59	9,61	0,			25,46	67,	1,8	9,27	0,			25,44	72,8	2,75	9,3	0,				26,00	68,8	2,56	9,24	0,				21,96	54,9					
02-07-2022 18:22:42						24,56	75,9	2,45	9,59	0,			25,58	69,4	1,66	9,28	0,			25,38	72,	2,88	9,32	0,				25,75	67,5	2,52	9,25	0,				21,46	55,5					
02-07-2022 18:27:41						24,81	76,5	2,52	9,6	0,			25,52	67,9	1,8	9,28	0,			25,25	71,2	2,48	9,32	0,				25,93	67,9	2,32	9,24	0,				22,02	54,9					
02-07-2022 18:32:42						25,00	78,1	2,65	9,59	0,			25,40	67,6	1,71	9,28	0,			25,31	71,6	2,46	9,31	0,				26,06	68,6	2,58	9,25	0,				21,21	55,2					
02-07-2022 18:37:41						24,93	78,4	2,57	9,58	0,			25,33	67,4	1,73	9,28	0,			25,19	71,2	2,51	9,31	0,				26,06	67,4	2,39	9,26	0,				21,90	54,1					
02-07-2022 18:42:42						24,87	77,7	2,43	9,6	0,			25,71	68,8	1,68	9,28	0,			25,13	71,7	2,67	9,31	0,				25,68	67,	2,52	9,25	0,				21,83	52,5					
02-07-2022 18:47:41						24,75	77,3	2,4	9,59	0,			25,40	67,8	1,7	9,28	0,			25,06	71,4	2,54	9,31	0,				25,68	67,4	2,71	9,23	0,				22,02	53,9					
02-07-2022 18:52:42						24,81	77,4	2,54	9,56	0,			25,27	67,8	1,75	9,28	0,			25,06	70,9	2,47	9,31	0,				25,81	67,1	2,32	9,24	0,				21,77	52,2					
02-07-2022 18:57:42						24,43	76,1	2,46	9,61	0,			25,27	69,4	1,66	9,28	0,			25,19	72,8	2,47	9,32	0,				25,43	66,3	2,48	9,25	0,				21,77	50,9					
02-07-2022 19:02:42						24,31	76,1	2,39	9,57	0,			24,96	67,9	1,63	9,28	0,			25,31	74,4	2,46	9,3	0,				26,12	69,	2,43	9,24	0,				22,21	52,8					
02-07-2022 19:07:42						24,31	75,	2,57	9,59	0,			24,83	67,6	1,85	9,28	0,			25,19	74,	2,47	9,3	0,				26,12	70,7	2,36	9,23	0,				22,08	51,3					
02-07-2022 19:12:41						24,06	74,2	2,39	9,61	0,			24,77	66,5	1,72	9,28	0,			24,88	73,	2,56	9,31	0,				25,81	69,5	2,74	9,24	0,				21,90	49,					
02-07-2022 19:17:41						23,93	74,3	2,66	9,6	0,			24,46	65,9	1,53	9,28	0,			24,56	72,6	2,41	9,31	0,				25,62	68,7	2,67	9,24	0,				21,58	51,					
02-07-2022 19:22:40						24,00	74,8	2,63	9,59	0,			24,27	67,	1,74	9,27	0,			24,38	72,	2,46	9,3	0,				25,43	69,1	2,61	9,24	0,				21,65	52,3					
02-07-2022 19:27:43						23,93	74,2	2,66	9,59	0,			24,33	66,5	1,56	9,27	0,			24,38	72,	2,43	9,31	0,				25,25	67,7	2,38	9,24	0,				21,65	49,8					
02-07-2022 19:32:42						23,93	73,6	2,6	9,59	0,			24,21	65,4	1,64	9,28	0,			24,25	71,7	2,53	9,3	0,				25,00	66,7	2,66	9,24	0,				21,52	39,4					
02-07-2022 19:37:43						23,75	73,8	2,48	9,59	0,			24,27	66,5	1,75	9,28	0,			24,06	71,2	2,39	9,31	0,				24,56	67,5	2,45	9,24	0,				21,40	36,9					
02-07-2022 19:42:42						23,62	73,4	2,47	9,61	0,			24,08	66,3	1,77	9,27	0,			23,94	71,6	2,43	9,31	0,				24,75	67,2	2,48	9,23	0,				21,52	35,4					
02-07-2022 19:47:41						23,62	73,8	2,51	9,58	0,			23,96	66,1	1,75	9,27	0,			23,81	71,2	2,53	9,31	0,				24,62	67,2	2,59	9,24	0,				21,71	35,4					
02-07-2022 19:52:43						23,62	74,2	2,52	9,57	0,			24,02	66,1	1,71	9,28	0,			23,81	72,5	2,45	9,31	0,				24,50	68,7	2,48	9,24	0,				21,52	34,6					
02-07-2022 19:57:40						23,50	73,7	2,56	9,59	0,			23,83	65,3	1,67	9,27	0,			23,81	71,6	2,43	9,3	0,				24,43	67,5	2,47	9,24	0,				21,21	35,3					
02-07-2022 20:02:42						23,50	73,2	2,44	9,58	0,			23,77	64,5	1,79	9,28	0,			23,81	70,9	2,49	9,31	0,				24,43	67,5	2,45	9,23	0,				21,27	35,3					
02-07-2022 20:07:41						23,43	73,7	2,44	9,58	0,			23,71	64,4	1,9	9,28	0,			23,69	70,8	2,48	9,3	0,				24,50	68,3	2,8	9,23	0,				21,52	34,2					
02-07-2022 20:12:43						23,43	74,2	2,47	9,59	0,			23,77	64,9	1,73	9,28	0,			23,69	70,8	2,57	9,31	0,				24,87	70,3	2,63	9,24	0,				21,40	34,1					
02-07-2022 20:17:42						23,43	74,2	2,56	9,58	0,			23,77	64,5	1,76	9,27	0,			23,69	70,4	2,3	9,3	0,				24,56	69,3	2,62	9,23	0,				21,21	34,2					
02-07-2022 20:22:43						23,18	73,7	2,46	9,61	0,			23,71	64,6	1,75	9,27	0,			23,56	70,4	2,52	9,31	0,				24,56	68,7	2,4	9,24	0,				21,21	35,					
02-07-2022 20:27:42						23,18	73,4	2,58	9,59	0,			23,65	64,3	1,72	9,27	0,			23,63	70,7	2,62	9,3	0,				24,31	67,8	2,68	9,23	0,				21,21	35,1					
02-07-2022 20:32:41						23,18	74,2	2,41	9,59	0,			23,58	64,9	1,77	9,27	0,			23,56	70,6	2,55	9,31	0,				24,12	68,1	2,82	9,24	0,				21,96	35,8					
02-07-2022 20:37:42						23,12	74,9	2,6	9,6	0,			23,52	66,1	1,69	9,28	0,			23,50	71,6	2,5	9,3	0,				24,00	69,	2,53	9,23	0,				20,27	41,8					
02-07-2022 20:42:41						22,81	74,7	2,61	9,6	0,			23,46	66,3	1,71	9,28	0,			23,38	71,6	2,42	9,31	0,				24,06	68,3	2,63	9,23	0,				19,15	51,3					
02-07-2022 20:47:42						22,81	75,2	2,42	9,58	0,			23,46	67,	1,6	9,28	0,			23,25	71,7	2,51	9,31	0,				23,75	68,3	2,6	9,23	0,				18,71	56,1					
02-07-2022 20:52:40						22,56	74,9	2,67	9,58	0,			23,52	67,8	1,67	9,28	0,			23,06	71,2	2,54	9,29	0,				23,43	68,3	2,42	9,24	0,				18,71	57,5					
02-07-2022 20:57:43						22,43	74,9	2,51	9,6	0,			23,46	67,7	1,83	9,27	0,			22,94	71,4	2,48	9,3	0,				23,43	69,2	2,66	9,24	0,				19,15	59,5					
02-07-2022 21:02:41						22,43	75,	2,62	9,6	0,			23,40	67,7	1,77	9,27	0,			22,75	71,2	2,46	9,3	0,				23,25	68,8	2,58	9,23	0,				20,27	52,9					
02-07-2022 21:07:42						22,37	75,3	2,37	9,59	0,			23,27	67,4	1,66	9,28	0,			22,69	71,6	2,46	9,3	0,				23,18	69,1	2,6	9,24	0,				20,40	51,3					
02-07-2022 21:12:42						22,25	75,7	2,54	9,6	0,			23,02	67,9	1,61	9,28	0,			22,69	72,	2,59	9,3	0,				23,12	68,9	2,44	9,23	0,				21,08	47,7					
02-07-2022 21:17:41						22,43	76,3	2,57	9,61	0,			23,08	67,8	1,69	9,27	0,			22,50	72,	2,58	9,31	0,				22,87	69,1	2,7	9,23	0,				20,71	47,7					
02-07-2022 21:22:42						22,50	77,7	2,51	9,6	0,			23,02	67,7	1,71	9,27	0,			22,56	72,4	2,56	9,31	0,				23,00	69,5	2,63	9,23	0,				20,08	48,6					
02-07-2022 21:27:42						22,18	77,	2,39	9,59	0,			22,83	68,2	1,83	9,27	0,			22,56	72,6	2,41	9,3	0,				22,75	69,9	2,55	9,22	0,				18,33	56,5					
02-07-2022 21:32:42						22,00	77,3	2,53	9,6	0,			22,71	68,3	1,77	9,28	0,			22,31	73,3	2,33	9,31	0,				22,75	70,1	2,45	9,23	0,				17,90	61,4					
02-07-2022 21:37:41						21,75	76,9	2,52	9,59	0,			22,71	67,8	1,81	9,28	0,			22,44	72,8	2,43	9,3	0,				22,68	70,3	2,52	9,24	0,				17,77	63,9					
02-07-2022 21:42:43						21,93	77,3	2,38	9,57	0,			22,65	68,6	1,86	9,28	0,			22,38	72,8	2,34	9,31	0,				22,62	70,3	2,55	9,23	0,				17,65	65,9					
02-07-2022 21:47:41						21,68	76,7	2,41	9,6	0,			22,58	68,6	1,8	9,27	0,			22,31	73,2	2,49	9,29	0,				22,56	70,7	2,59	9,22	0,				17,33	66,5					
02-07-2022 21:52:43						21,56	77,2	2,53	9,57	0,			22,58	68,2	1,73	9,27	0,			22,19	73,3	2,39	9,31	0,				22,31	71,5	2,34	9,24	0,				17,15	68,1					
02-07-2022 21:57:42						21,43	77,3	2,28	9,6	0,			22,65	68,6	1,81	9,28	0,			22,06	73,6	2,49	9,29	0,				22,25	71,9	2,57	9,23	0,				16,96	68,9					
02-07-2022 22:02:42						21,56	78,1	2,39	9,58	0,			22,46	68,5	1,7	9,28	0,			22,00	73,9	2,39	9,3	0,				22,37	72,7	2,36	9,24	0,				16,96	70,1					
02-07-2022 22:07:42						21,50	78,9	2,27	9,59	0,			22,33	69,	1,72	9,27	0,			21,88	74,	2,51	9,31	0,				22,12	73,5	2,52	9,23	0,				16,58	70,8					
02-07-2022 22:12:41						21,25	79,5	2,44	9,59	0,			22,27	69,4	1,7	9,27	0,			21,75	74,2	2,46	9,31	0,				22,31	74,2	2,36	9,22	0,				16,40	71,7					
02-07-2022 22:17:41						21,25	79,3	2,47	9,57	0,			22,02	69,4	1,69	9,28	0,			21,63	74,4	2,46	9,3	0,				22,00	73,2	2,49	9,23	0,				16,40	72,5					
02-07-2022 22:22:41						21,25	80,1	2,4	9,58	0,			21,96	70,1	1,72	9,27	0,			21,56	74,8	2,47	9,3	0,				22,00	73,5	2,81	9,23	0,				16,15	72,6					
02-07-2022 22:27:42						21,12	79,7	2,53	9,59	0,			21,83	69,8	1,69	9,28	0,			21,63	76,	2,61	9,3	0,				21,75	73,1	2,73	9,23	0,				16,15	73,3					
02-07-2022 22:32:42						21,00	79,7	2,49	9,58	0,			21,77	70,2	1,72	9,28	0,			21,63	76,5	2,42	9,3	0,				21,56	73,1	2,52	9,22	0,				16,08	73,3					
02-07-2022 22:37:42						20,93	79,6	2,42	9,58	0,			21,71	70,	1,66	9,27	0,			21,50	76,4	2,51	9,3	0,				21,62	73,9	2,49	9,22	0,				15,96	73,8					
02-07-2022 22:42:42						20,93	79,7	2,44	9,58	0,			21,65	71,3	1,79	9,27	0,			21,44	76,1	2,38	9,3	0,				21,62	74,	2,54	9,22	0,				15,77	73,7					
02-07-2022 22:47:41						20,81	79,6	2,56	9,57	0,			21,65	71,4	1,76	9,27	0,			21,31	76,	2,45	9,29	0,				21,62	74,4	2,42	9,23	0,				15,71	74,1					
02-07-2022 22:52:42						20,50	79,7	2,46	9,59	0,			21,77	71,8	1,76	9,28	0,			21,00	76,	2,51	9,3	0,				21,43	74,7	2,36	9,23	0,				15,65	74,5					
02-07-2022 22:57:41						20,68	80,5	2,43	9,57	0,			21,77	72,9	1,74	9,27	0,			20,94	76,4	2,51	9,3	0,				21,37	73,5	2,61	9,23	0,				15,58	74,5					
02-07-2022 23:02:42						20,56	80,	2,53	9,58	0,			21,77	72,3	1,68	9,27	0,			20,94	76,8	2,55	9,29	0,				21,31	74,3	2,51	9,23	0,				15,52	74,5					
02-07-2022 23:07:41						20,56	80,	2,5	9,58	0,			21,46	72,3	1,73	9,28	0,			21,00	77,6	2,63	9,3	0,				21,12	74,1	2,41	9,23	0,				15,52	74,8					
02-07-2022 23:12:42						20,37	79,9	2,39	9,58	0,			21,33	71,8	1,82	9,28	0,			21,06	76,5	2,47	9,29	0,				21,37	74,4	2,58	9,23	0,				15,52	74,8					
02-07-2022 23:17:41						20,31	79,9	2,51	9,57	0,			21,33	71,8	1,73	9,27	0,			20,88	77,2	2,52	9,29	0,				21,00	73,9	2,56	9,22	0,				15,52	74,9					
02-07-2022 23:22:42						20,31	80,5	2,48	9,58	0,			21,40	72,	1,74	9,28	0,			20,81	76,8	2,48	9,31	0,				21,00	74,3	2,54	9,23	0,				15,46	74,8					
02-07-2022 23:27:42						20,18	79,9	2,37	9,57	0,			21,40	71,5	1,8	9,27	0,			20,69	77,	2,44	9,29	0,				21,06	74,3	2,4	9,23	0,				15,40	75,					
02-07-2022 23:32:42						20,75	81,9	2,32	9,56	0,			21,46	73,4	1,77	9,27	0,			20,56	77,2	2,43	9,29	0,				20,93	75,9	2,42	9,22	0,				15,21	75,2					
02-07-2022 23:37:42						21,12	82,1	2,39	9,57	0,			22,21	73,8	1,8	9,27	0,			20,81	78,4	2,43	9,3	0,				21,00	76,3	2,42	9,22	0,				15,21	75,4					
02-07-2022 23:42:42						21,31	83,7	2,28	9,59	0,			22,21	73,7	1,76	9,27	0,			20,88	77,6	2,38	9,29	0,				20,93	74,9	2,33	9,22	0,				15,15	75,8					
02-07-2022 23:47:42						20,75	82,9	2,51	9,58	0,			22,15	74,6	1,81	9,27	0,			21,31	79,2	2,52	9,29	0,				20,93	75,5	2,55	9,21	0,				15,02	75,8					
02-07-2022 23:52:41						20,50	83,7	2,53	9,58	0,			21,52	74,6	1,72	9,28	0,			21,56	79,5	2,31	9,29	0,				21,43	78,3	2,41	9,23	0,				14,77	76,					
02-07-2022 23:57:42						20,31	83,3	2,49	9,57	0,			21,15	73,8	1,74	9,27	0,			21,31	79,5	2,55	9,29	0,				22,18	81,1	2,46	9,22	0,				14,71	76,4					
