Net no:						1	1	1	1	1			1	1	1	1	1			1	1	1	1	1				1	1	1	1	1				1	1					
Object no:						131	141	150	151	152			134	144	159	160	161			133	143	156	157	158				132	142	153	154	155				130	140					
Table no:						0	0	0	0	0			0	0	0	0	0			0	0	0	0	0				0	0	0	0	0				0	0					
Code no:						48	48	48	48	48			48	48	136	136	136			48	48	48	48	48				48	48	48	48	48				48	48					
Calculation:						T	/10	/100	/100	/100			T	/10	/100	/100	/100			T	/10	/100	/100	/100				T	/10	/100	/100	/100				T	/10					
Date/time:	Afp. 1776	Bes. 97184			Stald 1	Temp_stald1	Fugt_stald1	DynamicAir_trinlřs_stald1	Spjćld_trinlřs_stald 1	On/off_stald1		Stald 2	Temp_stald2	Fugt_stald2	DynamicAir_trinlřs_stald2	Spjćld_trinlřs_stald2	On/off_stald2		Stald5	Temp_stald5	Fugt_stald5	DynamicAir_trinlřs_stald5	Spjćld_trinlřs_stald5	On/off_stald 5			Stald6	Temp_stald6	Fugt_stald 6	DynamicAir_trinlřs_stald6	Spjćld_trinlřs_stald6	On/off_stald6			UDE	Temp_ude	Fugt_ude					
06/01/2023 00.04.13						16,50	0,	0,48		25,55			14,21	77,2	1,56	9,85	25,5			14,75	72,8	2,48	7,87	25,67				15,62	86,6	8,66	7,58	25,5				1,58	94,6					
06/01/2023 00.09.11						18,93	0,	0,51		0,			14,02	76,5	1,45	9,86	25,5			14,56	72,8	2,15	7,87	25,67				15,56	87,6	9,53	7,31	25,5				1,65	94,6					
06/01/2023 00.14.14						14,56	0,	0,44		0,			14,02	75,4	1,57	9,87	25,5			14,56	72,8	2,12	7,51	25,67				15,43	87,4	3,07	7,31	25,5				1,77	94,6					
06/01/2023 00.19.11						12,75	0,	0,44		0,			13,90	74,4	1,55	9,87	25,5			14,50	73,2	1,95	7,51	25,67				15,37	87,	2,34	7,31	25,5				1,71	94,6					
06/01/2023 00.24.13						14,68	0,	0,44		25,55			14,02	75,	1,36	9,86	25,5			14,69	73,6	2,06	7,12	25,67				15,12	86,6	8,23	7,3	25,5				1,77	94,7					
06/01/2023 00.29.12						17,62	0,	0,47		25,55			13,77	74,	1,55	9,85	25,5			14,63	71,2	1,97	7,13	25,67				15,62	87,	1,92	7,3	25,5				1,83	94,7					
06/01/2023 00.34.13						18,62	0,	0,44		0,			13,71	74,2	1,43	9,87	25,5			14,69	72,2	1,82	6,93	25,67				15,56	86,6	2,18	7,32	25,5				1,83	94,6					
06/01/2023 00.39.12						14,18	0,	0,44		0,			13,71	74,2	1,46	9,86	25,5			14,88	72,	1,62	6,94	25,67				15,31	85,4	1,93	7,32	25,5				1,90	94,7					
06/01/2023 00.44.13						12,75	0,	0,5		25,55			14,02	75,4	1,57	9,86	25,5			15,00	70,4	1,7	6,93	25,67				15,56	84,9	9,	7,32	25,5				1,96	94,7					
06/01/2023 00.49.13						16,37	0,	0,48		25,55			14,15	74,9	1,54	9,85	25,5			15,25	70,8	1,52	6,78	25,67				15,50	84,8	9,02	7,3	25,5				1,96	94,6					
06/01/2023 00.54.11						18,43	0,	0,45		0,			14,02	73,7	1,52	9,87	25,5			15,31	69,6	1,71	6,79	25,67				15,81	84,8	1,96	7,32	25,5				2,02	94,7					
06/01/2023 00.59.13						14,00	0,	0,44		0,			14,21	74,7	1,61	9,86	25,5			15,50	69,7	1,84	6,78	25,67				15,62	83,8	2,06	7,32	25,5				2,08	94,7					
06/01/2023 01.04.12						13,37	0,	0,44		0,			14,40	74,2	1,45	9,86	25,5			15,56	70,	1,69	6,78	25,67				15,25	83,2	1,86	7,3	25,5				2,15	94,7					
06/01/2023 01.09.13						15,56	0,	0,44		25,55			14,15	73,	1,47	9,85	25,5			15,63	68,6	1,64	6,97	25,67				15,37	83,	8,43	7,31	25,5				2,15	94,7					
06/01/2023 01.14.11						17,93	0,	0,51		25,55			14,15	73,3	1,4	9,86	25,5			15,69	69,3	2,02	7,13	25,67				15,37	82,6	9,53	7,31	25,5				2,15	94,8					
06/01/2023 01.19.13						15,68	0,	0,44		0,			14,33	74,2	1,48	9,87	25,5			15,56	68,4	1,64	7,14	25,67				15,75	83,2	3,06	7,31	25,5				2,21	94,8					
06/01/2023 01.24.12						12,56	0,	0,44		0,			14,21	73,4	1,53	9,87	25,5			15,44	68,	2,22	7,3	25,67				15,81	83,1	1,84	7,32	25,5				2,15	94,8					
06/01/2023 01.29.13						15,81	0,	0,45		25,55			14,40	73,6	1,4	9,86	25,5			15,63	68,	2,09	7,29	25,67				15,81	83,	8,77	7,31	25,5				2,15	95,					
06/01/2023 01.34.13						18,12	0,	0,48		25,55			14,40	74,	1,42	9,86	25,5			15,44	66,5	1,92	7,28	25,67				15,81	82,5	9,38	7,32	25,5				2,21	95,1					
06/01/2023 01.39.11						15,68	0,	0,44		0,			14,58	74,	1,5	9,86	25,5			15,44	67,	2,13	7,29	25,67				15,62	81,9	3,01	7,31	25,5				2,27	95,4					
06/01/2023 01.44.13						13,25	0,	0,44		0,			14,58	73,1	1,44	9,87	25,5			15,44	67,6	2,34	7,41	25,67				16,25	82,7	1,86	7,4	25,5				2,27	95,3					
06/01/2023 01.49.11						13,68	0,	0,44		0,			14,65	73,	1,38	9,87	25,5			15,38	65,7	1,99	7,54	25,67				16,18	81,6	0,	7,3	25,5				2,27	95,6					
06/01/2023 01.54.12						16,93	0,	0,48		25,55			14,58	73,5	1,46	9,86	25,5			15,31	65,8	2,01	7,55	25,67				16,12	81,5	8,88	7,29	25,5				2,33	95,6					
06/01/2023 01.59.12						19,00	0,	0,48		0,			14,83	73,4	1,5	9,87	25,5			15,25	67,	2,67	7,54	25,67				16,37	81,5	9,54	7,29	25,5				2,27	95,7					
06/01/2023 02.04.13						15,56	0,	0,44		0,			14,90	72,2	1,49	9,87	25,5			15,13	65,7	2,23	7,54	25,67				16,37	80,8	2,09	7,3	25,5				2,40	95,9					
06/01/2023 02.09.13						13,43	0,	0,44		0,			14,90	73,4	1,36	9,87	25,5			15,06	66,	1,98	7,74	25,67				16,43	81,3	1,98	7,29	25,5				2,46	95,9					
06/01/2023 02.14.13						13,62	0,	0,44		0,			14,58	72,8	1,5	9,87	25,5			15,13	66,5	2,21	7,75	25,67				16,18	80,6	1,97	7,3	25,5				2,52	96,					
06/01/2023 02.19.13						14,43	0,	0,48		25,55			14,96	73,	1,38	9,86	25,5			15,13	66,2	2,16	7,74	25,67				16,43	80,8	8,5	7,29	25,5				2,52	96,					
06/01/2023 02.24.12						17,68	0,	0,48		25,55			15,02	73,3	1,46	9,85	25,5			15,31	67,6	2,42	7,73	25,67				16,12	80,8	8,81	7,3	25,5				2,46	96,					
06/01/2023 02.29.12						17,43	0,	0,44		0,			15,08	74,2	1,51	9,86	25,5			15,31	67,3	2,15	7,74	25,67				16,56	80,9	3,17	7,3	25,5				2,46	96,					
06/01/2023 02.34.12						14,31	0,	0,45		0,			14,96	72,7	1,64	9,86	25,5			15,25	67,6	2,42	7,74	25,67				16,43	80,3	2,75	7,38	25,5				2,52	96,2					
06/01/2023 02.39.12						13,68	0,	0,51		0,			15,02	73,5	1,36	9,87	25,5			15,44	68,	2,28	7,74	25,67				16,50	80,4	1,89	7,31	25,5				2,58	96,3					
06/01/2023 02.44.12						15,37	0,	0,45		25,55			15,15	73,5	1,34	9,86	25,5			15,19	66,3	2,39	7,73	25,67				16,12	80,3	8,53	7,29	25,5				2,58	96,3					
06/01/2023 02.49.12						18,56	0,	0,48		0,			15,08	72,9	1,46	9,86	25,5			15,31	66,8	1,86	7,5	25,67				16,37	81,1	9,54	7,29	25,5				2,65	96,4					
06/01/2023 02.54.12						15,25	0,	0,44		0,			15,08	73,4	1,56	9,87	25,5			15,31	66,8	2,14	7,5	25,67				16,37	80,7	3,27	7,29	25,5				2,71	96,4					
06/01/2023 02.59.13						13,06	0,	0,44		0,			15,02	72,7	1,33	9,86	25,5			15,19	66,7	1,98	7,65	25,67				16,43	81,1	1,89	7,28	25,5				2,77	96,4					
06/01/2023 03.04.13						13,68	0,	0,44		0,			15,08	73,	1,6	9,87	25,5			15,19	67,4	2,5	7,66	25,67				16,50	80,7	1,85	7,29	25,5				2,83	96,4					
06/01/2023 03.09.12						14,75	0,	0,46		25,55			15,15	73,7	1,46	9,87	25,5			15,31	66,9	2,63	7,65	25,67				16,06	80,	8,44	7,28	25,5				2,77	96,6					
06/01/2023 03.14.13						17,81	0,	0,48		25,55			14,96	72,6	1,34	9,86	25,5			15,13	66,	2,07	7,8	25,67				16,50	80,7	8,76	7,28	25,5				2,83	96,7					
06/01/2023 03.19.12						17,31	0,	0,44		0,			14,83	72,2	1,38	9,87	25,5			15,19	66,3	2,2	7,81	25,67				16,62	80,7	3,04	7,33	25,5				2,83	96,8					
06/01/2023 03.24.13						14,18	0,	0,44		0,			14,83	73,	1,39	9,87	25,5			15,31	66,6	2,37	7,8	25,67				16,62	80,4	2,48	7,32	25,5				2,96	96,8					
06/01/2023 03.29.11						14,06	0,	0,44		0,			14,77	72,5	1,36	9,87	25,5			15,31	67,1	1,98	7,79	25,67				16,62	80,2	0,	7,39	25,5				3,02	96,8					
06/01/2023 03.34.12						15,75	0,	0,53		25,55			15,08	73,4	1,68	9,86	25,5			15,25	66,7	2,21	7,8	25,67				16,93	80,3	8,73	7,39	25,5				3,02	96,8					
06/01/2023 03.39.12						18,37	0,	0,48		0,			15,02	73,4	1,49	9,86	25,5			15,31	66,9	2,31	7,8	25,67				16,87	80,3	9,55	7,43	25,5				3,08	96,8					
06/01/2023 03.44.13						15,62	0,	0,44		0,			15,08	73,4	1,51	9,87	25,5			15,31	67,1	1,87	7,8	25,67				16,75	79,9	3,65	7,43	25,5				3,08	96,8					
06/01/2023 03.49.13						13,81	0,	0,44		0,			14,96	73,4	1,55	9,87	25,5			15,31	67,	2,37	7,81	25,67				16,81	79,6	2,9	7,51	25,5				3,21	96,9					
06/01/2023 03.54.12						12,87	0,	0,44		0,			15,15	73,4	1,38	9,87	25,5			15,31	67,4	2,32	7,8	25,67				17,12	79,8	1,99	7,55	25,5				3,27	96,8					
06/01/2023 03.59.13						14,00	0,	0,44		0,			15,46	73,7	1,55	9,87	25,5			15,31	67,	2,28	7,9	25,67				16,68	78,3	1,9	7,56	25,5				3,27	97,1					
06/01/2023 04.04.12						14,12	0,	0,44		25,55			15,58	73,7	1,53	9,85	25,5			15,19	66,6	2,19	8,27	25,67				16,56	78,7	8,81	7,56	25,5				3,33	97,1					
06/01/2023 04.09.13						17,37	0,	0,44		25,55			15,40	73,	1,5	9,85	25,5			15,06	66,8	2,4	8,26	25,67				16,56	78,7	9,53	7,56	25,5				3,40	97,2					
06/01/2023 04.14.12						17,43	0,	0,44		0,			15,33	72,4	1,41	9,86	25,5			15,13	66,5	2,57	8,26	25,67				16,93	79,1	3,54	7,55	25,5				3,46	97,1					
06/01/2023 04.19.12						14,87	0,	0,44		0,			15,40	72,6	1,59	9,87	25,5			14,81	65,3	2,16	8,27	25,67				16,68	78,7	2,62	7,56	25,5				3,46	97,1					
06/01/2023 04.24.12						13,06	0,	0,45		0,			15,40	72,4	1,52	9,87	25,5			14,88	66,1	2,18	8,27	25,67				16,62	78,4	2,26	7,56	25,5				3,52	97,1					
06/01/2023 04.29.13						14,25	0,	0,45		0,			15,40	72,5	1,4	9,87	25,5			14,88	66,	2,22	8,27	25,67				16,43	78,	0,	7,56	25,5				3,65	97,2					
06/01/2023 04.34.13						15,68	0,	0,48		25,55			15,27	72,8	1,44	9,86	25,5			14,88	67,2	2,14	8,26	25,67				16,37	78,7	8,72	7,6	25,5				3,52	97,2					
06/01/2023 04.39.12						18,87	0,	0,46		0,			15,46	72,8	1,28	9,87	25,5			14,94	65,6	2,2	8,26	25,67				16,75	78,8	9,54	7,65	25,5				3,71	97,1					
06/01/2023 04.44.12						16,50	0,	0,45		0,			15,33	73,2	1,28	9,86	25,5			14,94	66,3	2,31	8,27	25,67				16,68	78,5	4,48	7,5	25,5				3,71	97,1					
06/01/2023 04.49.13						15,18	0,	0,44		0,			15,40	73,6	1,33	9,87	25,5			15,00	66,4	2,21	8,26	25,67				16,93	78,9	3,45	7,5	25,5				3,71	97,2					
06/01/2023 04.54.14						14,43	0,	0,44		0,			15,40	73,7	1,49	9,86	25,5			15,00	66,2	2,13	8,28	25,67				16,75	78,5	3,45	7,5	25,5				3,77	97,2					
06/01/2023 04.59.12						14,00	0,	0,45		0,			15,52	73,4	1,38	9,87	25,5			15,06	67,2	2,23	8,26	25,67				16,50	78,	2,12	7,68	25,5				3,83	97,2					
06/01/2023 05.04.13						12,75	0,	0,53		0,			15,46	73,1	1,07	9,87	25,5			15,00	66,4	2,19	8,26	25,67				16,75	78,6	1,73	7,68	25,5				3,90	97,2					
06/01/2023 05.09.11						14,12	0,	0,44		0,			15,52	73,4	1,66	9,88	25,5			15,13	66,4	2,47	8,27	25,67				16,87	79,1	1,94	7,67	25,5				3,96	97,2					
06/01/2023 05.14.12						14,50	0,	0,52		25,55			15,27	72,6	1,64	9,86	25,5			15,06	66,8	2,5	8,27	25,67				16,87	80,3	8,92	7,66	25,5				4,08	97,2					
06/01/2023 05.19.13						18,25	0,	0,53		0,			15,46	73,7	1,44	9,87	25,5			15,00	66,8	2,57	8,26	25,67				17,00	79,8	7,66	7,71	25,5				4,02	97,2					
06/01/2023 05.24.13						15,75	0,	0,44		0,			15,40	73,9	1,57	9,87	25,5			15,00	67,	2,25	8,27	25,67				17,06	79,8	3,55	7,72	25,5				4,08	97,2					
06/01/2023 05.29.13						14,37	0,	0,44		0,			15,83	75,	1,62	9,86	25,5			15,06	66,9	2,39	8,27	25,67				17,25	79,9	2,72	7,73	25,5				4,15	97,2					
06/01/2023 05.34.12						13,50	0,	0,45		0,			15,90	73,8	1,54	9,87	25,5			15,13	67,6	2,2	8,27	25,67				17,12	79,1	2,01	7,62	25,5				4,15	97,2					
06/01/2023 05.39.13						14,50	0,	0,44		0,			15,58	72,8	1,69	9,86	25,5			15,25	67,2	2,34	8,27	25,67				17,00	79,5	2,09	7,62	25,5				4,15	97,2					
06/01/2023 05.44.12						14,75	0,	0,52		25,55			15,52	72,8	1,76	9,86	25,5			15,25	67,2	2,23	8,27	25,67				17,06	79,4	8,72	7,73	25,5				4,21	97,2					
06/01/2023 05.49.12						17,93	0,	0,44		25,55			15,33	73,9	1,57	9,86	25,5			15,25	67,2	2,43	8,26	25,67				16,93	78,7	2,09	7,72	25,5				4,27	97,2					
06/01/2023 05.54.11						17,37	0,	0,44		0,			15,40	73,	1,51	9,87	25,5			15,25	67,1	2,33	8,27	25,67				16,62	79,4	3,67	7,73	25,5				4,27	97,2					
06/01/2023 05.59.14						15,12	0,	0,44		0,			15,40	73,6	1,62	9,87	25,5			15,38	67,2	2,48	8,27	25,67				16,81	79,5	3,07	7,61	25,5				4,33	97,2					
06/01/2023 06.04.12						13,62	0,	0,45		0,			15,27	73,8	1,63	9,88	25,5			15,38	68,4	2,32	8,26	25,67				16,93	79,8	2,02	7,62	25,5				4,27	97,2					
06/01/2023 06.09.12						14,06	0,	0,44		0,			15,33	73,8	1,62	9,87	25,5			15,44	67,6	2,41	8,27	25,67				16,75	79,6	1,95	7,61	25,5				4,40	97,2					
06/01/2023 06.14.13						14,68	0,	0,44		0,			15,27	74,3	1,68	9,87	25,5			15,50	67,3	2,94	8,28	25,67				17,06	79,6	2,09	7,63	25,5				4,46	97,2					
06/01/2023 06.19.11						16,87	0,	0,44		25,55			16,08	76,2	1,77	9,86	25,5			15,44	68,1	2,6	8,27	25,67				16,87	79,3	9,36	7,61	25,5				4,40	97,2					
06/01/2023 06.24.12						18,31	0,	0,45		0,			17,02	77,	1,7	9,87	25,5			15,63	68,	2,29	8,59	25,67				17,25	81,	4,16	7,62	25,5				4,52	97,2					
06/01/2023 06.29.12						16,25	0,	0,44		0,			17,40	77,5	2,13	9,87	25,5			15,81	69,2	2,45	9,03	25,67				17,93	83,	4,06	7,96	25,5				4,52	97,2					
06/01/2023 06.34.13						15,81	0,	0,44		0,			16,71	77,5	2,5	9,88	25,5			15,75	68,8	2,33	9,3	25,67				17,68	83,8	3,91	8,12	25,5				4,58	97,3					
06/01/2023 06.39.12						15,50	0,	0,44		0,			16,08	79,	2,73	9,87	25,5			15,44	66,8	0,54	1,06	0,				17,25	82,7	3,71	8,33	25,5				4,65	97,4					
06/01/2023 06.44.14						15,56	0,	0,44		0,			15,40	77,3	2,62	9,87	25,5			15,50	68,	0,78	2,56	0,				17,31	82,6	3,69	8,41	25,5				4,65	97,5					
06/01/2023 06.49.12						15,62	0,	0,44		0,			15,02	77,8	2,37	9,88	25,5			15,38	67,7	0,72	2,83	0,				16,68	82,6	3,67	8,19	25,5				4,71	97,5					
06/01/2023 06.54.11						16,25	0,	0,44		0,			14,71	79,	2,27	9,87	25,5			15,31	68,4	0,87	2,83	0,				17,06	83,6	4,08	8,37	25,5				4,71	97,5					
06/01/2023 06.59.13						16,31	0,	0,44		0,			14,83	79,	2,33	9,88	25,5			15,19	68,4	0,87	2,84	0,				16,87	83,2	4,87	8,37	25,5				4,83	97,5					
06/01/2023 07.04.12						16,18	0,	0,44		0,			14,96	78,2	2,1	9,87	25,5			15,06	67,6	0,72	2,69	0,				17,06	83,6	5,25	8,37	25,5				4,77	97,5					
06/01/2023 07.09.14						16,62	0,	0,45		0,			15,02	77,4	2,02	9,88	25,5			15,63	70,9	0,86	3,28	0,				16,87	83,5	6,01	8,57	25,5				4,83	97,5					
06/01/2023 07.14.11						17,00	0,	0,47		0,			15,15	78,3	2,17	9,87	25,5			15,69	72,	0,74	4,27	0,				18,06	87,4	6,49	8,88	25,5				4,90	97,5					
06/01/2023 07.19.14						16,25	0,	0,46		0,			15,15	77,7	2,07	9,87	25,5			15,88	72,8	0,78	4,85	0,				18,18	87,4	6,41	5,03	0,				5,02	97,6					
06/01/2023 07.24.13						15,75	0,	0,46		0,			15,15	77,7	2,16	9,88	25,5			15,44	72,4	0,73	5,25	0,				16,93	86,2	6,54	1,93	0,				5,02	97,6					
06/01/2023 07.29.12						15,43	0,	0,48		0,			15,08	78,2	1,92	9,87	25,5			15,13	71,6	0,8	5,26	0,				16,18	85,9	6,36	1,17	0,				5,08	97,6					
06/01/2023 07.34.13						15,25	0,	0,48		0,			15,08	77,4	2,24	9,87	25,5			14,75	71,2	0,83	5,04	0,				15,62	85,8	6,24	0,3	0,				5,15	97,6					
06/01/2023 07.39.12						15,00	0,	0,44		0,			14,96	75,6	1,99	9,87	25,5			14,56	71,	0,74	4,69	0,				15,81	85,8	2,29	3,95	25,5				5,21	97,6					
06/01/2023 07.44.13						14,93	0,	0,44		0,			15,02	76,4	1,94	9,87	25,5			14,50	72,	0,76	4,45	0,				15,68	86,5	5,02	8,38	25,5				5,33	97,6					
06/01/2023 07.49.13						14,68	0,	0,44		0,			15,08	76,7	1,94	9,87	25,5			14,50	71,1	0,74	4,44	0,				15,75	86,6	4,34	8,	25,5				5,40	97,7					
06/01/2023 07.54.13						14,50	0,	0,44		0,			15,02	76,4	2,	9,87	25,5			14,38	71,2	0,71	4,21	0,				16,06	86,6	3,83	7,91	25,5				5,33	97,6					
06/01/2023 07.59.12						14,25	0,	0,44		0,			15,02	76,6	1,86	9,87	25,5			14,19	70,4	0,72	3,97	0,				16,37	87,	2,97	7,71	25,5				5,40	97,7					
06/01/2023 08.04.12						13,68	0,	0,44		0,			15,21	77,2	2,01	9,87	25,5			14,25	71,2	0,83	3,48	0,				16,37	86,5	1,99	7,79	25,5				5,46	97,9					
06/01/2023 08.09.12						14,06	0,	0,44		0,			15,27	76,2	1,94	9,87	25,5			14,19	70,9	0,73	3,08	0,				16,50	86,2	2,15	7,62	25,5				5,52	97,9					
06/01/2023 08.14.12						14,87	0,	0,44		0,			15,33	76,3	1,89	9,87	25,5			14,31	71,1	0,77	2,9	0,				16,75	86,2	1,84	7,66	25,5				5,65	97,9					
06/01/2023 08.19.14						16,62	0,	0,47		25,55			15,40	76,7	1,74	9,87	25,5			14,44	70,8	0,73	2,6	0,				16,87	86,6	1,96	7,71	25,5				5,65	97,8					
06/01/2023 08.24.12						18,81	0,	0,45		0,			15,71	77,	1,78	9,88	25,5			14,50	71,	0,69	2,04	0,				16,87	85,8	3,09	7,65	25,5				5,90	97,9					
06/01/2023 08.29.13						16,37	0,	0,45		0,			15,77	76,4	1,75	9,87	25,5			14,63	71,2	0,56	1,4	0,				17,18	85,8	4,03	7,67	25,5				6,02	98,					
06/01/2023 08.34.12						15,37	0,	0,44		0,			15,65	74,8	2,09	9,87	25,5			14,56	70,	0,55	0,66	0,				17,00	85,	3,47	7,66	25,5				6,08	98,					
06/01/2023 08.39.14						15,50	0,	0,45		0,			15,58	75,8	2,08	9,88	25,5			14,56	70,6	0,5	0,14	0,				17,25	84,2	3,38	7,65	25,5				6,46	98,					
06/01/2023 08.44.12						15,37	0,	0,79		0,			15,58	75,4	2,29	9,87	25,5			14,69	70,7	0,56	0,	0,				17,43	83,8	3,17	7,66	25,5				6,71	98,4					
06/01/2023 08.49.14						15,37	0,	0,71		0,			15,71	75,4	2,52	9,88	25,5			14,88	70,8	0,51	0,	0,				17,31	84,2	2,45	7,86	25,5				6,77	98,					
06/01/2023 08.54.12						15,56	0,	1,52		0,			15,71	76,2	2,64	9,88	25,5			14,94	70,4	0,66	0,	0,				17,43	83,9	2,21	7,97	25,5				6,65	97,4					
06/01/2023 08.59.13						15,68	0,	0,69		0,			16,02	77,8	2,56	9,87	25,5			15,13	70,8	0,53	0,	0,				17,25	83,2	2,76	8,12	25,5				6,52	96,4					
06/01/2023 09.04.12						15,50	0,	0,44		0,			15,77	75,9	2,45	9,87	25,5			15,00	69,5	0,6	0,16	0,				17,18	83,1	2,63	8,07	25,5				6,46	95,9					
06/01/2023 09.09.12						15,62	0,	0,53		0,			15,90	76,1	2,47	9,87	25,5			15,06	69,5	0,53	0,16	0,				17,37	83,	2,44	8,18	25,5				6,33	95,4					
06/01/2023 09.14.12						15,56	0,	0,59		0,			15,83	76,2	2,73	9,87	25,5			15,00	69,3	0,61	0,77	0,				17,43	83,	2,51	8,25	25,5				6,27	94,8					
06/01/2023 09.19.12						15,56	0,	0,44		0,			15,96	75,7	0,49	1,56	0,			15,13	70,3	0,66	1,08	0,				17,25	82,3	2,34	8,2	25,5				6,15	94,6					
06/01/2023 09.24.13						16,12	0,	0,53		25,55			16,02	75,9	0,54	1,71	0,			15,25	70,	0,93	2,12	0,				17,18	82,2	2,35	8,19	25,5				6,21	94,4					
06/01/2023 09.29.12						19,75	0,	0,54		25,55			16,15	77,5	0,55	1,72	0,			15,31	69,3	0,98	2,72	0,				16,87	82,2	9,54	8,18	25,5				6,21	94,					
06/01/2023 09.34.13						22,31	0,	0,51		25,55			16,08	75,4	0,55	2,41	0,			15,25	69,6	0,77	3,06	0,				17,43	83,6	2,43	8,31	25,5				6,27	94,					
06/01/2023 09.39.13						23,43	0,	0,49		25,55			16,08	76,6	0,55	3,06	0,			15,44	70,	0,77	3,37	0,				17,12	83,4	9,61	8,57	25,5				6,21	94,2					
06/01/2023 09.44.13						22,43	0,	0,48		0,			15,77	78,6	0,59	3,05	0,			15,44	69,6	0,78	3,84	0,				16,81	82,8	9,61	8,68	25,5				6,27	94,2					
06/01/2023 09.49.13						19,81	0,	0,48		0,			16,15	77,8	0,6	3,7	0,			15,44	69,6	0,78	4,21	0,				17,12	83,4	9,61	8,83	25,5				6,33	94,4					
06/01/2023 09.54.12						19,37	0,	0,49		0,			16,15	76,6	0,56	4,31	0,			15,56	69,9	0,74	4,43	0,				17,06	83,8	9,6	8,93	25,5				6,33	94,4					
06/01/2023 09.59.13						19,56	0,	0,5		0,			16,21	76,6	0,62	5,2	0,			15,56	71,2	0,76	4,85	0,				17,25	83,9	9,61	9,08	25,5				6,40	94,5					
06/01/2023 10.04.12						19,43	0,	0,48		0,			16,27	77,5	0,62	5,2	0,			15,63	70,1	0,79	5,49	0,				16,87	83,2	9,58	9,12	25,5				6,40	94,7					
06/01/2023 10.09.12						19,37	0,	0,49		0,			16,08	76,2	0,61	5,64	0,			15,56	70,9	0,82	5,84	0,				17,50	84,6	9,56	9,12	25,5				6,46	94,8					
06/01/2023 10.14.12						17,93	0,	1,08		0,			16,15	77,5	0,65	6,11	0,			15,44	70,4	0,84	6,17	0,				17,25	84,2	8,48	9,31	25,5				6,52	94,8					
06/01/2023 10.19.13						18,31	0,	0,45		0,			16,27	78,1	0,64	6,53	0,			15,50	71,6	1,18	6,53	0,				17,25	84,2	2,26	9,31	25,5				6,58	94,7					
06/01/2023 10.24.12						17,25	0,	0,44		0,			16,15	77,4	0,67	7,11	0,			15,44	71,6	1,57	7,23	0,				16,75	83,6	3,34	2,32	0,				6,77	94,8					
06/01/2023 10.29.13						17,12	0,	0,44		0,			16,08	76,1	0,65	7,1	0,			14,94	70,5	1,46	7,39	0,				17,50	85,8	4,37	2,9	0,				6,77	94,6					
06/01/2023 10.34.13						17,12	0,	0,45		0,			16,02	77,1	0,73	7,1	0,			14,69	71,2	1,98	7,76	0,				17,31	84,7	5,06	3,54	0,				6,90	94,6					
06/01/2023 10.39.12						17,00	0,	0,46		0,			15,90	77,1	0,47	0,	0,			14,31	72,2	0,48	9,27	0,				16,93	84,2	5,45	3,86	0,				6,96	95,6					
06/01/2023 10.44.13						17,18	0,	0,47		0,			17,71	80,5	2,81	9,89	0,			16,69	80,4	2,57	8,85	0,				17,00	85,	6,12	3,7	0,				6,96	95,4					
06/01/2023 10.49.12						17,87	0,	0,48		0,			15,83	77,	2,34	9,88	0,			16,25	72,4	2,11	9,29	0,				19,56	90,2	9,53	9,29	0,				6,96	95,					
06/01/2023 10.54.13						19,56	0,	0,48		0,13			15,15	76,2	2,38	9,88	0,			15,50	72,7	2,18	9,29	0,				22,18	93,4	9,54	9,3	0,				6,96	95,2					
06/01/2023 10.59.12						20,06	0,	0,46		0,04			14,83	78,	1,81	9,88	0,			14,81	71,2	2,18	9,3	0,				21,93	91,	8,03	4,16	0,				7,08	95,2					
06/01/2023 11.04.12						18,93	0,	0,52		0,			14,65	78,8	1,39	9,88	0,			14,50	73,7	2,22	9,29	0,				20,37	89,1	9,17	4,54	0,				7,21	95,3					
06/01/2023 11.09.13						18,50	0,	0,48		0,			14,52	79,	1,78	9,88	0,			14,94	76,1	2,24	9,19	0,				20,18	88,6	9,57	5,45	0,				7,33	95,2					
06/01/2023 11.14.13						18,43	0,	0,5		0,			15,08	80,6	1,57	9,89	0,			15,06	75,9	2,16	9,19	0,				18,18	85,5	9,58	4,98	0,				7,46	94,9					
06/01/2023 11.19.14						17,75	0,	0,5		0,			14,96	79,	2,27	9,88	0,			15,13	75,2	2,07	9,18	0,				17,31	83,8	9,56	4,79	0,				7,52	90,6					
06/01/2023 11.24.12						17,50	0,	0,44		0,			14,58	77,6	1,97	9,88	0,			14,88	74,8	1,92	9,18	0,				17,12	85,4	9,55	9,29	0,				7,58	94,6					
06/01/2023 11.29.12						18,25	0,	0,48		0,			14,08	78,1	1,65	9,88	0,			14,63	74,1	2,26	9,19	0,				17,87	86,6	9,02	3,09	0,				7,65	94,4					
06/01/2023 11.34.12						18,43	0,	0,5		0,			14,27	79,2	1,47	9,88	0,			14,13	73,6	2,26	9,18	0,				17,43	86,1	9,56	3,18	0,				7,77	94,					
06/01/2023 11.39.14						18,06	0,	0,51		0,			14,15	79,	1,38	9,87	0,			14,50	77,2	2,14	9,19	0,				16,62	85,1	9,55	2,89	0,				7,71	93,6					
06/01/2023 11.44.12						18,25	0,	0,46		0,			14,33	80,	1,3	9,88	0,			14,75	76,	2,25	9,18	0,				17,25	85,8	9,56	3,39	0,				7,58	93,2					
06/01/2023 11.49.13						17,43	0,	0,5		0,			14,21	79,	1,22	9,44	0,			14,94	77,6	1,96	9,19	0,				17,18	86,2	9,57	4,17	0,				7,46	92,8					
06/01/2023 11.54.12						16,87	0,	0,47		0,			14,52	80,	1,2	9,44	0,			14,63	76,5	2,07	8,77	0,				17,00	87,4	9,56	4,71	0,				7,58	92,8					
06/01/2023 11.59.13						16,62	0,	0,48		0,			14,40	78,9	1,17	9,43	0,			14,38	77,	2,07	7,97	0,				16,75	87,4	9,54	5,14	0,				7,77	92,6					
06/01/2023 12.04.12						16,50	0,	0,49		0,			14,40	79,9	1,25	9,44	0,			14,25	76,8	1,95	7,58	0,				16,12	86,6	9,34	4,9	0,				7,83	92,4					
06/01/2023 12.09.12						16,18	0,	0,47		0,			14,90	81,	1,16	9,09	0,			14,19	76,4	1,52	7,4	0,				15,87	86,6	9,41	4,27	0,				7,77	92,1					
06/01/2023 12.14.13						16,31	0,	0,48		0,			15,27	81,9	1,28	9,87	0,			14,31	77,4	1,74	7,39	0,				16,18	86,9	9,58	4,31	0,				7,90	92,					
06/01/2023 12.19.11						16,56	0,	0,44		0,			15,02	81,4	1,41	9,87	0,			14,44	76,8	1,58	7,36	0,				15,81	86,6	9,55	4,21	0,				8,02	90,8					
06/01/2023 12.24.13						16,43	0,	0,48		0,			14,65	81,4	1,17	9,87	0,			14,69	76,8	1,64	7,14	0,				16,12	87,	9,18	4,1	0,				7,90	91,7					
06/01/2023 12.29.12						16,43	0,	0,48		0,			14,58	82,2	1,07	8,31	0,			14,63	75,2	1,68	7,27	0,				15,93	87,	9,1	4,02	0,				7,77	91,6					
06/01/2023 12.34.13						16,18	0,	0,47		0,			14,71	81,4	0,82	7,75	0,			14,44	75,6	1,67	7,06	0,				16,06	86,2	9,1	3,71	0,				7,71	91,6					
06/01/2023 12.39.12						16,56	0,	0,48		0,			14,71	81,8	0,74	6,97	0,			14,31	75,1	1,59	7,29	0,				15,75	85,8	9,09	3,11	0,				7,65	91,8					
06/01/2023 12.44.13						16,50	0,	0,48		0,			14,90	81,8	0,67	6,68	0,			14,31	75,2	1,51	7,29	0,				15,93	85,8	9,52	2,83	0,				7,65	92,					
06/01/2023 12.49.12						16,43	0,	0,46		0,			14,96	81,3	0,7	6,24	0,			14,19	74,7	1,65	7,29	0,				16,00	85,7	9,56	2,72	0,				7,65	92,					
06/01/2023 12.54.12						16,50	0,	0,5		0,			14,90	80,8	0,68	5,52	0,			14,31	75,7	1,65	6,86	0,				15,93	85,4	9,57	2,5	0,				7,71	92,					
06/01/2023 12.59.13						16,43	0,	0,47		0,			14,83	80,2	0,69	5,52	0,			14,31	75,9	1,56	6,85	0,				16,25	86,1	9,41	2,28	0,				7,83	91,6					
06/01/2023 13.04.13						16,37	0,	0,44		0,			15,02	80,7	0,62	5,52	0,			14,25	75,1	1,78	7,54	0,				16,25	86,	9,01	2,51	0,				7,77	91,6					
06/01/2023 13.09.12						16,50	0,	0,45		0,			14,96	79,4	0,74	5,19	0,			14,19	75,2	1,53	7,35	0,				16,62	86,6	8,73	1,84	0,				7,77	91,6					
06/01/2023 13.14.12						16,37	0,	0,44		0,			14,90	79,2	0,68	5,03	0,			14,13	74,9	1,76	7,13	0,				16,50	85,8	8,69	2,78	0,				7,65	91,6					
06/01/2023 13.19.13						16,50	0,	0,46		0,			14,96	79,2	0,67	5,03	0,			14,31	76,4	1,63	7,13	0,				16,68	86,	8,68	2,89	0,				7,65	91,8					
06/01/2023 13.24.12						16,43	0,	0,48		0,			15,15	79,8	0,64	4,76	0,			14,25	74,5	1,55	7,13	0,				16,81	86,3	9,02	2,93	0,				7,77	91,9					
06/01/2023 13.29.13						16,31	0,	0,46		0,			15,15	79,4	0,7	4,76	0,			14,19	74,4	1,7	7,13	0,				16,56	86,3	9,43	3,22	0,				7,77	91,8					
06/01/2023 13.34.13						16,37	0,	0,48		0,			15,15	78,6	0,66	4,84	0,			14,31	74,9	1,45	7,13	0,				16,50	85,9	9,43	3,32	0,				7,77	91,6					
06/01/2023 13.39.13						16,56	0,	0,48		0,			15,15	78,	0,62	4,84	0,			14,31	75,2	1,21	6,84	0,				16,50	85,8	9,45	3,5	0,				7,83	91,5					
06/01/2023 13.44.13						16,62	0,	0,46		0,			15,08	79,	0,65	4,84	0,			14,50	75,6	1,2	6,42	0,				16,75	86,6	9,43	3,82	0,				7,83	91,2					
06/01/2023 13.49.12						16,37	0,	0,48		0,			15,02	78,2	0,63	4,48	0,			14,75	75,2	1,17	6,42	0,				16,31	85,8	9,43	3,89	0,				7,71	91,4					
06/01/2023 13.54.13						16,37	0,	0,48		0,			15,08	77,7	0,53	4,47	0,			14,63	74,4	1,12	6,42	0,				16,37	86,4	9,44	3,7	0,				7,58	91,6					
06/01/2023 13.59.12						16,37	0,	0,47		0,			15,08	78,6	0,61	3,74	0,			14,75	74,5	1,03	6,43	0,				16,56	86,5	9,43	3,69	0,				7,52	91,8					
06/01/2023 14.04.13						16,37	0,	0,47		0,			15,15	78,2	0,67	3,74	0,			14,63	73,6	1,1	6,42	0,				16,50	86,2	9,41	3,74	0,				7,58	92,					
06/01/2023 14.09.11						16,18	0,	0,48		0,			15,21	78,3	0,61	3,74	0,			14,75	74,2	0,95	6,44	0,				16,37	86,2	9,05	3,9	0,				7,52	92,1					
06/01/2023 14.14.13						16,18	0,	0,5		0,			15,15	79,	0,64	3,24	0,			14,75	73,5	1,14	6,43	0,				16,62	86,6	8,53	4,41	0,				7,46	92,3					
06/01/2023 14.19.14						16,37	0,	0,48		0,			15,46	79,1	0,61	3,7	0,			14,63	73,2	1,33	6,43	0,				15,81	85,8	8,43	4,42	0,				7,52	92,4					
06/01/2023 14.24.12						16,62	0,	0,48		0,			15,46	79,4	0,63	3,7	0,			14,56	73,6	1,	6,42	0,				15,87	85,4	8,38	4,15	0,				7,46	92,4					
06/01/2023 14.29.13						16,43	0,	0,45		0,			15,52	78,6	0,69	3,69	0,			14,63	73,2	1,22	6,43	0,				15,75	85,	8,41	4,03	0,				7,46	92,4					
06/01/2023 14.34.12						16,50	0,	0,48		0,			15,58	78,6	0,67	4,67	0,			14,56	73,6	1,31	6,42	0,				15,75	85,	8,52	3,71	0,				7,46	92,4					
06/01/2023 14.39.13						16,50	0,	0,46		0,			15,52	78,2	0,71	4,86	0,			14,63	73,5	1,01	6,42	0,				15,68	84,6	8,63	3,31	0,				7,46	92,3					
06/01/2023 14.44.13						16,25	0,	0,48		0,			15,27	77,	0,62	4,85	0,			14,56	72,6	1,03	6,43	0,				15,75	84,9	8,73	3,11	0,				7,46	92,3					
06/01/2023 14.49.13						16,50	0,	0,48		0,			15,52	78,3	0,63	5,05	0,			14,44	73,1	1,15	6,43	0,				15,81	84,6	8,91	2,62	0,				7,46	92,3					
06/01/2023 14.54.12						16,56	0,	0,48		0,			15,46	77,8	0,64	5,05	0,			14,50	72,8	0,9	6,42	0,				16,12	84,9	8,81	2,61	0,				7,40	92,3					
06/01/2023 14.59.13						16,18	0,	0,48		0,			15,52	77,7	0,67	5,04	0,			14,56	72,8	1,02	6,06	0,				16,25	85,	8,82	2,77	0,				7,40	92,3					
06/01/2023 15.04.13						16,06	0,	0,49		0,			15,52	77,8	0,65	5,04	0,			14,63	73,1	0,85	6,06	0,				16,12	84,7	8,32	2,49	0,				7,33	92,3					
06/01/2023 15.09.12						16,25	0,	0,46		0,			15,46	77,8	0,68	5,04	0,			14,75	72,5	1,09	6,05	0,				16,00	84,6	8,2	1,38	0,				7,33	92,7					
06/01/2023 15.14.14						16,12	0,	0,48		0,			15,52	78,6	0,62	5,05	0,			14,75	72,4	0,87	6,06	0,				16,00	83,4	8,	1,15	0,				7,21	93,1					
06/01/2023 15.19.11						16,06	0,	0,44		0,			15,27	77,8	0,7	4,64	0,			14,69	71,9	1,06	6,06	0,				15,68	83,1	7,84	0,89	0,				7,27	93,3					
06/01/2023 15.24.13						16,12	0,	0,47		0,			15,15	77,8	0,67	4,2	0,			14,75	72,1	0,79	5,88	0,				15,81	83,4	7,67	0,63	0,				7,27	93,7					
06/01/2023 15.29.12						16,00	0,	0,52		0,			15,21	78,6	0,61	4,	0,			14,88	71,7	0,85	5,88	0,				16,00	83,2	7,55	0,17	0,				7,15	94,					
06/01/2023 15.34.13						16,12	0,	0,47		0,			15,21	77,3	0,64	3,77	0,			14,81	71,7	0,78	5,6	0,				16,25	83,5	7,55	0,52	0,				7,15	94,3					
06/01/2023 15.39.13						16,06	0,	0,48		0,			15,27	77,8	0,67	4,05	0,			14,75	71,6	0,76	5,06	0,				15,81	82,7	7,55	0,52	0,				7,08	94,3					
06/01/2023 15.44.12						15,93	0,	0,48		0,			15,15	77,	0,58	3,72	0,			14,75	72,	0,75	5,06	0,				15,75	82,7	7,52	0,	0,				7,08	94,4					
06/01/2023 15.49.13						15,81	0,	0,47		0,			15,33	77,6	0,58	3,55	0,			14,69	71,8	0,72	4,62	0,				16,31	83,9	0,47	0,	0,				7,02	94,8					
06/01/2023 15.54.12						15,93	0,	0,49		0,			15,33	77,	0,58	3,56	0,			14,75	72,	0,69	4,4	0,				16,00	83,2	7,23	0,	0,				6,96	94,8					
06/01/2023 15.59.13						15,93	0,	0,49		0,			15,46	78,2	0,62	3,55	0,			14,88	72,	0,71	4,64	0,				16,68	85,	7,09	8,82	25,5				7,08	94,8					
06/01/2023 16.04.12						16,12	0,	0,47		0,			15,65	78,2	0,59	3,55	0,			14,88	72,	0,71	4,65	0,				17,00	85,8	6,98	8,93	25,5				7,08	94,9					
06/01/2023 16.09.13						16,12	0,	0,48		0,			15,65	78,6	0,63	3,55	0,			14,88	71,1	0,72	4,64	0,				17,06	85,4	6,77	9,13	25,5				7,08	94,8					
06/01/2023 16.14.12						16,25	0,	0,48		0,			15,46	77,	0,6	3,83	0,			14,81	70,8	0,7	4,43	0,				16,75	85,	6,65	9,12	25,5				7,02	94,7					
06/01/2023 16.19.13						16,12	0,	0,49		0,			15,58	77,8	0,6	4,29	0,			14,81	71,2	0,69	4,2	0,				17,12	85,8	6,62	9,15	25,5				7,15	94,6					
06/01/2023 16.24.12						16,18	0,	0,48		0,			15,33	76,6	0,61	4,28	0,			14,88	71,2	0,71	4,21	0,				16,62	84,2	6,56	9,32	25,5				7,08	94,6					
06/01/2023 16.29.13						16,12	0,	0,47		0,			15,21	77,	0,64	4,29	0,			14,88	71,5	0,75	3,84	0,				16,37	84,6	6,39	8,74	25,5				7,08	94,6					
06/01/2023 16.34.13						16,00	0,	0,47		0,			15,08	77,4	0,59	3,99	0,			14,94	71,2	0,76	3,84	0,				16,43	84,6	6,34	8,56	25,5				7,15	94,5					
06/01/2023 16.39.11						16,00	0,	0,47		0,			15,15	77,2	0,61	3,99	0,			14,88	70,6	0,71	3,84	0,				16,25	83,8	6,2	8,35	25,5				7,08	94,4					
06/01/2023 16.44.12						15,81	0,	0,48		0,			15,21	77,	0,56	3,98	0,			14,81	70,8	0,75	3,37	0,				16,06	83,6	6,07	8,14	25,5				7,15	94,2					
06/01/2023 16.49.12						15,68	0,	0,47		0,			15,08	76,8	0,53	3,6	0,			14,81	71,2	0,78	3,12	0,				16,56	83,8	5,93	8,13	25,5				7,08	93,9					
06/01/2023 16.54.13						15,75	0,	0,45		0,			15,27	77,2	0,62	3,34	0,			14,94	71,2	0,83	3,12	0,				16,56	84,2	5,73	8,02	25,5				7,15	93,7					
06/01/2023 16.59.12						15,81	0,	0,46		0,			15,52	79,	0,62	3,35	0,			15,13	71,2	0,73	3,12	0,				16,75	83,7	5,58	8,08	25,5				7,21	93,6					
06/01/2023 17.04.13						15,75	0,	0,45		0,			15,65	77,8	0,58	3,34	0,			15,06	70,5	0,74	3,12	0,				16,43	83,	5,38	8,	25,5				7,08	93,9					
06/01/2023 17.09.11						16,00	0,	0,44		0,			15,58	76,2	0,64	3,15	0,			15,00	70,5	0,81	3,12	0,				16,62	83,4	5,5	7,87	25,5				7,15	93,9					
06/01/2023 17.14.12						16,12	0,	0,45		0,			15,65	77,1	0,66	3,15	0,			14,88	70,3	0,78	3,12	0,				16,75	83,8	2,33	7,89	25,5				7,15	94,					
06/01/2023 17.19.13						16,00	0,	0,46		0,			15,58	76,6	0,6	3,15	0,			15,25	72,3	0,73	3,12	0,				16,75	83,	5,57	7,92	25,5				7,08	94,					
06/01/2023 17.24.12						15,93	0,	0,45		0,			15,65	78,3	0,59	3,14	0,			15,50	71,6	0,73	3,12	0,				16,93	83,	5,59	7,9	25,5				7,08	94,					
06/01/2023 17.29.12						16,00	0,	0,45		0,			15,58	77,	0,55	3,15	0,			15,44	71,2	0,8	3,12	0,				17,06	82,7	5,6	7,73	25,5				7,21	94,					
06/01/2023 17.34.12						16,00	0,	0,45		0,			16,21	79,2	0,59	4,34	0,			15,38	72,	0,7	3,13	0,				17,31	82,9	2,1	7,74	25,5				7,15	94,					
06/01/2023 17.39.13						16,37	0,	0,46		0,			16,71	81,8	0,59	5,72	0,			15,63	71,7	0,71	3,13	0,				17,56	83,9	5,62	8,04	25,5				7,15	94,					
06/01/2023 17.44.12						16,68	0,	0,46		0,			16,58	80,6	0,63	5,71	0,			15,69	71,6	0,71	3,6	0,				17,12	83,5	6,13	8,25	25,5				7,15	94,					
06/01/2023 17.49.13						16,68	0,	0,46		0,			16,15	79,4	0,64	6,16	0,			15,94	71,6	0,7	4,36	0,				16,75	83,8	6,55	8,19	25,5				7,21	93,9					
06/01/2023 17.54.12						16,93	0,	0,49		0,			15,77	80,1	0,84	6,39	0,			16,31	72,9	0,82	5,04	0,				16,62	84,3	7,28	8,31	25,5				7,15	93,8					
06/01/2023 17.59.13						17,12	0,	0,49		0,			15,52	79,5	0,64	6,38	0,			16,56	73,6	1,17	6,61	0,				17,12	85,8	8,27	8,38	25,5				7,15	93,7					
06/01/2023 18.04.13						17,56	0,	0,48		0,			15,71	79,8	0,69	6,39	0,			15,94	70,4	1,55	7,26	0,				17,31	85,9	9,55	8,74	25,5				7,15	93,9					
06/01/2023 18.09.12						17,56	0,	0,48		0,			15,65	80,2	0,69	6,75	0,			15,44	72,8	2,01	7,59	0,				18,56	88,2	9,57	9,23	25,5				7,21	93,7					
06/01/2023 18.14.12						18,00	0,	0,5		0,			15,46	79,3	0,67	6,76	0,			15,31	72,3	1,86	7,81	0,				18,12	85,8	9,54	2,75	0,				7,15	93,7					
06/01/2023 18.19.12						17,25	0,	0,48		0,			15,46	79,3	0,62	6,76	0,			15,31	74,	2,13	8,34	0,				16,87	85,	9,54	2,9	0,				7,08	93,9					
06/01/2023 18.24.12						17,06	0,	0,51		0,			15,27	79,	0,66	6,54	0,			14,81	74,8	2,08	8,34	0,				17,06	86,7	9,58	3,59	0,				7,08	93,9					
06/01/2023 18.29.12						16,75	0,	0,5		0,			15,21	78,5	0,69	6,55	0,			14,50	75,2	1,63	8,09	0,				16,81	87,2	9,29	3,75	0,				7,15	93,9					
06/01/2023 18.34.13						16,50	0,	0,48		0,			15,08	77,9	0,82	6,55	0,			14,00	74,9	1,95	7,86	0,				16,06	86,7	9,33	3,53	0,				7,21	94,					
06/01/2023 18.39.12						16,31	0,	0,48		0,			14,77	77,8	0,6	5,98	0,			13,63	74,9	1,67	7,58	0,				15,75	86,6	8,86	3,3	0,				7,21	94,					
06/01/2023 18.44.13						16,12	0,	0,46		0,			14,65	79,	0,63	5,59	0,			13,69	76,4	1,24	6,95	0,				15,50	86,4	8,32	2,75	0,				7,21	93,9					
06/01/2023 18.49.13						15,68	0,	0,48		0,			14,58	78,4	0,63	5,39	0,			13,88	75,6	1,27	6,47	0,				15,43	86,3	7,83	1,42	0,				7,21	93,9					
06/01/2023 18.54.12						15,50	0,	0,48		0,			14,46	79,1	0,59	4,78	0,			13,88	75,7	0,91	6,28	0,				15,25	85,8	7,27	0,	0,				7,21	93,6					
06/01/2023 18.59.14						15,50	0,	0,49		0,			14,65	79,8	0,63	3,7	0,			13,94	75,2	0,73	5,91	0,				15,68	86,1	6,84	6,97	25,5				7,21	93,6					
06/01/2023 19.04.12						15,43	0,	0,48		0,			14,90	80,3	0,54	3,	0,			14,13	74,7	0,75	5,61	0,				16,06	86,6	6,57	8,24	25,5				7,27	93,4					
06/01/2023 19.09.13						15,43	0,	0,47		0,			14,77	78,5	0,51	1,83	0,			14,19	74,8	0,77	5,13	0,				16,37	86,2	6,15	8,16	25,5				7,27	93,2					
06/01/2023 19.14.12						15,56	0,	0,47		0,			15,02	78,6	0,52	1,48	0,			14,13	74,4	0,75	5,13	0,				16,06	85,8	5,8	7,96	25,5				7,21	93,					
06/01/2023 19.19.14						15,56	0,	0,45		0,			15,02	77,7	0,5	1,47	0,			14,13	73,7	0,7	4,56	0,				16,81	86,2	5,55	7,9	25,5				7,27	92,9					
06/01/2023 19.24.12						15,37	0,	0,46		0,			15,02	77,8	0,47	0,65	0,			14,25	74,	0,72	4,28	0,				16,56	85,4	5,28	7,94	25,5				7,15	93,1					
06/01/2023 19.29.13						15,25	0,	0,45		0,			14,90	78,2	0,47	0,24	0,			14,44	73,5	0,75	3,88	0,				16,81	84,7	4,88	7,79	25,5				7,15	93,2					
06/01/2023 19.34.13						15,18	0,	0,44		0,			15,02	78,	0,47	0,09	0,			14,44	72,5	0,75	3,65	0,				16,87	84,9	4,38	7,8	25,5				7,21	93,					
06/01/2023 19.39.12						15,18	0,	0,44		0,			15,15	78,2	0,47	0,1	0,			14,50	72,5	0,75	3,16	0,				16,93	84,7	3,93	7,75	25,5				7,21	93,2					
06/01/2023 19.44.12						14,93	0,	0,45		0,			15,33	79,4	2,81	9,88	25,5			14,56	72,4	0,73	3,16	0,				17,18	84,4	3,34	7,72	25,5				7,21	93,2					
06/01/2023 19.49.13						14,68	0,	0,44		0,			15,21	77,6	2,62	9,88	25,5			14,50	71,8	0,74	2,69	0,				16,93	84,2	2,08	7,73	25,5				7,21	93,2					
06/01/2023 19.54.14						14,81	0,	0,45		0,			15,15	76,4	2,61	9,87	25,5			14,56	72,	0,78	2,68	0,				17,25	84,2	2,6	7,73	25,5				7,15	93,3					
06/01/2023 19.59.12						14,87	0,	0,44		0,			15,27	77,3	2,63	9,87	25,5			14,75	72,	0,58	1,59	0,				17,37	83,9	2,22	7,84	25,5				7,15	93,4					
06/01/2023 20.04.13						14,75	0,	0,45		0,			15,40	76,9	2,5	9,88	25,5			14,69	71,1	0,52	1,48	0,				17,87	84,6	2,11	8,01	25,5				7,15	93,4					
06/01/2023 20.09.12						14,25	0,	0,44		0,			15,40	77,	2,28	9,87	25,5			14,75	71,6	0,54	1,48	0,				17,43	83,4	2,11	8,12	25,5				7,27	93,2					
06/01/2023 20.14.12						13,50	0,	0,45		0,			15,52	76,9	2,59	9,87	25,5			14,88	70,9	0,55	1,23	0,				17,18	82,7	2,18	8,13	25,5				7,27	93,2					
06/01/2023 20.19.12						14,12	0,	0,44		0,			15,46	77,	2,43	9,87	25,5			14,94	71,3	0,6	1,	0,				17,12	82,7	2,32	8,08	25,5				7,21	93,1					
06/01/2023 20.24.13						14,81	0,	0,45		0,			15,58	77,4	2,45	9,87	25,5			15,00	70,8	0,58	1,	0,				17,43	82,9	2,26	8,19	25,5				7,21	93,1					
06/01/2023 20.29.13						15,12	0,	0,44		0,			15,90	77,7	2,07	9,87	25,5			15,13	71,6	0,59	1,	0,				17,18	82,8	2,32	8,24	25,5				7,27	93,2					
06/01/2023 20.34.12						15,18	0,	0,44		0,			15,83	76,2	2,64	9,87	25,5			15,25	71,2	0,59	1,	0,				17,25	82,7	2,36	8,25	25,5				7,15	93,2					
06/01/2023 20.39.12						15,31	0,	0,45		0,			15,83	77,4	2,51	9,88	25,5			15,31	71,6	0,56	1,25	0,				17,18	82,7	2,08	8,45	25,5				7,21	93,2					
06/01/2023 20.44.13						15,25	0,	0,44		0,			15,77	77,	0,48	1,87	0,			15,31	71,6	0,57	1,5	0,				16,87	82,7	0,	8,3	25,5				7,15	93,3					
06/01/2023 20.49.14						15,43	0,	0,44		0,			15,58	74,7	0,56	2,12	0,			15,31	70,	0,63	2,09	0,				16,93	82,3	0,	8,37	25,5				7,15	93,5					
06/01/2023 20.54.11						15,37	0,	0,45		0,			15,58	76,6	0,53	2,24	0,			15,31	70,1	0,7	2,7	0,				17,00	82,3	2,26	8,47	25,5				7,15	93,5					
06/01/2023 20.59.13						18,18	0,	0,44		25,55			15,52	75,9	0,55	2,55	0,			15,25	69,4	0,66	2,69	0,				16,87	81,9	9,55	8,68	25,5				7,08	93,6					
06/01/2023 21.04.13						17,56	0,	0,45		0,			15,52	75,8	0,52	2,94	0,			15,19	69,2	0,71	2,69	0,				16,56	81,9	4,34	8,68	25,5				7,15	93,6					
06/01/2023 21.09.12						16,37	0,	0,45		0,			15,58	75,4	0,54	3,14	0,			15,31	69,7	0,74	2,69	0,				16,56	82,3	4,08	8,69	25,5				7,15	93,7					
06/01/2023 21.14.14						16,12	0,	0,44		0,			15,52	75,4	0,56	3,14	0,			15,13	69,1	0,71	2,7	0,				16,87	82,7	2,34	8,68	25,5				7,15	93,7					
06/01/2023 21.19.11						16,12	0,	0,44		0,			15,46	75,5	0,57	3,93	0,			15,19	68,8	0,69	3,04	0,				17,12	82,8	3,95	8,9	25,5				7,08	93,7					
06/01/2023 21.24.13						16,00	0,	0,44		0,			15,65	76,7	0,57	3,7	0,			15,25	69,6	0,77	3,04	0,				17,00	83,4	4,15	8,94	25,5				7,15	93,9					
06/01/2023 21.29.12						16,12	0,	0,45		0,			15,71	77,	0,55	3,69	0,			15,31	69,4	0,71	3,31	0,				16,68	82,7	4,16	8,97	25,5				7,08	94,					
06/01/2023 21.34.13						16,06	0,	0,44		0,			15,58	76,7	0,59	4,15	0,			15,38	69,2	0,73	3,57	0,				16,68	82,3	4,27	8,96	25,5				7,15	94,					
06/01/2023 21.39.12						16,06	0,	0,44		0,			15,71	75,4	0,58	4,15	0,			15,31	68,8	0,72	3,96	0,				16,87	83,	4,46	8,96	25,5				7,15	94,					
06/01/2023 21.44.14						15,93	0,	0,44		0,			15,58	75,4	0,57	4,33	0,			15,31	69,2	0,72	3,96	0,				16,50	82,2	4,56	8,82	25,5				7,21	94,					
06/01/2023 21.49.13						15,93	0,	0,45		0,			15,77	76,4	0,6	4,33	0,			15,44	69,2	0,74	4,45	0,				16,50	82,4	4,66	8,75	25,5				7,15	93,9					
06/01/2023 21.54.12						15,87	0,	0,45		0,			15,58	76,2	0,62	4,33	0,			15,31	68,9	0,73	4,45	0,				16,50	82,3	4,85	8,68	25,5				7,21	93,7					
06/01/2023 21.59.13						15,87	0,	0,44		0,			15,46	75,5	0,57	4,32	0,			15,31	69,7	0,73	4,45	0,				16,50	82,2	4,77	8,45	25,5				7,15	93,8					
06/01/2023 22.04.12						15,81	0,	0,44		0,			15,52	76,6	0,57	4,33	0,			15,31	69,6	0,72	4,45	0,				16,87	82,2	4,89	8,45	25,5				7,15	93,7					
06/01/2023 22.09.13						16,06	0,	0,44		0,			15,46	76,6	0,59	4,33	0,			15,25	69,3	0,74	4,82	0,				17,00	82,7	5,05	8,33	25,5				7,15	93,7					
06/01/2023 22.14.11						16,00	0,	0,44		0,			15,52	76,6	0,59	4,33	0,			15,31	69,2	0,74	4,82	0,				16,81	82,4	5,05	8,34	25,5				7,08	93,9					
06/01/2023 22.19.12						15,87	0,	0,44		0,			15,33	75,4	0,58	4,33	0,			15,19	69,2	0,74	5,05	0,				16,43	81,6	5,06	8,32	25,5				7,21	93,9					
06/01/2023 22.24.12						15,93	0,	0,45		0,			15,65	77,	0,63	4,33	0,			15,13	69,3	0,71	5,06	0,				16,43	82,5	5,24	8,25	25,5				7,15	94,					
06/01/2023 22.29.13						15,81	0,	0,46		0,			15,58	76,6	0,59	4,33	0,			15,13	70,5	0,72	5,05	0,				16,68	82,7	5,06	8,25	25,5				7,21	94,					
06/01/2023 22.34.13						16,00	0,	0,44		0,			15,52	76,2	0,6	4,32	0,			15,13	70,	0,79	5,25	0,				17,06	82,6	5,06	8,27	25,5				7,21	94,					
06/01/2023 22.39.11						15,93	0,	0,45		0,			15,33	75,4	0,58	4,1	0,			15,00	69,3	0,77	5,25	0,				16,81	82,3	5,07	8,36	25,5				7,08	94,					
06/01/2023 22.44.13						16,00	0,	0,44		0,			15,46	76,7	0,62	3,76	0,			15,00	69,3	0,77	5,25	0,				17,25	83,5	5,07	8,43	25,5				7,21	94,					
06/01/2023 22.49.12						15,81	0,	0,44		0,			15,52	76,7	0,56	3,76	0,			15,06	69,6	0,68	5,25	0,				16,75	81,9	2,15	8,5	25,5				7,08	94,					
06/01/2023 22.54.13						16,00	0,	0,45		0,			15,40	77,1	0,62	3,77	0,			15,00	69,4	0,74	5,25	0,				16,56	81,9	5,46	8,56	25,5				7,08	93,9					
06/01/2023 22.59.12						15,93	0,	0,46		0,			16,21	79,4	0,61	4,8	0,			15,00	69,	0,73	4,77	0,				17,00	83,4	5,54	8,68	25,5				7,15	93,8					
06/01/2023 23.04.13						16,12	0,	0,47		0,			16,40	78,8	0,6	5,16	0,			14,94	69,7	0,76	4,78	0,				16,68	82,5	5,69	8,69	25,5				7,15	93,6					
06/01/2023 23.09.12						16,00	0,	0,47		0,			16,46	80,2	0,62	6,17	0,			15,19	71,2	0,7	4,78	0,				16,31	82,3	5,85	8,69	25,5				7,08	93,6					
06/01/2023 23.14.13						16,25	0,	0,44		0,			16,15	77,8	0,67	6,17	0,			15,19	70,8	0,71	4,78	0,				16,50	83,3	6,05	9,02	25,5				7,08	93,6					
06/01/2023 23.19.12						16,56	0,	0,48		0,			15,77	78,2	0,62	6,17	0,			15,19	70,4	0,73	4,79	0,				16,87	83,8	6,3	9,08	25,5				7,15	93,7					
06/01/2023 23.24.11						16,62	0,	0,48		0,			15,58	79,4	0,67	6,17	0,			15,19	70,7	0,74	4,78	0,				16,68	83,3	6,79	9,08	25,5				7,15	94,					
06/01/2023 23.29.13						17,00	0,	0,49		0,			15,33	80,1	0,63	6,17	0,			15,19	70,2	0,75	5,33	0,				17,06	83,	2,4	9,08	25,5				7,21	94,1					
06/01/2023 23.34.11						17,87	0,	0,49		0,			15,08	79,1	0,64	6,16	0,			14,94	69,6	0,76	5,33	0,				17,06	83,5	8,82	9,21	25,5				7,08	94,3					
06/01/2023 23.39.13						18,31	0,	0,5		0,			15,08	79,	0,63	6,17	0,			15,69	74,3	0,79	5,77	0,				17,00	83,4	9,55	9,3	25,5				7,15	94,4					
06/01/2023 23.44.13						18,12	0,	0,5		0,			15,21	79,4	0,64	6,17	0,			15,88	72,8	1,23	6,77	0,				18,75	88,2	9,56	9,31	0,				7,08	94,4					
06/01/2023 23.49.12						17,56	0,	0,51		0,			15,27	78,9	0,59	5,56	0,			15,75	73,2	1,78	7,46	0,				17,25	85,	9,54	3,01	0,				7,15	94,4					
06/01/2023 23.54.13						17,06	0,	0,5		0,			15,21	79,4	0,6	5,56	0,			15,13	73,9	1,81	7,46	0,				17,12	86,5	9,56	3,64	0,				7,21	94,5					
06/01/2023 23.59.13						16,62	0,	0,5		0,			15,27	79,	0,61	5,36	0,			14,75	75,2	1,67	7,46	0,				17,06	86,6	9,55	4,1	0,				7,15	94,4					
