Net no:						1	1	1	1	1			1	1	1	1	1			1	1	1	1	1				1	1	1	1	1				1	1					
Object no:						131	141	150	151	152			134	144	159	160	161			133	143	156	157	158				132	142	153	154	155				130	140					
Table no:						0	0	0	0	0			0	0	0	0	0			0	0	0	0	0				0	0	0	0	0				0	0					
Code no:						48	48	48	48	48			48	48	136	136	136			48	48	48	48	48				48	48	48	48	48				48	48					
Calculation:						T	/10	/100	/100	/100			T	/10	/100	/100	/100			T	/10	/100	/100	/100				T	/10	/100	/100	/100				T	/10					
Date/time:	Afp. 1776	Bes. 97184			Stald 1	Temp_stald1	Fugt_stald1	DynamicAir_trinlřs_stald1	Spjćld_trinlřs_stald 1	On/off_stald1		Stald 2	Temp_stald2	Fugt_stald2	DynamicAir_trinlřs_stald2	Spjćld_trinlřs_stald2	On/off_stald2		Stald5	Temp_stald5	Fugt_stald5	DynamicAir_trinlřs_stald5	Spjćld_trinlřs_stald5	On/off_stald 5			Stald6	Temp_stald6	Fugt_stald 6	DynamicAir_trinlřs_stald6	Spjćld_trinlřs_stald6	On/off_stald6			UDE	Temp_ude	Fugt_ude					
07-07-2022 00:02:40						20,18	89,6	2,56	9,5	0,			20,71	82,6	2,23	9,88	0,			20,81	83,6	2,67	9,29	0,				20,18	89,	2,63	9,24	0,				15,40	93,2					
07-07-2022 00:07:42						20,06	89,2	2,58	9,53	0,			20,71	82,5	2,27	9,87	0,			20,75	83,6	2,78	9,3	0,				19,87	88,9	2,75	9,24	0,				15,33	93,2					
07-07-2022 00:12:42						20,06	89,2	2,41	9,51	0,			20,77	83,4	2,29	9,88	0,			20,63	83,2	2,71	9,29	0,				19,75	89,	2,23	9,23	0,				15,40	93,3					
07-07-2022 00:17:40						19,93	88,8	2,57	9,5	0,			20,96	83,2	2,22	9,88	0,			20,63	83,2	2,65	9,3	0,				19,75	86,6	1,97	9,23	0,				15,33	93,2					
07-07-2022 00:22:42						19,93	89,2	2,62	9,51	0,			20,83	82,2	2,24	9,88	0,			20,69	83,2	2,55	9,29	0,				20,00	87,4	2,48	9,23	0,				15,40	93,2					
07-07-2022 00:27:41						20,00	89,1	2,57	9,49	0,			20,52	81,9	2,24	9,87	0,			20,50	83,1	2,66	9,3	0,				19,56	88,7	2,46	9,24	0,				15,40	92,9					
07-07-2022 00:32:43						19,93	88,8	2,59	9,5	0,			20,46	81,8	2,31	9,87	0,			20,50	83,6	2,61	9,29	0,				19,81	87,1	2,14	9,25	0,				15,40	92,9					
07-07-2022 00:37:41						20,00	88,8	2,6	9,5	0,			20,46	82,1	2,26	9,87	0,			20,44	83,3	2,59	9,29	0,				20,00	87,1	2,44	9,23	0,				15,40	93,					
07-07-2022 00:42:42						20,00	89,1	2,49	9,52	0,			20,27	81,4	2,26	9,87	0,			20,38	83,2	2,61	9,29	0,				19,68	88,6	2,51	9,24	0,				15,46	93,1					
07-07-2022 00:47:41						20,00	89,	2,53	9,51	0,			20,33	82,1	2,19	9,88	0,			20,38	82,8	2,61	9,3	0,				19,50	87,	2,44	9,24	0,				15,40	93,2					
07-07-2022 00:52:42						20,00	88,8	2,49	9,52	0,			20,40	81,8	2,19	9,87	0,			20,31	82,8	2,8	9,3	0,				19,75	86,6	2,13	9,24	0,				15,40	93,1					
07-07-2022 00:57:42						19,93	88,5	2,61	9,52	0,			20,33	81,8	2,23	9,88	0,			20,19	82,8	2,54	9,29	0,				19,56	87,2	2,55	9,22	0,				15,40	93,2					
07-07-2022 01:02:42						19,87	88,5	2,5	9,51	0,			20,40	81,5	2,28	9,87	0,			20,25	82,8	2,73	9,3	0,				19,56	88,6	2,17	9,23	0,				15,46	93,2					
07-07-2022 01:07:42						19,93	88,8	2,52	9,52	0,			20,40	82,1	2,2	9,88	0,			20,31	82,5	2,62	9,29	0,				19,75	87,4	2,2	9,24	0,				15,46	93,2					
07-07-2022 01:12:41						20,00	88,4	2,55	9,51	0,			20,27	81,4	2,36	9,87	0,			20,25	82,4	2,75	9,29	0,				19,75	87,1	2,3	9,24	0,				15,40	93,1					
07-07-2022 01:17:42						20,00	88,5	2,58	9,52	0,			20,40	81,4	2,29	9,87	0,			20,31	82,4	2,66	9,3	0,				19,50	87,9	2,51	9,24	0,				15,40	93,					
07-07-2022 01:22:41						19,93	88,5	2,73	9,49	0,			20,46	81,1	2,32	9,88	0,			20,38	82,2	2,73	9,3	0,				19,43	86,6	2,12	9,24	0,				15,40	92,8					
07-07-2022 01:27:41						19,93	88,4	2,57	9,51	0,			20,52	81,	2,37	9,88	0,			20,38	82,	2,75	9,3	0,				19,75	86,9	2,25	9,25	0,				15,33	92,6					
07-07-2022 01:32:41						20,06	88,	2,41	9,52	0,			20,46	81,	2,38	9,88	0,			20,31	81,8	2,76	9,29	0,				19,81	87,3	2,43	9,24	0,				15,27	92,5					
07-07-2022 01:37:42						20,00	88,	2,55	9,5	0,			20,40	80,6	2,23	9,87	0,			20,31	81,9	2,72	9,28	0,				19,43	87,4	2,13	9,23	0,				15,27	92,6					
07-07-2022 01:42:42						20,06	88,	2,43	9,52	0,			20,33	80,6	2,38	9,88	0,			20,31	81,8	2,68	9,31	0,				19,43	87,1	2,24	9,25	0,				15,27	92,5					
07-07-2022 01:47:41						20,00	87,6	2,59	9,51	0,			20,40	80,9	2,1	9,88	0,			20,25	81,7	2,72	9,28	0,				19,62	86,6	2,22	9,24	0,				15,21	92,4					
07-07-2022 01:52:41						20,12	87,6	2,52	9,5	0,			20,52	81,	2,3	9,88	0,			20,25	81,6	2,79	9,29	0,				19,68	86,6	2,38	9,24	0,				15,15	92,3					
07-07-2022 01:57:40						20,06	88,	2,61	9,5	0,			20,58	80,5	2,4	9,88	0,			20,19	81,6	2,72	9,3	0,				19,43	87,4	2,44	9,24	0,				15,08	92,					
07-07-2022 02:02:43						20,06	87,6	2,67	9,52	0,			20,52	80,2	2,27	9,87	0,			20,31	81,6	2,85	9,29	0,				19,25	86,4	2,02	9,24	0,				14,90	91,6					
07-07-2022 02:07:41						19,93	87,2	2,55	9,51	0,			20,52	80,1	2,21	9,88	0,			20,31	81,2	2,72	9,29	0,				19,25	86,1	2,02	9,24	0,				15,02	91,6					
07-07-2022 02:12:42						20,12	87,6	2,54	9,52	0,			20,46	79,8	2,31	9,88	0,			20,19	80,	2,27	9,3	0,				19,37	86,2	1,97	9,25	0,				14,90	91,6					
07-07-2022 02:17:41						20,06	87,6	2,54	9,51	0,			20,40	79,9	2,34	9,88	0,			20,31	81,7	2,65	9,31	0,				19,37	85,8	2,08	9,25	0,				14,77	91,5					
07-07-2022 02:22:42						19,81	87,	2,41	9,51	0,			20,52	79,9	2,22	9,88	0,			20,25	81,6	2,64	9,3	0,				19,06	85,9	2,22	9,24	0,				14,77	91,6					
07-07-2022 02:27:42						19,81	87,5	2,48	9,51	0,			20,46	79,4	2,28	9,88	0,			20,13	80,4	2,25	9,29	0,				19,18	85,9	1,91	9,24	0,				14,71	91,6					
07-07-2022 02:32:41						19,81	87,6	2,58	9,52	0,			20,40	80,1	2,19	9,87	0,			20,13	81,2	2,78	9,29	0,				19,25	86,2	2,08	9,25	0,				14,83	91,6					
07-07-2022 02:37:42						19,68	87,2	2,56	9,49	0,			20,40	79,4	2,22	9,87	0,			20,06	80,4	2,2	9,29	0,				19,12	86,4	2,13	9,24	0,				14,90	91,6					
07-07-2022 02:42:41						19,62	87,4	2,36	9,5	0,			20,40	80,1	2,54	9,88	0,			20,31	81,2	2,72	9,3	0,				19,00	86,3	2,23	9,24	0,				14,96	91,6					
07-07-2022 02:47:43						19,75	87,6	2,49	9,51	0,			20,46	80,1	2,47	9,87	0,			20,19	81,6	2,76	9,3	0,				19,31	86,6	2,16	9,25	0,				14,90	91,6					
07-07-2022 02:52:41						19,68	87,6	2,66	9,49	0,			20,52	80,6	2,26	9,88	0,			20,19	81,4	2,81	9,3	0,				19,31	86,7	1,92	9,24	0,				14,90	91,5					
07-07-2022 02:57:42						19,87	87,2	2,51	9,52	0,			20,40	79,8	2,34	9,88	0,			20,06	81,3	2,65	9,3	0,				19,37	86,2	2,15	9,22	0,				14,83	91,2					
07-07-2022 03:02:41						19,87	87,2	2,37	9,52	0,			20,40	79,8	2,39	9,88	0,			20,13	80,6	2,3	9,3	0,				19,12	86,2	2,15	9,23	0,				14,77	91,2					
07-07-2022 03:07:42						19,87	87,2	2,57	9,5	0,			20,21	79,4	2,34	9,87	0,			19,94	81,2	2,68	9,3	0,				19,00	86,6	2,19	9,24	0,				14,77	91,3					
07-07-2022 03:12:43						19,75	86,8	2,36	9,51	0,			20,08	79,8	2,38	9,88	0,			19,94	80,4	2,15	9,3	0,				19,18	86,4	2,15	9,23	0,				14,71	91,2					
07-07-2022 03:17:41						19,68	86,7	2,6	9,52	0,			19,96	79,3	2,26	9,88	0,			20,00	80,8	2,85	9,3	0,				19,25	86,8	1,89	9,24	0,				14,71	90,8					
07-07-2022 03:22:44						19,81	86,8	2,6	9,52	0,			19,96	79,4	2,3	9,88	0,			19,88	80,8	2,4	9,29	0,				19,25	86,7	2,08	9,24	0,				14,65	90,5					
07-07-2022 03:27:41						20,25	87,6	2,52	9,5	0,			20,02	79,4	2,3	9,88	0,			20,00	80,1	2,35	9,29	0,				19,18	86,6	1,98	9,24	0,				14,65	90,6					
07-07-2022 03:32:42						19,93	87,	2,67	9,52	0,			19,96	79,4	2,5	9,88	0,			20,00	81,2	2,71	9,29	0,				19,25	86,6	2,04	9,24	0,				14,65	90,					
07-07-2022 03:37:41						19,81	87,	2,47	9,53	0,			19,83	79,1	2,29	9,88	0,			19,94	80,8	2,23	9,3	0,				19,18	86,3	2,11	9,23	0,				14,58	90,					
07-07-2022 03:42:42						19,68	87,	2,47	9,5	0,			19,90	79,	2,3	9,88	0,			19,94	80,7	2,73	9,29	0,				19,12	86,5	1,98	9,23	0,				14,52	90,					
07-07-2022 03:47:41						19,56	86,8	2,58	9,51	0,			19,90	79,	2,41	9,87	0,			19,81	80,4	2,25	9,29	0,				19,06	86,6	2,	9,24	0,				14,52	89,7					
07-07-2022 03:52:42						19,56	86,6	2,43	9,5	0,			20,15	80,4	2,25	9,87	0,			19,88	80,8	2,39	9,3	0,				18,87	86,5	2,01	9,24	0,				14,46	89,7					
07-07-2022 03:57:42						19,56	86,5	2,49	9,51	0,			20,15	80,6	2,14	9,88	0,			19,81	81,2	2,54	9,28	0,				18,87	86,6	1,76	9,24	0,				14,46	89,5					
07-07-2022 04:02:42						19,43	86,5	2,48	9,51	0,			19,96	79,4	2,18	9,88	0,			19,75	80,7	2,23	9,28	0,				19,00	86,3	1,98	9,24	0,				14,40	89,6					
07-07-2022 04:07:41						19,31	86,5	2,46	9,51	0,			19,90	79,7	2,17	9,87	0,			19,56	80,8	2,72	9,29	0,				19,06	86,6	1,92	9,22	0,				14,33	90,					
07-07-2022 04:12:41						19,25	86,7	2,48	9,49	0,			19,83	79,5	2,29	9,88	0,			19,56	80,5	2,25	9,3	0,				18,81	86,4	1,98	9,23	0,				14,21	90,4					
07-07-2022 04:17:42						19,18	86,5	2,54	9,52	0,			19,77	79,2	2,18	9,87	0,			19,69	80,4	2,06	9,29	0,				18,81	86,6	1,96	9,22	0,				14,21	90,5					
07-07-2022 04:22:41						19,25	86,6	2,47	9,5	0,			19,71	79,4	2,32	9,87	0,			19,63	80,4	2,43	9,3	0,				18,81	86,2	2,04	9,24	0,				14,27	90,7					
07-07-2022 04:27:41						19,25	86,4	2,63	9,51	0,			19,83	80,5	2,09	9,88	0,			19,63	80,9	2,37	9,29	0,				18,75	86,4	2,11	9,23	0,				14,08	90,					
07-07-2022 04:32:42						19,31	86,3	2,7	9,51	0,			19,77	79,4	2,25	9,88	0,			19,50	80,6	2,17	9,28	0,				18,50	86,3	2,13	9,23	0,				14,08	89,6					
07-07-2022 04:37:42						19,18	86,1	2,54	9,52	0,			19,90	79,8	2,38	9,87	0,			19,50	80,8	2,12	9,29	0,				18,43	86,2	2,01	9,23	0,				14,08	88,6					
07-07-2022 04:42:42						19,18	86,3	2,44	9,51	0,			19,65	78,2	2,11	9,87	0,			19,50	80,4	2,2	9,29	0,				18,43	86,5	2,05	9,23	0,				14,08	88,1					
07-07-2022 04:47:41						19,25	86,1	2,48	9,51	0,			19,46	78,4	2,27	9,88	0,			19,50	80,8	2,2	9,29	0,				18,50	86,2	2,02	9,24	0,				14,15	88,					
07-07-2022 04:52:42						19,25	86,1	2,64	9,49	0,			19,52	78,7	2,14	9,88	0,			19,50	81,3	2,77	9,29	0,				18,18	86,2	2,	9,22	0,				14,15	87,7					
07-07-2022 04:57:41						19,06	86,2	2,53	9,5	0,			19,46	79,3	2,18	9,87	0,			19,50	80,6	2,17	9,29	0,				18,25	86,6	2,15	9,24	0,				14,21	87,6					
07-07-2022 05:02:43						19,12	86,2	2,42	9,5	0,			19,46	79,	2,39	9,88	0,			19,50	80,5	1,96	9,29	0,				18,18	86,6	2,21	9,24	0,				14,27	87,5					
07-07-2022 05:07:41						19,43	86,4	2,54	9,51	0,			19,52	78,6	2,35	9,87	0,			19,44	80,6	2,12	9,29	0,				18,18	86,7	1,9	9,24	0,				14,33	87,2					
07-07-2022 05:12:43						19,43	85,8	2,42	9,52	0,			19,52	78,6	2,4	9,88	0,			19,50	80,8	2,69	9,29	0,				18,12	86,5	2,04	9,23	0,				14,33	86,8					
07-07-2022 05:17:41						19,43	86,4	2,63	9,51	0,			19,77	79,	2,32	9,87	0,			19,25	80,	2,18	9,28	0,				18,25	86,6	2,07	9,24	0,				14,46	87,					
07-07-2022 05:22:42						19,37	85,8	2,49	9,51	0,			19,65	78,6	2,36	9,87	0,			19,31	80,4	2,27	9,29	0,				18,50	86,6	2,23	9,23	0,				14,40	87,3					
07-07-2022 05:27:43						19,25	85,2	2,01	9,51	0,			19,52	78,6	2,36	9,85	0,			19,31	80,5	2,26	9,28	0,				18,43	86,6	2,16	9,23	0,				14,40	88,9					
07-07-2022 05:32:42						18,93	85,7	2,56	9,53	0,			19,46	79,	2,33	9,86	0,			19,38	80,8	2,14	9,29	0,				18,50	87,	1,97	9,23	0,				14,33	89,2					
07-07-2022 05:37:43						19,18	86,4	2,34	9,52	0,			19,40	79,	2,28	9,87	0,			19,25	80,6	2,15	9,3	0,				18,43	87,	2,07	9,23	0,				14,33	89,2					
07-07-2022 05:42:41						19,18	85,5	2,24	9,51	0,			19,46	79,3	2,3	9,86	0,			19,25	80,5	2,12	9,29	0,				18,25	87,1	1,98	9,23	0,				14,33	89,1					
07-07-2022 05:47:41						19,06	86,5	2,61	9,51	0,			19,46	79,6	2,27	9,85	0,			19,38	80,8	2,27	9,29	0,				18,37	87,1	2,06	9,23	0,				14,46	88,8					
07-07-2022 05:52:41						19,06	85,9	1,93	9,5	0,			19,65	79,3	2,31	9,84	0,			19,38	80,8	2,21	9,28	0,				18,25	87,4	2,07	9,21	0,				14,46	88,8					
07-07-2022 05:57:42						19,00	85,3	2,64	9,49	0,			19,65	79,1	2,36	9,86	0,			19,50	80,7	2,63	9,29	0,				18,31	87,4	1,96	9,22	0,				14,58	88,5					
07-07-2022 06:02:42						19,25	86,7	2,5	9,5	0,			19,83	79,9	2,44	9,86	0,			19,50	80,7	2,02	9,3	0,				18,37	87,4	1,95	9,23	0,				14,71	88,4					
07-07-2022 06:07:42						19,31	86,8	2,55	9,48	0,			19,83	79,6	2,46	9,86	0,			19,50	81,2	2,31	9,29	0,				18,43	87,6	2,06	9,24	0,				14,71	88,4					
07-07-2022 06:12:42						19,25	86,8	2,73	9,51	0,			19,83	79,6	2,23	9,87	0,			19,44	81,	2,34	9,3	0,				18,31	87,4	1,99	9,22	0,				14,58	88,9					
07-07-2022 06:17:40						19,18	86,8	2,71	9,5	0,			19,77	80,6	2,2	9,86	0,			19,50	81,2	2,24	9,29	0,				18,50	87,6	2,01	9,23	0,				14,46	89,6					
07-07-2022 06:22:42						19,25	87,	2,15	9,51	0,			19,96	80,6	2,36	9,87	0,			19,56	81,2	2,65	9,3	0,				18,37	87,8	1,95	9,22	0,				14,58	90,4					
07-07-2022 06:27:41						19,06	86,4	2,22	9,51	0,			19,90	80,6	2,33	9,88	0,			19,50	80,9	2,03	9,29	0,				18,43	88,	2,09	9,24	0,				14,52	90,7					
07-07-2022 06:32:42						19,12	87,2	2,71	9,51	0,			19,71	80,3	2,36	9,87	0,			19,69	81,4	2,33	9,3	0,				18,68	88,	1,93	9,23	0,				14,46	91,3					
07-07-2022 06:37:40						19,31	87,6	2,56	9,5	0,			19,65	80,1	2,34	9,87	0,			19,50	81,4	2,31	9,29	0,				18,56	87,8	2,01	9,24	0,				14,52	92,					
07-07-2022 06:42:41						19,31	87,6	2,57	9,52	0,			19,65	81,	2,1	9,87	0,			19,63	82,	2,8	9,29	0,				18,93	88,2	1,92	9,23	0,				14,52	91,8					
07-07-2022 06:47:42						19,43	87,6	2,4	9,52	0,			19,58	80,8	2,3	9,88	0,			19,75	81,6	2,26	9,29	0,				18,50	88,2	2,03	9,24	0,				14,58	91,6					
07-07-2022 06:52:42						19,50	87,7	2,6	9,5	0,			19,71	80,7	2,37	9,87	0,			19,56	81,2	2,16	9,3	0,				18,56	88,2	1,86	9,24	0,				14,58	91,3					
07-07-2022 06:57:42						19,31	87,9	2,39	9,52	0,			19,90	81,	2,4	9,87	0,			19,69	80,9	2,08	9,28	0,				18,62	88,6	2,	9,24	0,				14,77	91,1					
07-07-2022 07:02:41						19,37	87,6	2,44	9,51	0,			19,90	80,7	2,31	9,87	0,			19,81	82,	2,75	9,29	0,				18,62	88,6	1,96	9,23	0,				14,90	90,3					
07-07-2022 07:07:43						19,50	87,6	2,55	9,52	0,			19,83	81,	2,29	9,88	0,			19,88	80,8	2,18	9,29	0,				18,62	88,6	2,08	9,25	0,				15,08	89,5					
07-07-2022 07:12:41						19,62	88,	2,48	9,52	0,			19,96	81,	2,37	9,88	0,			19,88	82,1	2,31	9,29	0,				18,81	89,1	2,06	9,24	0,				15,46	89,2					
07-07-2022 07:17:42						19,75	88,	2,58	9,5	0,			20,21	81,9	2,31	9,87	0,			20,31	82,8	2,81	9,3	0,				19,25	89,	2,08	9,23	0,				15,15	89,					
07-07-2022 07:22:41						19,93	88,8	2,55	9,51	0,			20,21	80,6	2,56	9,87	0,			20,75	82,	2,58	9,29	0,				19,25	88,6	2,28	9,23	0,				15,21	89,6					
07-07-2022 07:27:41						19,87	88,4	2,39	9,51	0,			20,65	81,	2,29	9,88	0,			20,69	82,4	2,71	9,3	0,				19,56	88,5	1,96	9,23	0,				15,15	89,4					
07-07-2022 07:32:41						19,62	87,6	2,5	9,52	0,			20,40	80,6	2,44	9,87	0,			20,69	81,6	2,61	9,29	0,				19,18	88,2	1,96	9,23	0,				15,02	88,6					
07-07-2022 07:37:42						19,62	87,7	2,59	9,51	0,			20,40	80,5	2,42	9,88	0,			20,69	81,7	2,79	9,3	0,				19,25	88,9	2,08	9,24	0,				15,02	88,9					
07-07-2022 07:42:42						19,87	88,6	2,42	9,49	0,			20,27	80,5	2,41	9,87	0,			20,56	82,	2,67	9,29	0,				19,62	88,6	2,34	9,23	0,				14,96	90,					
07-07-2022 07:47:41						19,93	88,3	2,47	9,5	0,			20,40	81,5	2,11	9,88	0,			20,44	81,9	2,42	9,29	0,				18,87	88,2	1,9	9,25	0,				14,96	89,7					
07-07-2022 07:52:42						19,81	87,7	2,39	9,51	0,			20,52	81,4	2,34	9,87	0,			20,31	81,6	2,75	9,29	0,				19,06	89,	2,05	9,24	0,				14,96	89,2					
07-07-2022 07:57:41						19,62	87,7	2,35	9,52	0,			20,65	81,8	2,21	9,88	0,			20,19	80,5	2,2	9,3	0,				19,00	88,5	1,88	9,23	0,				14,90	88,7					
07-07-2022 08:02:42						19,93	88,1	2,54	9,52	0,			20,58	81,4	2,34	9,87	0,			19,94	82,	2,63	9,3	0,				19,18	88,5	2,01	9,24	0,				15,08	88,4					
07-07-2022 08:07:41						20,37	88,6	2,59	9,52	0,			20,65	81,4	2,35	9,88	0,			20,19	82,	2,62	9,3	0,				18,93	88,5	1,81	9,24	0,				15,21	88,1					
07-07-2022 08:12:42						20,68	88,8	2,52	9,53	0,			20,83	81,1	2,34	9,87	0,			20,31	81,8	2,62	9,29	0,				19,06	88,6	2,02	9,23	0,				15,21	88,2					
07-07-2022 08:17:41						20,18	88,4	2,49	9,52	0,			20,96	81,4	2,22	9,87	0,			20,69	83,3	2,62	9,3	0,				18,87	88,6	2,09	9,24	0,				15,08	88,4					
07-07-2022 08:22:42						19,62	88,4	2,62	9,51	0,			20,96	82,7	2,25	9,88	0,			21,00	82,	2,55	9,29	0,				19,06	88,6	2,07	9,24	0,				14,83	88,1					
07-07-2022 08:27:42						19,56	88,	2,68	9,51	0,			20,71	83,	2,58	9,88	0,			21,06	83,2	2,73	9,3	0,				19,50	88,6	2,37	9,23	0,				14,90	87,9					
07-07-2022 08:32:41						19,25	88,8	2,5	9,51	0,			20,27	82,	2,34	9,87	0,			20,69	82,4	2,69	9,3	0,				20,00	89,6	2,48	9,24	0,				14,96	87,6					
07-07-2022 08:37:42						19,31	88,9	2,59	9,51	0,			20,33	82,2	2,22	9,87	0,			20,31	82,8	2,65	9,29	0,				19,25	88,1	2,15	9,24	0,				15,15	87,6					
07-07-2022 08:42:41						19,37	88,8	2,48	9,52	0,			20,08	82,2	2,38	9,87	0,			19,88	81,9	2,16	9,3	0,				19,06	88,6	2,02	9,23	0,				15,33	87,3					
07-07-2022 08:47:42						19,43	89,2	2,4	9,52	0,			20,21	82,6	2,33	9,87	0,			19,63	81,7	2,25	9,3	0,				18,75	89,	1,92	9,23	0,				15,40	86,7					
07-07-2022 08:52:41						19,37	88,8	2,56	9,52	0,			20,27	82,2	2,31	9,87	0,			19,44	82,3	2,13	9,29	0,				18,87	89,6	1,94	9,25	0,				15,40	86,3					
07-07-2022 08:57:42						19,31	88,8	2,38	9,51	0,			20,46	83,	2,4	9,87	0,			19,31	83,2	2,3	9,29	0,				18,68	89,8	1,99	9,24	0,				15,83	86,					
07-07-2022 09:02:42						19,31	88,4	2,42	9,51	0,			20,40	81,5	2,47	9,87	0,			19,50	82,8	2,13	9,3	0,				18,75	89,7	2,09	9,23	0,				15,90	85,6					
07-07-2022 09:07:42						19,68	90,	2,5	9,51	0,			20,27	81,4	2,43	9,87	0,			19,50	82,8	2,03	9,29	0,				19,00	89,8	2,01	9,24	0,				15,83	84,5					
07-07-2022 09:09:31						20,18	89,9	2,48	9,48	0,			20,21	81,	2,31	9,88	0,			19,50	82,8	2,48	9,29	0,				18,68	89,4	2,03	9,24	0,				15,83	84,4					
07-07-2022 09:09:55						20,31	90,	2,48	9,5	0,			20,27	81,4	2,43	9,87	0,			19,56	82,8	2,37	9,3	0,				18,87	89,6	2,11	9,23	0,				15,71	84,4					
07-07-2022 09:12:43						20,37	89,2	2,65	9,51	0,			20,96	84,1	2,47	9,87	0,			19,63	83,3	2,2	9,28	0,				18,87	89,5	1,99	9,23	0,				15,77	84,					
07-07-2022 09:14:37						20,31	88,4	2,46	9,52	0,			21,21	83,8	2,36	9,87	0,			19,75	83,2	2,66	9,3	0,				18,93	89,7	2,	9,24	0,				15,96	84,2					
07-07-2022 09:17:42						20,00	87,8	2,55	9,51	0,			21,52	83,4	2,28	9,87	0,			20,00	83,6	2,69	9,3	0,				18,81	89,4	2,11	9,24	0,				15,83	83,6					
07-07-2022 09:18:50						20,00	88,	2,5	9,51	0,			21,40	82,2	2,3	9,87	0,			20,19	83,8	2,66	9,29	0,				18,75	89,4	2,29	9,24	0,				15,96	83,7					
07-07-2022 09:19:10						20,00	87,7	2,48	9,52	0,			21,40	81,5	2,37	9,88	0,			20,31	83,4	2,72	9,29	0,				18,75	89,4	2,13	9,24	0,				15,96	84,					
07-07-2022 09:19:31						20,00	87,7	2,64	9,52	0,			21,33	81,8	2,37	9,88	0,			20,38	84,	2,65	9,29	0,				18,68	89,4	2,04	9,23	0,				15,96	84,					
07-07-2022 09:22:43						19,87	87,8	2,37	9,52	0,			20,96	81,2	2,32	9,88	0,			20,81	82,4	2,64	9,3	0,				18,75	89,5	2,06	9,25	0,				15,96	83,2					
07-07-2022 09:23:56						19,93	88,	2,58	9,52	0,			20,90	81,2	2,2	9,87	0,			20,88	82,6	2,61	9,28	0,				19,00	90,	2,05	9,23	0,				16,08	83,5					
07-07-2022 09:27:41						20,12	88,4	2,54	9,52	0,			20,77	80,6	2,28	9,88	0,			21,00	82,	2,66	9,3	0,				19,18	90,2	2,03	9,24	0,				16,21	82,8					
07-07-2022 09:32:42						20,06	87,6	2,63	9,51	0,			20,58	80,2	2,28	9,88	0,			20,63	81,3	2,65	9,29	0,				19,25	89,8	1,78	9,25	0,				16,08	81,3					
07-07-2022 09:37:41						20,31	88,1	2,44	9,51	0,			20,71	81,	2,23	9,87	0,			20,50	81,2	2,74	9,29	0,				19,18	89,4	2,09	9,25	0,				16,21	82,1					
07-07-2022 09:40:21						20,12	87,5	2,51	9,51	0,			20,65	80,2	2,19	9,88	0,			20,50	81,	2,67	9,29	0,				19,18	89,4	1,99	9,24	0,				16,27	82,2					
07-07-2022 09:42:43						20,12	87,7	2,42	9,49	0,			20,71	80,2	2,37	9,88	0,			20,56	81,2	2,61	9,29	0,				19,06	89,2	2,24	9,24	0,				16,33	82,					
07-07-2022 09:47:42						20,12	87,2	2,42	9,49	0,			20,77	80,1	2,35	9,88	0,			20,75	81,2	2,58	9,29	0,				19,37	89,5	2,11	9,22	0,				17,02	80,8					
07-07-2022 09:52:43						20,18	87,	2,28	9,51	0,			21,15	80,2	2,2	9,88	0,			20,94	81,	2,73	9,3	0,				19,37	89,8	2,07	9,23	0,				17,33	79,6					
07-07-2022 09:57:43						20,31	87,3	2,43	9,51	0,			21,40	79,4	2,22	9,88	0,			21,19	80,8	2,68	9,29	0,				20,12	89,4	2,53	9,24	0,				16,96	78,2					
07-07-2022 10:02:41						20,18	86,6	2,48	9,52	0,			21,46	79,	2,44	9,88	0,			21,38	80,6	2,61	9,3	0,				20,50	87,4	2,3	9,23	0,				17,02	79,5					
07-07-2022 10:07:42						20,18	86,5	2,67	9,51	0,			21,40	78,5	2,48	9,87	0,			21,31	80,7	2,76	9,3	0,				20,68	86,6	2,43	9,25	0,				17,02	78,4					
07-07-2022 10:12:42						20,18	86,2	2,73	9,51	0,			21,46	78,1	2,57	9,88	0,			21,31	80,3	2,72	9,3	0,				20,56	85,9	2,3	9,25	0,				16,90	78,4					
07-07-2022 10:17:44						20,18	86,2	2,69	9,51	0,			21,46	77,8	2,34	9,87	0,			21,31	80,4	2,6	9,29	0,				20,75	86,	2,38	9,23	0,				17,15	78,9					
07-07-2022 10:22:41						20,31	86,1	2,47	9,51	0,			21,52	77,8	2,42	9,87	0,			21,31	80,2	2,65	9,3	0,				20,81	85,1	2,39	9,25	0,				17,02	78,4					
07-07-2022 10:27:43						20,43	86,3	2,52	9,52	0,			21,58	77,7	2,33	9,88	0,			21,38	80,4	2,65	9,3	0,				20,68	85,	2,42	9,24	0,				17,46	78,8					
07-07-2022 10:32:41						20,75	86,4	2,4	9,53	0,			21,77	77,9	2,26	9,88	0,			21,63	80,5	2,64	9,29	0,				21,25	85,1	2,51	9,24	0,				18,08	77,2					
07-07-2022 10:37:43						20,87	85,7	2,35	9,51	0,			21,83	77,	2,32	9,88	0,			21,94	80,1	2,77	9,3	0,				21,25	84,2	2,41	9,23	0,				17,40	75,1					
07-07-2022 10:42:43						20,87	85,3	2,35	9,53	0,			21,83	76,2	2,39	9,87	0,			21,81	79,8	2,65	9,3	0,				21,37	84,7	2,43	9,24	0,				17,65	77,7					
07-07-2022 10:47:42						21,00	85,3	2,45	9,53	0,			21,96	76,6	2,4	9,88	0,			21,75	80,	2,7	9,29	0,				21,43	84,4	2,3	9,26	0,				18,02	74,9					
07-07-2022 10:52:43						21,25	85,4	2,31	9,52	0,			22,15	76,6	2,36	9,88	0,			21,88	80,	2,71	9,29	0,				21,37	83,9	2,39	9,24	0,				17,83	73,8					
07-07-2022 10:57:42						21,43	85,1	2,5	9,53	0,			22,46	76,7	2,35	9,88	0,			22,13	80,	2,54	9,3	0,				21,75	84,2	2,48	9,24	0,				18,52	74,1					
07-07-2022 11:02:43						21,56	84,9	2,31	9,5	0,			22,65	76,5	2,45	9,88	0,			22,31	79,6	2,65	9,29	0,				22,12	83,4	2,39	9,24	0,				18,65	74,1					
07-07-2022 11:07:42						21,62	84,5	2,37	9,53	0,			22,77	75,7	2,25	9,88	0,			22,50	79,2	2,65	9,3	0,				22,12	82,4	2,39	9,24	0,				18,02	72,9					
07-07-2022 11:12:43						21,68	84,5	2,5	9,51	0,			22,58	75,4	2,36	9,88	0,			22,44	79,5	2,6	9,3	0,				22,25	82,6	2,59	9,24	0,				18,33	73,4					
07-07-2022 11:17:43						22,00	84,7	2,43	9,52	0,			22,90	75,1	2,23	9,88	0,			22,56	79,4	2,6	9,29	0,				22,43	82,3	2,49	9,26	0,				18,96	73,4					
07-07-2022 11:22:43						22,31	84,9	2,54	9,52	0,			22,96	75,4	2,25	9,88	0,			22,75	79,6	2,59	9,29	0,				22,68	82,	2,39	9,26	0,				18,96	72,5					
07-07-2022 11:27:43						22,12	84,1	2,33	9,51	0,			22,90	74,7	2,36	9,88	0,			22,88	79,2	2,69	9,31	0,				22,25	81,5	2,4	9,24	0,				18,08	72,8					
07-07-2022 11:32:42						21,81	83,8	2,38	9,52	0,			22,96	74,1	2,31	9,88	0,			22,81	79,6	2,81	9,29	0,				22,37	82,3	2,53	9,25	0,				18,21	72,5					
07-07-2022 11:37:44						22,12	84,5	2,3	9,51	0,			22,96	75,	2,26	9,88	0,			22,75	79,4	2,68	9,3	0,				22,25	82,4	2,33	9,24	0,				18,77	74,1					
07-07-2022 11:42:42						22,12	84,1	2,48	9,52	0,			23,02	74,7	2,35	9,88	0,			22,63	79,2	2,61	9,3	0,				22,06	81,6	2,38	9,25	0,				18,21	72,9					
07-07-2022 11:47:43						21,93	84,1	2,42	9,53	0,			22,83	74,7	2,41	9,88	0,			22,44	79,2	2,63	9,3	0,				21,87	82,	2,54	9,25	0,				18,27	73,7					
07-07-2022 11:52:43						22,00	84,5	2,53	9,52	0,			22,90	74,8	2,3	9,88	0,			22,44	79,2	2,69	9,3	0,				21,75	81,9	2,42	9,25	0,				18,21	71,7					
07-07-2022 11:57:43						21,93	84,1	2,5	9,51	0,			22,71	74,3	2,34	9,88	0,			22,50	78,9	2,69	9,31	0,				21,87	81,6	2,51	9,25	0,				18,58	72,1					
07-07-2022 12:02:42						22,31	83,7	2,34	9,51	0,			22,96	74,2	2,29	9,88	0,			22,63	79,	2,52	9,29	0,				22,00	81,9	2,6	9,24	0,				19,02	70,5					
07-07-2022 12:07:42						22,43	83,7	2,28	9,52	0,			23,21	75,4	2,35	9,88	0,			22,81	78,9	2,53	9,3	0,				22,37	81,5	2,61	9,24	0,				18,90	69,1					
07-07-2022 12:12:43						22,31	83,3	2,35	9,51	0,			23,15	74,8	2,33	9,87	0,			22,88	79,1	2,63	9,31	0,				22,37	81,3	2,47	9,25	0,				18,71	69,2					
07-07-2022 12:17:42						22,31	83,6	2,43	9,51	0,			23,02	74,2	2,43	9,88	0,			23,00	79,4	2,56	9,31	0,				22,37	81,1	2,44	9,25	0,				18,65	70,1					
07-07-2022 12:22:44						22,25	83,5	2,41	9,53	0,			23,02	73,9	2,34	9,88	0,			23,00	78,8	2,64	9,3	0,				22,31	81,1	2,34	9,25	0,				18,90	70,8					
07-07-2022 12:27:42						22,62	83,8	2,29	9,53	0,			23,08	74,1	2,44	9,88	0,			22,88	78,8	2,62	9,3	0,				22,25	80,7	2,34	9,25	0,				18,71	69,7					
07-07-2022 12:32:43						22,62	84,1	2,24	9,52	0,			22,96	73,8	2,38	9,88	0,			22,75	78,8	2,47	9,3	0,				22,18	80,4	2,52	9,25	0,				18,71	70,3					
07-07-2022 12:37:43						22,43	83,8	2,3	9,53	0,			23,02	73,8	2,39	9,87	0,			22,75	78,8	2,59	9,3	0,				22,12	80,7	2,35	9,26	0,				18,71	69,6					
07-07-2022 12:42:43						22,37	83,7	2,39	9,52	0,			23,15	74,2	2,48	9,88	0,			22,75	78,9	2,65	9,29	0,				22,06	80,7	2,56	9,24	0,				18,65	70,5					
07-07-2022 12:47:41						22,25	83,7	2,34	9,52	0,			22,90	73,9	2,26	9,88	0,			22,81	79,2	2,64	9,31	0,				22,00	80,6	2,31	9,25	0,				18,52	71,2					
07-07-2022 12:52:44						22,18	83,7	2,31	9,51	0,			22,65	74,2	2,19	9,88	0,			22,81	78,8	2,58	9,3	0,				22,00	81,	2,39	9,25	0,				18,33	70,1					
07-07-2022 12:57:44						22,25	83,7	2,35	9,52	0,			22,77	74,2	2,33	9,88	0,			22,69	78,4	2,48	9,31	0,				21,75	80,3	2,52	9,24	0,				18,40	69,3					
07-07-2022 13:02:42						22,25	83,7	2,34	9,51	0,			22,90	74,4	2,32	9,89	0,			22,69	78,6	2,68	9,3	0,				21,68	80,5	2,42	9,25	0,				18,58	69,3					
07-07-2022 13:07:43						22,37	83,5	2,43	9,52	0,			22,90	74,2	2,22	9,88	0,			22,88	78,9	2,72	9,3	0,				21,87	80,7	2,59	9,24	0,				19,02	68,1					
07-07-2022 13:12:42						22,62	83,7	2,64	9,51	0,			23,08	74,6	2,5	9,89	0,			23,25	79,2	2,49	9,3	0,				22,25	80,7	2,47	9,24	0,				19,02	66,9					
07-07-2022 13:17:43						22,68	83,3	2,48	9,52	0,			23,15	74,4	2,47	9,88	0,			23,19	79,	2,52	9,31	0,				22,12	80,2	2,51	9,23	0,				18,90	67,4					
07-07-2022 13:22:42						22,68	83,7	2,33	9,52	0,			23,21	74,6	2,41	9,89	0,			23,19	79,	2,64	9,3	0,				22,25	80,3	2,47	9,25	0,				19,08	68,3					
07-07-2022 13:27:43						22,81	83,7	2,39	9,52	0,			23,52	75,	2,31	9,88	0,			23,19	79,4	2,67	9,3	0,				22,62	81,8	2,54	9,26	0,				19,52	68,5					
07-07-2022 13:32:43						23,18	83,7	2,47	9,52	0,			23,65	74,9	2,36	9,88	0,			23,19	79,2	2,68	9,3	0,				22,75	80,3	2,31	9,24	0,				19,96	68,2					
07-07-2022 13:37:42						23,37	84,	2,28	9,53	0,			24,02	76,1	2,31	9,88	0,			23,69	79,6	2,72	9,3	0,				23,12	81,9	2,45	9,26	0,				20,08	67,3					
07-07-2022 13:42:42						23,68	83,7	2,44	9,53	0,			24,33	75,	2,34	9,88	0,			23,81	78,8	2,53	9,29	0,				23,43	80,1	2,35	9,25	0,				19,46	65,3					
07-07-2022 13:47:41						23,56	83,2	2,74	9,52	0,			24,08	74,5	2,29	9,88	0,			23,75	79,2	2,64	9,3	0,				23,37	79,5	2,4	9,24	0,				19,71	65,7					
07-07-2022 13:52:42						23,75	83,5	2,45	9,52	0,			24,15	74,6	2,28	9,89	0,			23,81	78,8	2,54	9,3	0,				23,06	80,	2,55	9,25	0,				20,46	67,7					
07-07-2022 13:57:41						23,75	83,3	2,47	9,49	0,			23,96	74,2	2,36	9,89	0,			23,69	78,4	2,63	9,3	0,				23,18	79,	2,56	9,26	0,				19,21	66,9					
07-07-2022 14:02:42						23,68	83,1	2,37	9,53	0,			24,21	75,	3,1	9,89	0,			23,63	78,6	2,62	9,3	0,				23,50	80,7	2,55	9,26	0,				20,40	67,7					
07-07-2022 14:07:42						23,87	83,3	2,53	9,52	0,			24,33	74,6	3,06	9,89	0,			23,81	78,8	2,64	9,29	0,				23,75	79,9	2,42	9,25	0,				19,58	66,6					
07-07-2022 14:12:43						23,93	83,4	2,59	9,53	0,			24,08	73,8	2,83	9,88	0,			23,81	78,7	2,79	9,3	0,				23,68	79,9	2,48	9,26	0,				20,02	65,7					
07-07-2022 14:17:41						24,12	83,4	2,28	9,52	0,			24,33	74,2	2,98	9,88	0,			24,00	78,8	2,77	9,31	0,				23,75	79,1	2,4	9,25	0,				20,46	66,7					
07-07-2022 14:22:42						24,18	83,3	2,45	9,52	0,			24,58	73,6	3,11	9,88	0,			24,13	78,	2,59	9,31	0,				23,68	78,3	2,44	9,26	0,				20,46	64,					
07-07-2022 14:27:41						24,18	82,9	2,53	9,53	0,			24,52	73,4	3,08	9,88	0,			24,19	78,4	2,68	9,31	0,				23,87	79,4	2,72	9,25	0,				19,71	64,					
07-07-2022 14:32:42						24,62	83,7	2,72	9,52	0,			24,52	73,4	3,16	9,88	0,			24,06	78,	2,73	9,3	0,				23,81	79,6	2,45	9,24	0,				19,90	65,7					
07-07-2022 14:37:42						24,50	84,1	2,39	9,52	0,			24,46	74,2	3,2	9,88	0,			24,06	78,1	2,67	9,3	0,				23,75	79,1	2,61	9,25	0,				20,08	67,4					
07-07-2022 14:42:42						24,37	83,8	2,44	9,52	0,			24,58	75,	2,78	9,87	0,			24,06	78,	2,67	9,3	0,				24,06	79,1	2,67	9,26	0,				20,08	64,5					
07-07-2022 14:47:41						24,06	83,7	2,34	9,52	0,			24,71	75,7	3,01	9,89	0,			24,44	79,2	2,55	9,31	0,				24,12	79,9	2,68	9,25	0,				20,33	68,1					
07-07-2022 14:52:42						24,06	83,7	2,63	9,52	0,			24,58	74,7	2,85	9,88	0,			24,63	80,	2,64	9,3	0,				24,31	80,3	2,48	9,25	0,				20,27	67,7					
07-07-2022 14:57:42						24,12	83,1	2,49	9,53	0,			24,46	74,3	3,16	9,88	0,			24,63	79,6	2,63	9,31	0,				24,37	79,9	2,56	9,26	0,				20,65	67,7					
07-07-2022 15:02:41						24,18	83,	2,56	9,52	0,			24,65	75,4	2,94	9,88	0,			24,38	79,2	2,7	9,29	0,				24,12	79,9	2,55	9,25	0,				20,40	66,1					
07-07-2022 15:07:42						24,31	82,5	2,43	9,51	0,			24,52	73,4	2,91	9,88	0,			24,19	78,8	2,59	9,31	0,				23,81	78,9	2,41	9,25	0,				20,33	65,4					
07-07-2022 15:12:42						24,50	81,7	2,3	9,52	0,			24,52	73,	2,97	9,88	0,			24,19	77,9	2,68	9,31	0,				23,87	78,4	2,52	9,26	0,				20,40	62,2					
07-07-2022 15:17:41						24,25	81,4	2,51	9,53	0,			24,46	72,2	2,99	9,88	0,			24,06	77,4	2,64	9,3	0,				23,87	77,4	2,37	9,25	0,				20,33	64,2					
07-07-2022 15:22:42						24,25	81,2	2,37	9,55	0,			24,52	72,6	3,01	9,88	0,			24,00	77,2	2,68	9,29	0,				23,75	76,7	2,55	9,26	0,				20,46	63,6					
07-07-2022 15:27:41						24,25	80,8	2,27	9,53	0,			24,40	72,	3,2	9,88	0,			24,00	76,9	2,65	9,29	0,				23,75	76,9	2,5	9,25	0,				20,27	62,5					
07-07-2022 15:32:43						24,25	80,7	2,59	9,52	0,			24,46	71,4	2,99	9,89	0,			24,00	76,8	2,76	9,31	0,				23,56	76,3	2,46	9,26	0,				20,21	63,7					
07-07-2022 15:37:41						24,50	80,7	2,53	9,53	0,			24,40	71,7	3,07	9,88	0,			23,88	76,7	2,68	9,3	0,				23,62	77,	2,62	9,26	0,				20,46	64,9					
07-07-2022 15:42:42						24,31	81,3	2,56	9,53	0,			24,52	72,6	3,06	9,88	0,			24,00	77,2	2,58	9,3	0,				23,93	77,3	2,55	9,25	0,				20,83	65,3					
07-07-2022 15:47:41						24,62	81,3	2,49	9,51	0,			24,77	72,2	3,06	9,88	0,			24,06	77,6	2,76	9,3	0,				24,06	77,3	2,5	9,25	0,				20,90	65,5					
07-07-2022 15:52:42						24,68	80,9	2,37	9,52	0,			24,83	71,4	3,	9,88	0,			24,25	77,2	2,61	9,3	0,				23,93	76,7	2,46	9,25	0,				20,52	63,3					
07-07-2022 15:57:42						24,81	80,6	2,42	9,53	0,			24,90	71,4	2,93	9,87	0,			24,31	77,2	2,67	9,29	0,				24,06	76,7	2,42	9,26	0,				20,40	62,5					
07-07-2022 16:02:41						24,81	80,4	2,46	9,53	0,			24,83	71,	2,94	9,88	0,			24,31	76,4	2,62	9,31	0,				24,06	76,	2,4	9,24	0,				20,58	63,					
07-07-2022 16:07:42						25,06	81,3	2,27	9,53	0,			24,96	71,3	2,93	9,88	0,			24,31	76,8	2,6	9,3	0,				24,12	76,5	2,5	9,25	0,				20,71	64,5					
07-07-2022 16:12:42						25,06	80,6	2,48	9,53	0,			25,02	71,3	2,89	9,88	0,			24,31	76,6	2,57	9,31	0,				24,25	76,	2,36	9,25	0,				20,08	64,5					
07-07-2022 16:17:43						24,75	79,7	2,36	9,53	0,			24,90	70,8	3,12	9,89	0,			24,19	75,7	2,53	9,31	0,				23,81	75,2	2,31	9,25	0,				20,52	64,8					
07-07-2022 16:22:41						25,00	79,7	2,36	9,53	0,			24,96	70,3	2,92	9,88	0,			24,38	75,7	2,71	9,31	0,				23,93	75,1	2,3	9,25	0,				21,15	61,					
07-07-2022 16:27:42						24,87	78,5	2,33	9,54	0,			25,15	69,1	3,06	9,87	0,			24,44	74,8	2,43	9,3	0,				24,12	74,1	2,5	9,25	0,				20,83	59,3					
07-07-2022 16:32:41						24,75	78,9	2,44	9,53	0,			24,96	69,	2,95	9,89	0,			24,38	74,7	2,6	9,3	0,				24,06	74,2	2,46	9,24	0,				20,58	61,5					
07-07-2022 16:37:42						24,87	78,3	2,35	9,53	0,			24,96	68,4	3,07	9,89	0,			24,31	74,	2,67	9,29	0,				24,00	73,1	2,55	9,25	0,				20,65	60,5					
07-07-2022 16:42:42						25,06	78,4	2,43	9,52	0,			25,08	69,	3,01	9,88	0,			24,38	74,5	2,65	9,3	0,				24,00	73,9	2,62	9,24	0,				20,71	59,9					
07-07-2022 16:47:41						25,12	78,2	2,46	9,53	0,			25,21	69,	3,14	9,88	0,			24,44	74,1	2,58	9,3	0,				24,00	73,2	2,49	9,24	0,				20,96	59,5					
07-07-2022 16:52:42						25,12	77,7	2,41	9,52	0,			25,27	68,6	2,91	9,89	0,			24,56	74,4	2,58	9,31	0,				24,00	73,7	2,4	9,25	0,				21,15	57,7					
07-07-2022 16:57:42						25,25	76,8	2,36	9,53	0,			25,46	68,4	2,95	9,89	0,			24,63	73,9	2,68	9,31	0,				24,18	72,9	2,48	9,25	0,				21,15	57,4					
07-07-2022 17:02:42						25,37	77,9	2,32	9,54	0,			25,40	68,3	2,97	9,89	0,			24,69	74,1	2,64	9,3	0,				24,43	73,1	2,47	9,25	0,				21,33	57,1					
07-07-2022 17:07:41						25,50	77,	2,39	9,53	0,			25,58	68,6	3,11	9,88	0,			24,75	73,6	2,45	9,31	0,				24,18	71,9	2,42	9,25	0,				21,33	58,1					
07-07-2022 17:12:41						25,43	76,5	2,39	9,52	0,			25,52	67,7	3,03	9,88	0,			24,81	72,4	2,59	9,3	0,				24,18	71,5	2,48	9,25	0,				21,02	54,1					
07-07-2022 17:17:42						25,31	76,1	2,37	9,54	0,			25,40	67,1	3,04	9,89	0,			24,75	72,	2,58	9,3	0,				24,37	71,1	2,6	9,25	0,				21,15	56,1					
07-07-2022 17:22:42						25,25	76,9	2,24	9,52	0,			25,40	67,7	3,04	9,88	0,			24,63	72,8	2,47	9,3	0,				24,12	71,1	2,32	9,25	0,				21,21	55,9					
07-07-2022 17:27:42						25,50	77,3	2,51	9,52	0,			25,65	68,6	2,7	9,88	0,			24,69	73,	2,59	9,3	0,				24,25	71,9	2,41	9,25	0,				21,33	57,6					
07-07-2022 17:32:41						25,37	76,9	2,25	9,52	0,			25,58	69,4	2,97	9,88	0,			24,69	74,1	2,65	9,31	0,				24,12	72,7	2,47	9,25	0,				21,65	58,9					
07-07-2022 17:37:43						25,50	77,3	2,41	9,52	0,			25,52	69,3	2,95	9,88	0,			24,63	74,	2,59	9,3	0,				23,93	73,1	2,29	9,25	0,				21,21	60,					
07-07-2022 17:42:42						25,43	78,4	2,49	9,53	0,			25,65	69,8	2,78	9,89	0,			24,69	74,9	2,6	9,3	0,				24,12	73,5	2,47	9,25	0,				21,15	58,9					
07-07-2022 17:47:43						25,37	78,2	2,62	9,53	0,			25,77	70,6	3,03	9,88	0,			24,81	75,6	2,68	9,31	0,				24,18	73,5	2,48	9,27	0,				21,21	59,7					
07-07-2022 17:52:41						25,31	78,9	2,29	9,53	0,			25,65	69,7	3,15	9,89	0,			24,88	75,6	2,63	9,31	0,				24,12	74,3	2,26	9,24	0,				21,21	61,1					
07-07-2022 17:57:43						25,37	78,3	2,5	9,54	0,			25,58	69,5	3,25	9,88	0,			24,75	75,2	2,61	9,31	0,				24,37	74,3	2,42	9,26	0,				21,08	60,6					
07-07-2022 18:02:42						25,37	79,3	2,36	9,53	0,			25,46	69,4	2,98	9,88	0,			24,69	75,2	2,48	9,31	0,				24,00	74,4	2,33	9,24	0,				20,65	59,5					
07-07-2022 18:07:42						25,12	79,8	2,46	9,52	0,			25,40	69,4	2,9	9,89	0,			24,63	74,8	2,47	9,31	0,				24,00	73,9	2,42	9,25	0,				20,65	60,2					
07-07-2022 18:12:43						25,31	80,1	2,53	9,51	0,			25,40	69,5	2,99	9,89	0,			24,63	75,6	2,62	9,3	0,				23,93	74,3	2,41	9,25	0,				21,33	62,5					
07-07-2022 18:17:41						24,93	79,	2,29	9,52	0,			25,40	69,2	2,93	9,88	0,			24,56	74,8	2,49	9,3	0,				23,75	73,7	2,43	9,24	0,				20,71	58,1					
07-07-2022 18:22:42						25,06	78,2	2,4	9,53	0,			25,40	70,3	2,99	9,89	0,			24,44	74,6	2,77	9,3	0,				23,75	73,5	2,45	9,25	0,				20,71	59,8					
07-07-2022 18:27:41						25,00	79,	2,36	9,52	0,			25,21	68,6	3,22	9,89	0,			24,50	75,3	2,59	9,32	0,				23,81	73,7	2,57	9,26	0,				20,33	58,5					
07-07-2022 18:32:42						25,00	79,	2,42	9,52	0,			25,02	69,4	3,01	9,89	0,			24,31	75,	2,56	9,3	0,				23,68	74,3	2,63	9,24	0,				20,40	59,7					
07-07-2022 18:37:42						24,81	77,7	2,63	9,52	0,			25,15	69,4	3,04	9,89	0,			24,25	75,2	2,83	9,31	0,				23,50	74,3	2,43	9,25	0,				20,58	59,6					
07-07-2022 18:42:42						24,68	78,8	2,44	9,52	0,			25,08	70,5	2,99	9,89	0,			24,13	75,6	2,67	9,3	0,				23,43	74,1	2,35	9,25	0,				20,65	61,5					
07-07-2022 18:47:41						24,75	79,4	2,35	9,52	0,			25,15	70,3	3,03	9,89	0,			24,25	76,	2,52	9,3	0,				23,56	75,	2,48	9,25	0,				20,33	59,3					
07-07-2022 18:52:43						24,75	79,7	2,43	9,54	0,			25,33	70,8	2,97	9,87	0,			24,25	76,8	2,77	9,3	0,				23,25	74,7	2,16	9,26	0,				20,08	58,1					
07-07-2022 18:57:42						24,62	79,7	2,39	9,53	0,			24,96	71,	3,06	9,88	0,			24,06	75,2	2,7	9,3	0,				23,31	73,6	2,37	9,25	0,				20,21	58,9					
07-07-2022 19:02:41						24,37	79,8	2,47	9,52	0,			24,96	71,4	2,99	9,88	0,			24,19	77,2	2,48	9,3	0,				23,25	74,3	2,37	9,24	0,				20,08	60,1					
07-07-2022 19:07:42						24,12	79,8	2,39	9,52	0,			24,71	72,1	3,25	9,88	0,			24,38	77,1	2,75	9,31	0,				23,12	75,1	2,4	9,24	0,				20,33	62,9					
07-07-2022 19:12:41						23,87	80,2	2,46	9,53	0,			24,46	72,3	3,11	9,88	0,			24,38	78,4	2,68	9,31	0,				23,25	75,9	2,31	9,24	0,				20,33	61,4					
07-07-2022 19:17:41						23,87	80,	2,52	9,53	0,			24,52	72,6	3,07	9,89	0,			24,06	78,	2,68	9,32	0,				23,37	77,	2,42	9,24	0,				19,96	60,5					
07-07-2022 19:22:42						23,56	79,7	2,45	9,5	0,			24,40	71,9	3,02	9,88	0,			23,81	78,3	2,71	9,3	0,				22,93	76,8	2,41	9,25	0,				19,96	61,3					
07-07-2022 19:27:42						23,93	80,7	2,61	9,51	0,			24,15	71,8	3,24	9,88	0,			23,44	77,6	2,74	9,32	0,				22,62	76,7	2,48	9,25	0,				19,71	60,5					
07-07-2022 19:32:41						23,87	80,9	2,47	9,51	0,			23,83	71,3	2,94	9,89	0,			23,44	77,4	2,64	9,3	0,				22,68	76,9	2,35	9,25	0,				19,83	53,3					
07-07-2022 19:37:42						23,68	80,5	2,53	9,52	0,			23,58	71,	2,99	9,88	0,			23,38	77,2	2,7	9,3	0,				22,25	76,3	2,47	9,25	0,				19,71	52,1					
07-07-2022 19:42:42						23,37	80,5	2,5	9,52	0,			23,58	71,4	3,04	9,88	0,			23,31	77,	2,74	9,3	0,				22,12	77,1	2,37	9,24	0,				19,65	52,9					
07-07-2022 19:47:42						23,12	80,5	2,41	9,52	0,			23,52	71,7	2,92	9,88	0,			23,13	76,8	2,74	9,31	0,				22,06	77,1	2,38	9,25	0,				19,27	52,2					
07-07-2022 19:52:43						23,00	80,5	2,49	9,52	0,			23,40	72,1	2,93	9,87	0,			23,00	77,3	2,75	9,31	0,				21,87	77,1	2,42	9,25	0,				18,96	52,9					
07-07-2022 19:57:41						22,87	80,9	2,45	9,52	0,			23,33	72,6	3,01	9,88	0,			23,00	78,1	2,63	9,3	0,				21,75	77,5	2,48	9,25	0,				18,96	53,3					
07-07-2022 20:02:42						22,68	80,9	2,54	9,51	0,			23,21	72,2	3,16	9,88	0,			22,81	78,	2,58	9,31	0,				21,62	77,6	2,45	9,24	0,				18,90	55,3					
07-07-2022 20:07:42						22,43	80,8	2,44	9,52	0,			23,08	72,4	3,05	9,88	0,			22,69	78,7	2,77	9,3	0,				21,31	77,7	2,47	9,25	0,				18,83	55,8					
07-07-2022 20:12:42						22,50	81,3	2,41	9,52	0,			22,90	72,7	3,03	9,87	0,			22,63	78,3	2,64	9,3	0,				21,43	77,9	2,49	9,25	0,				18,77	55,3					
07-07-2022 20:17:41						22,37	80,9	2,43	9,52	0,			22,90	72,3	3,02	9,87	0,			22,50	78,4	2,67	9,31	0,				21,12	77,7	2,45	9,25	0,				18,58	56,					
07-07-2022 20:22:42						22,31	80,9	2,55	9,51	0,			22,71	72,2	3,2	9,88	0,			22,25	78,4	2,69	9,3	0,				21,18	77,9	2,24	9,23	0,				18,65	55,3					
07-07-2022 20:27:42						22,31	81,3	2,42	9,51	0,			22,65	72,6	3,24	9,88	0,			22,06	78,4	2,6	9,3	0,				21,25	78,2	2,3	9,25	0,				18,65	56,2					
07-07-2022 20:32:41						22,18	81,3	2,42	9,52	0,			22,46	72,5	3,15	9,88	0,			22,13	78,5	2,69	9,3	0,				21,06	78,1	2,22	9,25	0,				19,71	56,2					
07-07-2022 20:37:43						22,18	81,7	2,54	9,54	0,			22,40	72,7	2,87	9,87	0,			22,06	78,6	2,59	9,3	0,				21,06	78,3	2,4	9,24	0,				19,90	56,1					
07-07-2022 20:42:41						22,12	81,8	2,41	9,51	0,			22,27	72,6	2,99	9,87	0,			22,06	78,	2,83	9,29	0,				20,87	78,	2,49	9,24	0,				20,15	57,1					
07-07-2022 20:47:42						22,06	81,7	2,38	9,52	0,			22,15	72,6	3,14	9,87	0,			21,94	78,2	2,74	9,3	0,				20,93	78,3	2,26	9,24	0,				19,83	56,9					
07-07-2022 20:52:41						21,93	81,3	2,53	9,52	0,			21,96	72,6	3,25	9,87	0,			21,81	78,	2,73	9,31	0,				20,93	78,5	2,31	9,26	0,				19,71	59,7					
07-07-2022 20:57:42						21,75	81,7	2,69	9,52	0,			22,08	73,	3,2	9,87	0,			21,75	78,	2,77	9,3	0,				20,87	78,9	2,26	9,25	0,				19,52	59,7					
07-07-2022 21:02:41						21,81	82,1	2,42	9,53	0,			22,02	73,	3,05	9,87	0,			21,63	78,2	2,74	9,29	0,				20,75	78,3	2,26	9,24	0,				18,90	62,9					
07-07-2022 21:07:42						21,37	81,9	2,61	9,53	0,			21,96	73,2	3,21	9,87	0,			21,50	78,1	2,64	9,29	0,				20,68	78,6	2,44	9,24	0,				18,52	64,9					
07-07-2022 21:12:42						21,50	82,2	2,54	9,52	0,			21,90	73,2	3,01	9,88	0,			21,44	78,4	2,77	9,29	0,				20,43	78,5	2,34	9,25	0,				18,15	68,5					
07-07-2022 21:17:41						21,37	82,3	2,49	9,51	0,			21,71	73,	3,05	9,88	0,			21,38	78,4	2,87	9,3	0,				20,37	79,1	2,53	9,25	0,				17,71	70,1					
07-07-2022 21:22:42						21,00	82,3	2,39	9,52	0,			21,71	73,5	3,02	9,88	0,			21,31	78,4	2,63	9,3	0,				20,37	79,5	2,3	9,25	0,				17,58	72,2					
07-07-2022 21:27:41						21,18	82,9	2,57	9,5	0,			21,65	74,1	3,03	9,88	0,			21,31	78,6	2,64	9,31	0,				20,25	79,4	2,27	9,25	0,				16,65	74,4					
07-07-2022 21:32:42						21,00	82,5	2,49	9,52	0,			21,46	73,4	3,14	9,87	0,			21,25	78,7	2,61	9,3	0,				20,00	79,5	2,44	9,24	0,				16,58	75,					
07-07-2022 21:37:41						20,87	82,2	2,48	9,5	0,			21,40	73,8	3,18	9,87	0,			21,25	78,3	2,71	9,3	0,				20,06	79,4	2,53	9,23	0,				16,40	75,2					
07-07-2022 21:42:43						20,75	82,5	2,55	9,51	0,			21,27	74,	2,96	9,86	0,			21,13	78,5	2,67	9,3	0,				19,93	79,6	2,48	9,24	0,				16,02	76,					
07-07-2022 21:47:41						20,75	82,5	2,46	9,51	0,			21,21	73,8	2,86	9,86	0,			21,00	78,6	2,71	9,3	0,				20,31	81,1	2,44	9,24	0,				15,77	76,8					
07-07-2022 21:52:43						20,81	82,6	2,29	9,52	0,			21,15	74,3	3,12	9,88	0,			20,69	78,8	2,67	9,3	0,				19,93	80,6	2,46	9,25	0,				15,27	77,2					
07-07-2022 21:57:43						20,62	82,5	2,47	9,52	0,			21,02	74,1	3,1	9,87	0,			20,69	78,8	2,6	9,29	0,				19,43	79,8	2,2	9,26	0,				15,15	78,					
07-07-2022 22:02:41						20,50	82,3	2,51	9,51	0,			21,02	74,2	3,05	9,87	0,			20,50	78,8	2,7	9,29	0,				19,37	80,3	2,25	9,24	0,				14,90	79,4					
07-07-2022 22:07:42						20,50	82,6	2,4	9,51	0,			20,77	74,2	3,2	9,87	0,			20,38	78,8	2,76	9,29	0,				19,56	77,9	2,09	9,23	0,				14,77	80,5					
07-07-2022 22:12:41						20,37	83,1	2,39	9,52	0,			20,65	74,4	3,08	9,87	0,			20,25	78,8	2,72	9,31	0,				20,12	76,3	2,02	9,25	0,				14,65	81,6					
07-07-2022 22:17:42						20,06	83,	2,57	9,53	0,			20,71	75,	3,06	9,87	0,			20,13	78,8	2,72	9,3	0,				19,37	78,7	2,47	9,24	0,				14,46	82,					
07-07-2022 22:22:41						19,87	82,9	2,46	9,52	0,			20,58	74,2	3,12	9,88	0,			20,06	79,2	2,66	9,29	0,				19,06	76,1	1,94	9,23	0,				14,46	82,6					
07-07-2022 22:27:43						19,81	83,3	2,69	9,51	0,			20,46	75,	3,36	9,87	0,			20,31	76,8	2,43	9,29	0,				19,75	76,2	2,14	9,25	0,				14,33	83,1					
07-07-2022 22:32:41						19,75	83,3	2,48	9,52	0,			20,52	75,	3,16	9,88	0,			20,13	78,4	2,82	9,29	0,				19,75	76,3	2,	9,24	0,				14,33	83,2					
07-07-2022 22:37:42						19,81	83,4	2,35	9,51	0,			20,40	75,1	3,22	9,87	0,			20,06	76,	2,16	9,29	0,				19,43	76,7	1,93	9,24	0,				14,21	83,6					
07-07-2022 22:42:42						20,00	83,7	2,42	9,49	0,			20,40	74,7	2,99	9,87	0,			20,06	78,8	2,7	9,3	0,				19,31	76,7	2,22	9,24	0,				14,15	83,7					
07-07-2022 22:47:41						19,87	83,8	2,39	9,52	0,			20,27	75,4	3,14	9,88	0,			19,81	78,	2,32	9,29	0,				19,31	77,4	2,02	9,23	0,				14,15	84,1					
07-07-2022 22:52:42						19,87	83,6	2,33	9,51	0,			20,33	75,4	3,02	9,87	0,			20,00	78,1	2,61	9,29	0,				19,31	77,6	2,16	9,23	0,				14,02	84,					
07-07-2022 22:57:41						19,75	83,8	2,5	9,49	0,			20,27	75,4	3,01	9,87	0,			19,81	78,1	2,28	9,3	0,				19,06	77,9	2,14	9,23	0,				13,96	84,1					
07-07-2022 23:02:42						19,56	83,7	2,54	9,51	0,			20,08	74,7	3,1	9,86	0,			19,94	77,6	2,79	9,29	0,				18,87	78,2	2,01	9,23	0,				13,96	84,1					
07-07-2022 23:07:41						19,37	83,7	2,52	9,52	0,			20,15	76,2	3,	9,87	0,			19,81	79,3	2,27	9,3	0,				19,18	78,6	2,05	9,23	0,				13,83	84,4					
07-07-2022 23:12:42						19,50	84,	2,43	9,51	0,			20,08	75,4	2,83	9,87	0,			19,88	78,2	2,26	9,3	0,				19,00	78,6	2,14	9,23	0,				13,71	84,8					
07-07-2022 23:17:41						19,56	84,1	2,57	9,51	0,			19,77	75,8	3,02	9,87	0,			19,75	79,2	2,58	9,3	0,				19,06	79,6	1,95	9,23	0,				13,71	84,8					
07-07-2022 23:22:42						19,62	84,5	2,54	9,51	0,			19,83	75,9	3,33	9,87	0,			19,56	78,	2,18	9,3	0,				18,87	79,5	2,08	9,24	0,				13,71	84,9					
07-07-2022 23:27:42						20,18	85,3	2,42	9,5	0,			19,65	71,8	2,57	9,87	0,			19,56	79,2	2,72	9,29	0,				18,75	79,8	1,96	9,23	0,				13,65	85,1					
07-07-2022 23:32:41						20,50	85,3	2,38	9,51	0,			19,77	75,1	3,03	9,87	0,			19,63	78,6	2,33	9,28	0,				18,68	80,1	2,01	9,24	0,				13,58	85,4					
07-07-2022 23:37:42						20,37	86,1	2,64	9,51	0,			20,21	77,8	2,76	9,85	0,			19,94	79,9	2,59	9,29	0,				18,87	80,5	1,92	9,24	0,				13,46	85,5					
07-07-2022 23:42:42						19,62	85,3	2,38	9,48	0,			20,71	79,8	2,96	9,86	0,			20,38	80,8	2,49	9,29	0,				18,62	80,7	2,02	9,24	0,				13,40	85,4					
07-07-2022 23:47:42						19,50	85,6	2,58	9,51	0,			20,15	78,9	3,17	9,86	0,			20,56	80,1	2,61	9,3	0,				18,81	81,5	2,13	9,24	0,				13,46	85,1					
07-07-2022 23:52:41						19,43	85,6	2,46	9,51	0,			19,77	78,	3,01	9,85	0,			20,50	80,9	2,61	9,29	0,				19,12	82,4	2,05	9,24	0,				13,40	84,9					
07-07-2022 23:57:42						19,37	85,7	2,45	9,5	0,			19,71	78,9	2,88	9,86	0,			19,88	79,6	2,33	9,3	0,				19,12	83,1	1,99	9,24	0,				13,40	85,2					
