Net no:						1	1	1	1	1			1	1	1	1	1			1	1	1	1	1				1	1	1	1	1				1	1					
Object no:						131	141	150	151	152			134	144	159	160	161			133	143	156	157	158				132	142	153	154	155				130	140					
Table no:						0	0	0	0	0			0	0	0	0	0			0	0	0	0	0				0	0	0	0	0				0	0					
Code no:						48	48	48	48	48			48	48	136	136	136			48	48	48	48	48				48	48	48	48	48				48	48					
Calculation:						T	/10	/100	/100	/100			T	/10	/100	/100	/100			T	/10	/100	/100	/100				T	/10	/100	/100	/100				T	/10					
Date/time:	Afp. 1776	Bes. 97184			Stald 1	Temp_stald1	Fugt_stald1	DynamicAir_trinlřs_stald1	Spjćld_trinlřs_stald 1	On/off_stald1		Stald 2	Temp_stald2	Fugt_stald2	DynamicAir_trinlřs_stald2	Spjćld_trinlřs_stald2	On/off_stald2		Stald5	Temp_stald5	Fugt_stald5	DynamicAir_trinlřs_stald5	Spjćld_trinlřs_stald5	On/off_stald 5			Stald6	Temp_stald6	Fugt_stald 6	DynamicAir_trinlřs_stald6	Spjćld_trinlřs_stald6	On/off_stald6			UDE	Temp_ude	Fugt_ude					
08-05-2022 00:02:41						19,18	84,9	0,53	0,	25,55			19,33	78,5	0,49	0,08	25,5			19,44	76,5	0,54	0,	25,67				18,50	73,	1,58	6,68	25,5				6,83	82,4					
08-05-2022 00:07:42						19,18	84,9	0,57	0,	25,55			19,33	78,4	0,55	0,08	25,5			19,44	76,5	0,52	0,	25,67				18,31	71,5	1,73	6,48	25,5				6,90	82,6					
08-05-2022 00:12:42						19,18	84,8	0,55	0,	25,55			19,40	78,4	0,49	0,08	25,5			19,44	76,4	0,52	0,	25,67				18,31	71,5	1,52	6,27	25,5				6,90	82,5					
08-05-2022 00:17:41						19,12	84,8	0,53	0,	25,55			19,27	78,4	0,5	0,08	25,5			19,44	76,5	0,53	0,	25,67				18,31	72,9	1,36	5,99	25,5				6,90	82,6					
08-05-2022 00:22:42						19,12	84,8	0,56	0,	25,55			19,27	78,3	0,56	0,08	25,5			19,38	76,5	0,53	0,	25,67				18,62	73,1	1,35	5,89	25,5				6,83	82,6					
08-05-2022 00:27:41						19,12	84,8	0,53	0,	25,55			19,27	78,4	0,54	0,08	25,5			19,38	76,8	0,49	0,	25,67				18,68	72,3	1,23	5,72	25,5				6,71	82,7					
08-05-2022 00:32:42						19,06	84,8	0,52	0,	25,55			19,21	78,3	0,54	0,08	25,5			19,44	76,7	0,5	0,	25,67				18,87	73,	1,24	5,71	25,5				6,65	82,8					
08-05-2022 00:37:40						19,06	84,8	0,52	0,	25,55			19,27	78,3	0,49	0,08	25,5			19,31	76,8	0,5	0,	25,67				18,81	73,1	1,18	5,56	25,5				6,52	82,8					
08-05-2022 00:42:42						19,06	84,8	0,53	0,	25,55			19,21	78,4	0,51	0,08	25,5			19,38	76,8	0,48	0,	25,67				18,93	72,7	1,2	5,6	25,5				6,58	82,8					
08-05-2022 00:47:41						19,00	84,8	0,52	0,	25,55			19,27	78,3	0,48	0,08	25,5			19,38	76,8	0,48	0,	25,67				19,06	72,7	1,15	5,42	25,5				6,40	83,2					
08-05-2022 00:52:43						19,00	84,9	0,54	0,	25,55			19,27	78,4	0,48	0,08	25,5			19,38	76,8	0,51	0,	25,67				19,12	72,9	1,18	5,46	25,5				6,40	83,3					
08-05-2022 00:57:42						19,00	84,8	0,56	0,	25,55			19,27	78,5	0,51	0,08	25,5			19,38	76,8	0,49	0,	25,67				19,12	73,	1,21	5,47	25,5				6,33	83,6					
08-05-2022 01:02:41						19,00	84,8	0,56	0,	25,55			19,33	78,3	0,49	0,08	25,5			19,38	76,9	0,49	0,	25,67				19,25	73,1	1,19	5,47	25,5				6,40	83,3					
08-05-2022 01:07:42						19,00	84,8	0,53	0,	25,55			19,21	78,4	0,52	0,08	25,5			19,38	77,	0,48	0,	25,67				19,37	74,	1,17	5,57	25,5				6,21	82,8					
08-05-2022 01:12:41						19,00	84,8	0,56	0,	25,55			19,21	78,4	0,48	0,08	25,5			19,38	76,8	0,5	0,	25,67				19,56	73,9	1,26	5,58	25,5				6,15	83,5					
08-05-2022 01:17:42						18,87	84,8	0,58	0,	25,55			19,21	78,3	0,51	0,08	25,5			19,38	76,9	0,51	0,	25,67				19,43	71,9	1,26	5,6	25,5				6,27	83,6					
08-05-2022 01:22:42						18,87	84,9	0,55	0,	25,55			19,27	78,3	0,48	0,08	25,5			19,38	77,1	0,51	0,	25,67				19,31	72,4	1,25	5,61	25,5				6,40	83,6					
08-05-2022 01:27:42						18,93	84,9	0,52	0,	25,55			19,27	78,4	0,48	0,08	25,5			19,38	77,2	0,52	0,	25,67				19,43	72,	1,24	5,71	25,5				6,27	83,4					
08-05-2022 01:32:42						18,93	84,8	0,48	0,	25,55			19,21	78,4	0,51	0,08	25,5			19,38	77,2	0,51	0,	25,67				19,37	72,3	1,23	5,7	25,5				6,27	83,6					
08-05-2022 01:37:42						18,93	84,8	0,52	0,	25,55			19,21	78,4	0,51	0,08	25,5			19,31	77,2	0,49	0,	25,67				19,31	70,8	1,3	5,77	25,5				6,02	82,9					
08-05-2022 01:42:42						19,00	84,7	0,48	0,	25,55			19,21	78,4	0,51	0,08	25,5			19,38	77,2	0,48	0,	25,67				19,37	71,5	1,32	5,73	25,5				5,90	82,6					
08-05-2022 01:47:41						18,87	84,8	0,52	0,	25,55			19,27	78,5	0,5	0,08	25,5			19,38	77,2	0,48	0,	25,67				19,37	72,3	1,31	5,84	25,5				5,90	82,6					
08-05-2022 01:52:42						18,93	84,9	0,5	0,	25,55			19,21	78,5	0,48	0,08	25,5			19,31	77,3	0,48	0,	25,67				19,31	72,3	1,24	5,84	25,5				5,83	82,8					
08-05-2022 01:57:40						18,93	84,9	0,52	0,	25,55			19,21	78,5	0,51	0,08	25,5			19,38	77,2	0,48	0,	25,67				19,31	71,5	1,23	5,87	25,5				5,71	82,9					
08-05-2022 02:02:42						18,93	84,8	0,52	0,	25,55			19,21	78,5	0,49	0,08	25,5			19,38	77,2	0,48	0,	25,67				19,12	69,8	1,28	5,87	25,5				5,71	83,2					
08-05-2022 02:07:41						18,87	84,8	0,51	0,	25,55			19,21	78,5	0,48	0,08	25,5			19,31	77,3	0,48	0,	25,67				19,18	71,1	1,21	5,88	25,5				5,58	83,2					
08-05-2022 02:12:42						18,87	84,8	0,48	0,	25,55			19,27	78,5	0,48	0,08	25,5			19,31	77,2	0,48	0,	25,67				19,18	70,8	1,23	5,87	25,5				5,71	83,3					
08-05-2022 02:17:41						18,87	84,7	0,49	0,	25,55			19,21	78,5	0,49	0,08	25,5			19,31	77,3	0,48	0,	25,67				19,25	72,4	1,3	5,91	25,5				5,71	83,6					
08-05-2022 02:22:42						18,93	84,8	0,49	0,	25,55			19,21	78,4	0,48	0,08	25,5			19,31	77,5	0,48	0,	25,67				19,37	71,5	1,45	6,07	25,5				5,71	83,7					
08-05-2022 02:27:42						18,81	84,8	0,52	0,	25,55			19,21	78,4	0,48	0,09	25,5			19,25	77,5	0,48	0,	25,67				19,25	72,	1,47	6,11	25,5				5,71	84,7					
08-05-2022 02:32:41						18,93	84,8	0,52	0,	25,55			19,21	78,3	0,48	0,09	25,5			19,31	77,5	0,52	0,	25,67				19,06	71,8	1,47	6,17	25,5				5,77	85,4					
08-05-2022 02:37:42						18,93	84,9	0,52	0,	25,55			19,21	78,4	0,51	0,08	25,5			19,31	77,3	0,51	0,	25,67				18,81	69,7	1,41	6,13	25,5				5,77	85,7					
08-05-2022 02:42:41						18,87	84,8	0,5	0,	25,55			19,27	78,5	0,49	0,08	25,5			19,25	77,3	0,52	0,	25,67				18,50	69,1	1,5	6,18	25,5				5,90	85,7					
08-05-2022 02:47:42						18,93	84,8	0,51	0,	25,55			19,27	78,4	0,51	0,08	25,5			19,25	77,3	0,5	0,	25,67				18,75	70,9	1,35	5,92	25,5				5,96	85,7					
08-05-2022 02:52:41						18,93	84,7	0,48	0,	25,55			19,21	78,4	0,51	0,08	25,5			19,19	77,5	0,5	0,	25,67				18,81	71,6	1,24	5,84	25,5				5,83	85,6					
08-05-2022 02:57:42						18,81	84,8	0,49	0,	25,55			19,15	78,4	0,49	0,08	25,5			19,31	77,3	0,49	0,	25,67				19,12	71,6	1,23	5,84	25,5				5,90	85,6					
08-05-2022 03:02:42						18,93	84,8	0,48	0,	25,55			19,21	78,4	0,54	0,08	25,5			19,25	77,3	0,49	0,	25,67				18,93	70,7	1,19	5,79	25,5				6,15	86,					
08-05-2022 03:07:42						18,81	84,7	0,51	0,	25,55			19,15	78,5	0,59	0,08	25,5			19,25	77,3	0,51	0,	25,67				19,06	70,6	1,27	5,78	25,5				6,21	86,					
08-05-2022 03:12:42						18,87	84,9	0,49	0,	25,55			19,15	78,5	0,51	0,08	25,5			19,25	77,3	0,49	0,	25,67				19,31	70,8	1,24	5,81	25,5				6,58	85,2					
08-05-2022 03:17:41						18,81	84,8	0,52	0,	25,55			19,15	78,4	0,63	0,08	25,5			19,13	77,3	0,51	0,	25,67				19,31	71,5	1,26	5,81	25,5				6,65	84,2					
08-05-2022 03:22:42						18,75	84,9	0,56	0,	25,55			19,15	78,5	0,58	0,08	25,5			19,19	77,3	0,52	0,	25,67				18,93	71,9	1,35	5,82	25,5				6,77	83,9					
08-05-2022 03:27:42						18,68	84,9	0,49	0,	25,55			19,08	78,5	0,52	0,08	25,5			19,25	77,4	0,48	0,	25,67				19,00	71,5	1,28	5,81	25,5				6,71	83,6					
08-05-2022 03:32:42						18,75	84,9	0,49	0,	25,55			19,08	78,6	0,51	0,08	25,5			19,19	77,5	0,49	0,	25,67				19,06	71,	1,25	5,81	25,5				6,52	83,6					
08-05-2022 03:37:41						18,75	84,9	0,52	0,	25,55			19,02	78,5	0,52	0,08	25,5			19,19	77,5	0,48	0,	25,67				19,00	71,1	1,2	5,81	25,5				6,52	83,6					
08-05-2022 03:42:42						18,75	84,9	0,51	0,	25,55			19,08	78,5	0,51	0,08	25,5			19,19	77,4	0,48	0,	25,67				19,06	72,2	1,24	5,81	25,5				6,40	84,					
08-05-2022 03:47:41						18,81	84,9	0,5	0,	25,55			19,02	78,6	0,51	0,08	25,5			19,13	77,5	0,48	0,	25,67				19,25	70,7	1,26	5,86	25,5				6,46	84,4					
08-05-2022 03:52:42						18,81	84,9	0,48	0,	25,55			19,08	78,6	0,51	0,08	25,5			19,19	77,5	0,48	0,	25,67				19,18	71,3	1,24	5,86	25,5				6,33	84,4					
08-05-2022 03:57:42						18,75	84,9	0,53	0,	25,55			19,08	78,5	0,51	0,08	25,5			19,19	77,5	0,48	0,	25,67				19,37	71,9	1,21	5,94	25,5				6,21	84,8					
08-05-2022 04:02:41						18,68	84,9	0,52	0,	25,55			19,08	78,6	0,51	0,08	25,5			19,19	77,5	0,48	0,	25,67				19,37	71,9	1,31	6,07	25,5				6,15	85,2					
08-05-2022 04:07:42						18,75	84,9	0,53	0,	25,55			19,02	78,6	0,51	0,08	25,5			19,19	77,6	0,48	0,	25,67				19,31	70,7	1,37	6,03	25,5				6,15	85,2					
08-05-2022 04:12:41						18,75	84,9	0,49	0,	25,55			19,08	78,5	0,49	0,08	25,5			19,19	77,5	0,48	0,	25,67				19,18	71,9	1,33	6,12	25,5				6,15	85,2					
08-05-2022 04:17:42						18,75	84,9	0,48	0,	25,55			19,08	78,6	0,51	0,08	25,5			19,19	77,6	0,48	0,	25,67				18,87	70,	1,33	6,11	25,5				5,90	84,9					
08-05-2022 04:22:40						18,75	84,9	0,5	0,	25,55			19,15	78,5	0,51	0,08	25,5			19,19	77,6	0,48	0,	25,67				18,56	70,4	1,28	6,	25,5				5,77	85,4					
08-05-2022 04:27:42						18,75	84,9	0,48	0,	25,55			19,08	78,5	0,51	0,08	25,5			19,13	77,6	0,48	0,	25,67				18,81	70,9	1,22	5,84	25,5				5,83	85,9					
08-05-2022 04:32:41						18,81	84,9	0,52	0,	25,55			19,02	78,5	0,51	0,08	25,5			19,19	77,6	0,48	0,	25,67				18,75	70,3	1,29	5,79	25,5				5,77	86,1					
08-05-2022 04:37:42						18,81	84,9	0,48	0,	25,55			19,02	78,6	0,52	0,08	25,5			19,13	77,6	0,48	0,	25,67				18,68	71,2	1,23	5,69	25,5				5,65	86,4					
08-05-2022 04:42:43						18,81	84,9	0,48	0,	25,55			18,96	78,6	0,51	0,08	25,5			19,13	77,6	0,48	0,	25,67				18,81	70,7	1,24	5,67	25,5				5,71	86,4					
08-05-2022 04:47:41						18,81	84,9	0,49	0,	25,55			19,02	78,6	0,48	0,08	25,5			19,13	77,6	0,48	0,	25,67				18,87	71,5	1,19	5,55	25,5				5,65	86,3					
08-05-2022 04:52:42						18,75	84,9	0,48	0,	25,55			19,02	78,5	0,48	0,08	25,5			19,19	77,8	0,48	0,	25,67				18,81	72,4	1,21	5,54	25,5				5,77	86,4					
08-05-2022 04:57:41						18,75	84,9	0,52	0,	25,55			19,08	78,5	0,51	0,08	25,5			19,19	77,9	0,48	0,	25,67				18,93	70,7	1,23	5,55	25,5				5,58	86,					
08-05-2022 05:02:42						18,75	84,9	0,52	0,	25,55			19,02	78,6	0,51	0,09	25,5			19,13	77,9	0,48	0,	25,67				18,87	71,5	1,16	5,53	25,5				5,71	86,4					
08-05-2022 05:07:41						18,75	84,9	0,48	0,	25,55			19,08	78,6	0,48	0,08	25,5			19,13	78,	0,48	0,	25,67				19,00	71,9	1,17	5,49	25,5				5,52	86,4					
08-05-2022 05:12:43						18,68	84,9	0,48	0,	25,55			19,08	78,6	0,47	0,08	25,5			19,13	77,9	0,48	0,	25,67				18,93	71,6	1,16	5,49	25,5				5,52	86,3					
08-05-2022 05:17:41						18,68	84,9	0,48	0,	25,55			19,08	78,6	0,5	0,08	25,5			19,13	78,	0,48	0,	25,67				19,00	71,9	1,26	5,49	25,5				5,52	86,4					
08-05-2022 05:22:43						18,68	84,9	0,48	0,	25,55			18,96	78,6	0,48	0,08	25,5			19,13	78,	0,48	0,	25,67				19,31	73,1	1,18	5,61	25,5				5,33	86,1					
08-05-2022 05:27:42						18,75	84,9	0,48	0,	25,55			18,96	78,6	0,48	0,08	25,5			19,06	78,	0,48	0,	25,67				19,50	73,1	1,16	5,7	25,5				5,33	86,2					
08-05-2022 05:32:41						18,75	84,9	0,48	0,	25,55			19,08	78,6	0,49	0,08	25,5			19,13	78,	0,48	0,	25,67				19,31	71,2	1,17	5,77	25,5				5,33	86,1					
08-05-2022 05:37:42						18,68	84,9	0,48	0,	25,55			18,96	78,6	0,48	0,08	25,5			19,13	78,	0,48	0,	25,67				19,25	71,9	1,15	5,77	25,5				5,27	86,1					
08-05-2022 05:42:42						18,75	84,9	0,48	0,	25,55			19,02	78,6	0,48	0,08	25,5			19,13	78,	0,48	0,	25,67				19,25	72,	1,24	5,77	25,5				5,15	86,					
08-05-2022 05:47:42						18,81	84,9	0,48	0,	25,55			19,02	78,6	0,48	0,08	25,5			19,13	78,	0,48	0,	25,67				19,12	72,3	1,27	5,83	25,5				5,33	86,					
08-05-2022 05:52:41						18,68	84,9	0,48	0,	25,55			18,96	78,6	0,47	0,08	25,5			19,13	78,	0,48	0,	25,67				18,87	71,5	1,16	5,88	25,5				5,58	86,					
08-05-2022 05:57:42						18,68	84,9	0,48	0,	25,55			18,96	78,6	0,47	0,08	25,5			19,13	78,	0,48	0,	25,67				18,81	70,4	1,24	5,88	25,5				5,90	85,6					
08-05-2022 06:02:41						18,68	84,9	0,48	0,	25,55			19,02	78,6	0,48	0,09	25,5			19,13	78,	0,48	0,	25,67				18,87	71,1	1,21	5,88	25,5				6,46	84,2					
08-05-2022 06:07:42						18,68	84,9	0,48	0,	25,55			19,02	78,6	0,48	0,08	25,5			19,13	78,	0,48	0,	25,67				18,75	70,7	1,18	5,73	25,5				7,08	82,					
08-05-2022 06:12:42						18,68	84,9	0,48	0,	25,55			19,02	78,6	0,48	0,09	25,5			19,13	78,	0,48	0,	25,67				19,00	70,8	1,18	5,69	25,5				6,65	79,2					
08-05-2022 06:17:41						18,68	84,9	0,48	0,	25,55			18,96	78,6	0,48	0,08	25,5			19,06	78,	0,48	0,	25,67				19,25	72,7	1,25	5,69	25,5				6,58	77,2					
08-05-2022 06:22:42						15,43	86,5	0,48	0,	25,55			19,02	78,6	0,49	0,08	25,5			19,13	78,	0,48	0,	25,67				20,31	73,9	1,34	6,09	25,5				6,52	74,7					
08-05-2022 06:27:41						16,06	88,4	0,48	0,	25,55			15,58	77,1	0,5	0,08	25,5			19,94	78,7	0,48	0,	25,67				19,93	71,8	1,66	6,67	25,5				6,77	72,1					
08-05-2022 06:32:42						16,25	89,3	0,48	0,	25,55			16,58	78,4	0,47	0,08	25,5			25,25	79,8	0,48	0,	25,67				19,43	73,	1,82	6,83	25,5				6,83	69,3					
08-05-2022 06:37:41						16,31	89,6	0,48	0,	25,55			16,77	78,6	0,48	0,08	25,5			29,38	79,6	0,48	0,	25,67				19,00	75,5	1,88	6,9	25,5				7,02	68,1					
08-05-2022 06:42:42						16,37	90,	0,48	0,	25,55			16,90	78,6	0,47	0,08	25,5			32,13	79,2	0,48	0,	25,67				18,50	74,2	1,88	6,75	25,5				7,27	69,3					
08-05-2022 06:47:40						16,43	90,3	0,48	0,	25,55			16,90	78,6	0,48	0,08	25,5			33,44	78,1	0,48	0,	25,67				18,25	74,	1,71	6,69	25,5				7,46	74,7					
08-05-2022 06:52:42						15,56	89,6	0,48	0,	25,55			16,96	78,8	0,49	0,09	25,5			34,75	77,6	0,48	0,	25,67				18,12	75,1	1,64	6,6	25,5				7,71	77,6					
08-05-2022 06:57:42						16,18	90,6	0,48	0,	25,55			16,96	79,	0,48	0,1	25,5			36,00	76,8	0,48	0,	25,67				18,06	74,	1,53	6,46	25,5				7,83	78,2					
08-05-2022 07:02:41						16,43	90,9	0,48	0,	25,55			16,83	79,	0,47	0,08	25,5			35,56	74,8	0,51	0,	25,67				18,37	75,3	1,55	6,4	25,5				8,08	78,8					
08-05-2022 07:07:42						16,43	91,	0,48	0,	25,55			16,90	79,	0,48	0,08	25,5			32,13	73,1	0,48	0,	25,67				18,62	75,	1,52	6,45	25,5				8,27	77,9					
08-05-2022 07:12:41						16,50	91,1	0,48	0,	25,55			15,40	78,6	0,49	0,08	25,5			29,13	71,6	0,48	0,	25,67				18,75	74,3	1,56	6,45	25,5				8,58	76,4					
08-05-2022 07:17:42						16,43	91,2	0,47	0,	25,55			16,58	79,4	0,48	0,09	25,5			26,94	70,6	0,52	0,	25,67				18,81	73,5	1,6	6,46	25,5				8,83	75,6					
08-05-2022 07:22:41						15,56	90,6	0,48	0,	25,55			16,83	79,5	0,48	0,08	25,5			25,44	70,2	0,49	0,	25,67				18,75	73,9	1,55	6,45	25,5				9,21	73,7					
08-05-2022 07:27:42						16,12	91,4	0,48	0,	25,55			16,83	79,4	0,49	0,08	25,5			24,44	70,2	0,49	0,	25,67				18,81	74,3	1,44	6,29	25,5				9,33	71,3					
08-05-2022 07:32:41						16,37	91,7	0,48	0,	25,55			16,96	79,4	0,49	0,09	25,5			23,81	70,6	0,52	0,	25,67				18,93	75,1	1,51	6,24	25,5				9,46	71,2					
08-05-2022 07:37:42						16,37	91,8	0,48	0,	25,55			16,96	79,6	0,48	0,08	25,5			24,81	72,4	0,48	0,	25,67				19,06	73,9	1,54	6,25	25,5				9,71	70,8					
08-05-2022 07:42:42						16,37	91,9	0,51	0,	25,55			16,90	79,8	0,5	0,08	25,5			29,31	74,2	0,5	0,	25,67				19,18	73,9	1,43	6,35	25,5				9,77	69,4					
08-05-2022 07:47:41						16,43	92,	0,49	0,	25,55			16,90	79,8	0,48	0,08	25,5			33,00	74,4	0,51	0,	25,67				19,18	74,1	1,57	6,46	25,5				10,02	69,7					
08-05-2022 07:52:41						15,50	91,2	0,48	0,	25,55			16,90	80,1	0,49	0,09	25,5			34,31	72,8	0,51	0,	25,67				19,31	75,6	1,66	6,56	25,5				10,15	68,5					
08-05-2022 07:57:42						16,18	92,2	0,48	0,	25,55			15,21	79,5	0,51	0,08	25,5			31,56	71,2	0,57	0,	25,67				19,31	75,4	1,64	6,77	25,5				10,08	66,9					
08-05-2022 08:02:42						16,43	92,4	0,59	0,	25,55			16,52	80,6	0,51	0,08	25,5			29,00	70,1	0,52	0,	25,67				19,50	75,1	1,93	6,88	25,5				10,08	66,1					
08-05-2022 08:07:42						16,25	92,5	0,56	0,	25,55			16,83	81,	0,54	0,09	25,5			27,06	69,5	0,54	0,	25,67				19,37	74,7	1,87	6,93	25,5				10,15	65,9					
08-05-2022 08:12:42						16,31	92,5	0,52	0,	25,55			16,83	81,1	0,55	0,09	25,5			25,75	69,2	0,54	0,	25,67				19,18	75,6	1,9	7,01	25,5				10,46	66,5					
08-05-2022 08:17:41						16,37	92,7	0,55	0,	25,55			16,77	81,5	0,59	0,08	25,5			24,88	69,3	0,6	0,	25,67				19,12	73,5	1,77	7,11	25,5				10,33	63,9					
08-05-2022 08:22:42						15,31	92,	0,52	0,	25,55			16,77	82,	0,6	0,08	25,5			25,31	71,2	0,51	0,	25,67				19,37	74,3	1,85	7,05	25,5				10,52	63,5					
08-05-2022 08:27:42						16,00	92,8	0,56	0,	25,55			16,71	82,2	0,54	0,08	25,5			29,94	72,8	0,54	0,	25,67				19,25	74,1	2,1	7,39	25,5				10,58	62,9					
08-05-2022 08:32:41						16,25	93,1	0,52	0,	25,55			16,77	82,6	0,51	0,08	25,5			33,50	73,2	0,54	0,	25,67				19,25	75,1	2,15	7,46	25,5				10,65	61,3					
08-05-2022 08:37:42						16,25	93,2	0,6	0,	25,55			16,71	83,	0,64	0,09	25,5			35,94	72,7	0,56	0,	25,67				19,25	73,1	1,94	7,56	25,5				10,77	61,5					
08-05-2022 08:42:42						16,18	93,2	0,52	0,	25,55			15,40	82,6	0,51	0,08	25,5			37,44	72,3	0,62	0,	25,67				19,18	73,1	1,96	7,55	25,5				10,77	61,					
08-05-2022 08:47:41						16,25	93,2	0,52	0,	25,55			16,58	83,8	0,53	0,08	25,5			38,50	71,8	0,56	0,	25,67				19,00	74,7	2,14	7,42	25,5				10,77	59,8					
08-05-2022 08:52:41						15,25	92,7	0,51	0,	25,55			16,65	83,9	0,51	0,08	25,5			39,31	71,2	0,52	0,	25,67				18,68	73,1	2,09	7,43	25,5				10,77	60,5					
08-05-2022 08:57:42						15,93	93,4	0,52	0,	25,55			16,71	84,2	0,52	0,09	25,5			38,63	69,4	0,55	0,	25,67				18,56	73,6	2,18	7,34	25,5				11,08	62,					
08-05-2022 09:02:41						16,12	93,6	0,52	0,	25,55			16,71	84,6	0,49	0,09	25,5			35,06	67,2	0,56	0,	25,67				18,75	75,	2,28	7,28	25,5				10,90	59,4					
08-05-2022 09:07:42						16,06	93,7	0,53	0,	25,55			16,83	84,8	0,51	0,08	25,5			31,94	66,8	0,56	0,	25,67				18,93	74,7	1,89	7,28	25,5				11,33	61,8					
08-05-2022 09:12:42						16,06	93,7	0,48	0,	25,55			16,77	85,1	0,52	0,08	25,5			29,69	66,4	0,52	0,	25,67				19,00	75,	2,17	7,28	25,5				11,33	61,					
08-05-2022 09:17:41						16,06	93,9	0,63	0,	25,55			16,83	85,5	0,55	0,08	25,5			28,19	66,8	0,53	0,	25,67				19,00	75,1	2,31	7,43	25,5				11,71	61,3					
08-05-2022 09:22:42						15,31	93,3	0,48	0,	25,55			16,77	85,8	0,49	0,08	25,5			27,13	66,8	0,52	0,	25,67				19,00	75,1	2,04	7,46	25,5				11,40	59,7					
08-05-2022 09:27:41						15,87	94,1	0,52	0,	25,55			15,27	85,7	0,48	0,08	25,5			26,38	66,8	0,52	0,	25,67				19,25	75,5	2,09	7,55	25,5				11,52	58,9					
08-05-2022 09:32:42						16,00	94,3	0,56	0,	25,55			16,52	87,2	0,54	0,08	25,5			25,81	67,3	0,51	0,	25,67				19,25	75,5	2,22	7,61	25,5				11,52	60,5					
08-05-2022 09:37:41						16,00	94,4	0,53	0,	25,55			16,58	87,8	0,59	0,08	25,5			25,38	67,6	0,55	0,	25,67				19,00	74,6	2,17	7,61	25,5				11,40	59,4					
08-05-2022 09:42:42						16,00	94,4	0,48	0,	25,55			16,71	88,2	0,48	0,08	25,5			25,06	68,	0,54	0,	25,67				19,31	76,	2,27	7,47	25,5				11,83	59,7					
08-05-2022 09:47:41						16,12	94,4	0,52	0,	25,55			16,71	88,6	0,5	0,08	25,5			24,88	68,4	0,52	0,	25,67				19,31	75,5	1,96	7,47	25,5				12,02	60,					
08-05-2022 09:52:42						15,31	94,	0,63	0,	25,55			16,77	89,	0,5	0,08	25,5			24,56	68,5	0,51	0,	25,67				19,50	75,9	2,09	7,46	25,5				11,77	59,7					
08-05-2022 09:57:42						15,75	94,8	0,53	0,	25,55			16,71	89,5	0,51	0,08	25,5			24,38	68,8	0,52	0,	25,67				19,62	75,9	2,08	7,45	25,5				11,77	58,5					
08-05-2022 10:02:40						15,87	94,8	0,6	0,	25,55			16,77	89,9	0,55	0,08	25,5			24,25	69,2	0,51	0,	25,67				19,68	76,4	2,2	7,47	25,5				11,71	58,1					
08-05-2022 10:07:42						16,00	94,9	0,53	0,	25,55			16,83	90,3	0,51	0,08	25,5			24,13	69,6	0,48	0,	25,67				19,50	75,2	2,25	7,46	25,5				12,02	57,3					
08-05-2022 10:12:41						16,06	94,9	0,5	0,	25,55			15,27	90,1	0,49	0,08	25,5			24,06	70,	0,51	0,	25,67				19,81	75,2	1,99	7,46	25,5				11,96	57,9					
08-05-2022 10:17:42						16,18	95,2	0,5	0,	25,55			16,52	91,4	0,51	0,08	25,5			23,88	70,2	0,53	0,	25,67				19,75	75,5	2,21	7,46	25,5				12,15	56,5					
08-05-2022 10:22:41						15,25	94,4	0,53	0,	25,55			16,71	91,9	0,54	0,08	25,5			23,81	70,4	0,52	0,	25,67				19,62	74,5	2,09	7,46	25,5				12,33	56,3					
08-05-2022 10:27:42						15,62	95,4	0,52	0,	25,55			16,71	92,2	0,51	0,08	25,5			23,75	70,5	0,59	0,	25,67				19,75	75,4	2,23	7,61	25,5				12,21	54,7					
08-05-2022 10:32:41						15,87	95,6	0,56	0,	25,55			16,71	92,6	0,54	0,08	25,5			23,63	70,8	0,6	0,	25,67				19,81	74,7	2,25	7,62	25,5				12,15	55,2					
08-05-2022 10:37:42						15,93	95,6	0,51	0,	25,55			16,71	93,	0,53	0,08	25,5			23,56	70,9	0,51	0,	25,67				19,87	74,1	2,13	7,6	25,5				12,15	54,6					
08-05-2022 10:42:41						16,06	95,7	0,53	0,	25,55			16,77	93,4	0,51	0,08	25,5			23,44	71,1	0,55	0,	25,67				19,75	74,3	2,5	7,48	25,5				12,33	54,4					
08-05-2022 10:47:41						16,18	95,9	0,55	0,	25,55			16,71	93,8	0,57	0,08	25,5			23,38	71,2	0,53	0,	25,67				19,93	74,7	2,21	7,63	25,5				12,46	53,					
08-05-2022 10:52:42						15,31	95,2	0,56	0,	25,55			16,77	94,4	0,56	0,08	25,5			23,31	71,2	0,54	0,	25,67				20,06	74,4	2,04	7,61	25,5				12,77	60,5					
08-05-2022 10:57:41						15,62	96,	0,55	0,	25,55			15,27	94,2	0,52	0,08	25,5			23,31	71,3	0,56	0,	25,67				20,06	73,1	2,3	7,62	25,5				12,40	60,9					
08-05-2022 11:02:42						15,75	96,4	0,49	0,	25,55			16,46	95,4	0,54	0,08	25,5			23,19	71,6	0,56	0,	25,67				20,06	72,8	2,13	7,66	25,5				12,71	61,4					
08-05-2022 11:07:42						15,93	96,5	0,52	0,	25,55			16,58	95,9	0,56	0,08	25,5			23,19	71,6	0,54	0,	25,67				19,93	72,7	2,53	7,65	25,5				12,46	59,3					
08-05-2022 11:12:42						16,00	96,8	0,55	0,	25,55			16,65	96,2	0,5	0,08	25,5			23,13	71,6	0,56	0,	25,67				20,00	73,4	2,36	7,75	25,5				12,52	58,8					
08-05-2022 11:17:42						16,06	97,	0,51	0,	25,55			16,71	96,5	0,55	0,08	25,5			23,00	71,8	0,52	0,	25,67				20,75	74,3	1,11	5,13	25,5				12,46	58,4					
08-05-2022 11:22:41						15,18	96,4	0,58	0,	25,55			16,65	96,6	0,59	0,08	25,5			23,00	72,	0,53	0,	25,67				21,93	75,9	1,16	5,26	25,5				12,33	59,3					
08-05-2022 11:27:42						15,50	97,4	0,48	0,	25,55			16,71	97,	0,49	0,08	25,5			23,00	72,	0,52	0,	25,67				22,43	75,9	1,11	5,27	25,5				12,90	57,9					
08-05-2022 11:32:41						15,75	97,7	0,6	0,	25,55			16,58	97,2	0,59	0,08	25,5			23,00	72,3	0,55	0,	25,67				22,75	75,6	1,16	5,49	25,5				13,08	58,9					
08-05-2022 11:37:42						15,87	98,	0,53	0,	25,55			16,71	97,4	0,53	0,08	25,5			22,94	72,1	0,5	0,	25,67				22,93	75,	1,21	5,7	25,5				12,65	58,1					
08-05-2022 11:42:41						16,00	98,3	0,56	0,	25,55			15,15	97,	0,51	0,08	25,5			22,94	72,4	0,58	0,	25,67				22,75	73,9	1,3	5,84	25,5				12,71	60,3					
08-05-2022 11:47:42						16,00	98,4	0,51	0,	25,55			16,40	98,2	0,49	0,08	25,5			22,94	72,4	0,51	0,	25,67				22,62	73,1	1,37	6,09	25,5				13,15	56,2					
08-05-2022 11:52:41						15,18	97,9	0,54	0,	25,55			16,52	98,3	0,55	0,08	25,5			22,94	72,4	0,52	0,	25,67				22,50	73,5	1,5	6,44	25,5				13,33	56,					
08-05-2022 11:57:42						15,56	98,8	0,52	0,	25,55			16,65	98,3	0,51	0,08	25,5			22,94	72,8	0,53	0,	25,67				22,25	73,1	1,5	6,66	25,5				13,65	58,4					
08-05-2022 12:02:41						15,68	99,1	0,51	0,	25,55			16,65	98,4	0,52	0,08	25,5			22,94	72,5	0,5	0,	25,67				22,00	72,	1,81	6,88	25,5				13,71	56,5					
08-05-2022 12:07:42						15,75	99,2	0,51	0,	25,55			16,65	98,4	0,49	0,08	25,5			23,00	72,5	0,52	0,	25,67				21,81	70,7	1,97	7,26	25,5				13,65	56,9					
08-05-2022 12:12:42						16,00	99,4	0,52	0,	25,55			16,71	98,6	0,48	0,08	25,5			22,94	72,7	0,52	0,	25,67				21,50	71,4	2,03	7,44	25,5				13,77	55,3					
08-05-2022 12:17:41						16,12	99,5	0,52	0,	25,55			16,71	98,6	0,52	0,08	25,5			23,00	72,7	0,48	0,	25,67				21,81	71,9	2,11	7,45	25,5				14,21	56,6					
08-05-2022 12:22:42						15,18	99,	0,48	0,	25,55			16,71	98,6	0,49	0,08	25,5			23,06	72,7	0,48	0,	25,67				21,75	71,4	2,14	7,48	25,5				13,71	54,6					
08-05-2022 12:27:41						15,75	99,9	0,5	0,	25,55			15,02	98,3	0,54	0,08	25,5			23,06	72,7	0,55	0,	25,67				21,62	70,7	2,21	7,61	25,5				13,33	52,5					
08-05-2022 12:32:42						16,00	100,	0,55	0,	25,55			16,33	99,1	0,51	0,08	25,5			23,00	72,6	0,53	0,	25,67				21,87	70,3	2,14	7,68	25,5				14,08	54,1					
08-05-2022 12:37:41						16,06	100,3	0,52	0,	25,55			16,58	99,2	0,51	0,08	25,5			24,63	74,8	0,52	0,	25,67				22,12	73,1	2,06	7,93	25,5				14,08	53,6					
08-05-2022 12:42:42						16,18	100,3	0,52	0,	25,55			16,65	99,3	0,51	0,08	25,5			30,00	76,	0,51	0,	25,67				22,18	73,7	2,65	8,12	25,5				14,21	54,3					
08-05-2022 12:47:42						16,25	100,3	0,52	0,	25,55			16,71	99,2	0,5	0,08	25,5			33,81	76,	0,52	0,	25,67				22,00	73,3	2,67	8,33	25,5				14,02	53,3					
08-05-2022 12:52:42						15,18	99,7	0,51	0,	25,55			16,71	99,1	0,47	0,08	25,5			36,38	75,2	0,52	0,	25,67				21,62	72,6	2,54	8,26	25,5				13,83	51,					
08-05-2022 12:57:42						15,81	100,6	0,48	0,	25,55			16,77	99,3	0,49	0,08	25,5			38,13	74,2	0,52	0,	25,67				21,43	71,5	2,67	8,29	25,5				14,52	54,6					
08-05-2022 13:02:41						16,06	100,7	0,56	0,	25,55			16,77	99,3	0,56	0,08	25,5			39,31	73,2	0,56	0,	25,67				21,31	71,1	2,47	8,44	25,5				14,15	51,8					
08-05-2022 13:07:42						16,12	100,9	0,52	0,	25,55			16,77	99,3	0,53	0,08	25,5			37,81	70,9	0,55	0,	25,67				21,06	69,2	2,65	8,36	25,5				14,33	51,1					
08-05-2022 13:12:41						16,12	101,1	0,49	0,	25,55			15,27	98,9	0,49	0,08	25,5			34,25	69,2	0,52	0,	25,67				21,06	69,5	2,39	8,39	25,5				14,15	49,1					
08-05-2022 13:17:43						16,25	101,1	0,52	0,	25,55			16,40	99,4	0,5	0,08	25,5			31,56	67,8	0,55	0,	25,67				21,18	67,3	2,73	8,58	25,5				14,33	48,6					
08-05-2022 13:22:41						15,12	100,4	0,49	0,	25,55			16,65	99,6	0,49	0,08	25,5			29,56	67,6	0,52	0,	25,67				21,06	67,1	2,76	8,69	25,5				14,65	45,2					
08-05-2022 13:27:42						15,68	101,1	0,51	0,	25,55			16,58	99,6	0,52	0,08	25,5			28,63	68,4	0,56	0,	25,67				21,06	67,9	2,49	8,91	25,5				14,65	49,7					
08-05-2022 13:32:41						15,93	101,1	0,55	0,	25,55			16,65	99,5	0,54	0,08	25,5			32,50	70,	0,54	0,	25,67				21,06	67,1	2,53	8,91	25,5				14,71	48,6					
08-05-2022 13:37:42						16,06	101,1	0,51	0,	25,55			16,71	99,5	0,49	0,08	25,5			36,13	70,4	0,55	0,	25,67				20,93	66,	2,42	8,92	25,5				14,58	49,					
08-05-2022 13:42:41						16,18	101,1	0,48	0,	25,55			16,71	99,5	0,52	0,08	25,5			35,69	68,5	0,54	0,	25,67				21,00	64,4	2,53	8,91	25,5				14,71	49,9					
08-05-2022 13:47:41						16,18	101,1	0,51	0,	25,55			16,71	99,5	0,52	0,08	25,5			33,00	66,9	0,66	0,	25,67				21,00	64,4	2,39	8,91	25,5				14,90	48,7					
08-05-2022 13:52:42						15,25	101,1	0,54	0,	25,55			16,71	99,6	0,5	0,08	25,5			30,81	66,	0,54	0,	25,67				21,31	64,	2,55	8,91	25,5				14,77	50,9					
08-05-2022 13:57:42						15,68	101,1	0,57	0,	25,55			15,21	99,4	0,51	0,08	25,5			29,25	66,	0,58	0,	25,67				21,12	63,6	2,4	9,13	25,5				14,52	50,3					
08-05-2022 14:02:42						16,00	101,1	0,52	0,	25,55			16,40	99,9	0,48	0,08	25,5			28,19	66,4	0,52	0,	25,67				21,06	63,6	2,47	9,2	25,5				14,90	52,					
08-05-2022 14:07:42						16,06	101,1	0,57	0,	25,55			16,58	99,9	0,56	0,08	25,5			27,56	66,	0,61	0,	25,67				21,18	63,3	2,61	9,23	25,5				15,02	51,3					
08-05-2022 14:12:43						16,12	101,1	0,58	0,	25,55			16,65	99,9	0,52	0,08	25,5			27,06	66,	0,58	0,	25,67				21,37	64,4	2,38	9,22	25,5				15,02	50,9					
08-05-2022 14:17:40						16,25	101,1	0,48	0,	25,55			16,71	99,9	0,48	0,08	25,5			26,63	66,3	0,52	0,	25,67				21,56	62,7	2,56	9,22	25,5				14,83	49,9					
08-05-2022 14:22:42						15,18	101,1	0,56	0,	25,55			16,71	99,9	0,69	0,08	25,5			26,44	66,4	0,55	0,	25,67				22,06	62,8	0,73	2,6	0,				14,96	50,2					
08-05-2022 14:27:42						15,75	101,1	0,52	0,	25,55			16,77	99,8	0,51	0,08	25,5			26,19	66,5	0,52	0,	25,67				22,18	60,8	0,74	3,47	0,				15,27	49,					
08-05-2022 14:32:41						15,93	101,1	0,52	0,	25,55			16,71	99,8	0,54	0,08	25,5			26,00	66,8	0,48	0,	25,67				22,37	61,7	0,74	4,42	0,				14,96	49,8					
08-05-2022 14:37:42						16,06	101,1	0,51	0,	25,55			16,83	99,8	0,51	0,08	25,5			25,81	66,8	0,55	0,	25,67				22,56	60,	0,79	5,09	0,				15,08	48,7					
08-05-2022 14:42:41						16,12	101,1	0,53	0,	25,55			15,27	99,4	0,48	0,08	25,5			25,69	66,9	0,5	0,	25,67				22,37	61,3	0,81	5,58	0,				15,21	47,6					
08-05-2022 14:47:42						16,06	101,1	0,52	0,	25,55			16,40	100,1	0,56	0,08	25,5			25,50	67,	0,51	0,	25,67				22,43	60,8	1,	6,43	0,				14,83	48,4					
08-05-2022 14:52:41						15,12	101,1	0,51	0,	25,55			16,58	100,	0,54	0,08	25,5			25,38	67,2	0,52	0,	25,67				22,12	59,7	1,24	6,88	0,				14,83	47,8					
08-05-2022 14:57:42						15,68	101,1	0,58	0,	25,55			16,77	100,	0,5	0,08	25,5			25,25	67,2	0,51	0,	25,67				21,87	58,8	1,84	7,64	0,				15,33	47,7					
08-05-2022 15:02:41						15,87	101,1	0,52	0,	25,55			16,77	100,	0,49	0,08	25,5			25,19	67,2	0,5	0,	25,67				21,75	59,6	2,05	8,02	0,				15,40	47,4					
08-05-2022 15:07:42						15,81	101,1	0,49	0,	25,55			16,83	100,	0,48	0,08	25,5			25,13	67,3	0,52	0,	25,67				21,68	59,9	2,19	8,68	0,				15,40	47,4					
08-05-2022 15:12:42						15,93	101,1	0,55	0,	25,55			16,90	99,9	0,53	0,08	25,5			25,00	67,6	0,5	0,	25,67				21,37	59,6	2,41	9,32	0,				14,83	46,6					
08-05-2022 15:17:41						16,00	101,1	0,52	0,	25,55			16,96	99,9	0,5	0,08	25,5			24,94	67,6	0,48	0,	25,67				21,12	58,8	2,14	9,33	0,				14,96	46,7					
08-05-2022 15:22:43						15,18	101,1	0,49	0,	25,55			16,96	99,9	0,52	0,08	25,5			24,94	67,6	0,49	0,	25,67				21,06	59,2	2,04	9,33	0,				15,08	46,9					
08-05-2022 15:27:41						15,68	101,1	0,48	0,	25,55			15,15	99,6	0,51	0,08	25,5			24,88	67,6	0,52	0,	25,67				21,12	59,6	2,15	9,33	0,				15,27	48,5					
08-05-2022 15:32:41						15,93	101,1	0,48	0,	25,55			16,40	100,1	0,5	0,08	25,5			24,81	67,6	0,48	0,	25,67				20,93	58,1	2,3	8,93	0,				15,33	49,					
08-05-2022 15:37:41						16,06	101,1	0,51	0,	25,55			16,71	100,1	0,53	0,08	25,5			24,75	67,6	0,52	0,	25,67				20,68	58,	2,17	8,93	0,				15,46	48,2					
08-05-2022 15:42:41						16,06	101,1	0,58	0,	25,55			16,83	100,1	0,51	0,08	25,5			24,69	67,6	0,52	0,	25,67				20,81	59,2	2,2	8,57	0,				15,40	47,9					
08-05-2022 15:47:41						16,18	101,1	0,52	0,	25,55			17,02	100,2	0,55	0,08	25,5			24,69	67,3	0,58	0,	25,67				20,93	59,1	2,12	8,55	0,				15,21	49,					
08-05-2022 15:52:43						15,12	101,1	0,55	0,	25,55			17,02	99,9	0,49	0,08	25,5			24,63	67,4	0,57	0,	25,67				21,06	58,6	2,21	8,3	0,				15,40	47,1					
08-05-2022 15:57:41						15,87	101,1	0,57	0,	25,55			17,08	100,	0,56	0,08	25,5			24,56	67,5	0,51	0,	25,67				21,06	59,6	2,23	8,24	0,				15,71	48,3					
08-05-2022 16:02:41						16,06	101,1	0,54	0,	25,55			17,08	100,	0,58	0,08	25,5			24,50	67,5	0,52	0,	25,67				21,00	58,9	2,02	8,24	0,				15,52	47,8					
08-05-2022 16:07:42						16,18	101,1	0,52	0,	25,55			17,02	100,1	0,56	0,08	25,5			24,50	67,3	0,54	0,	25,67				20,87	58,6	2,22	8,85	0,				15,21	45,9					
08-05-2022 16:12:41						16,25	101,1	0,52	0,	25,55			15,27	99,5	0,51	0,08	25,5			24,50	67,5	0,55	0,	25,67				20,93	58,8	2,32	8,74	0,				15,08	46,4					
08-05-2022 16:17:41						16,25	101,1	0,52	0,	25,55			16,58	100,2	0,5	0,08	25,5			24,44	67,4	0,55	0,	25,67				20,75	58,8	2,17	8,77	0,				15,27	47,5					
08-05-2022 16:22:41						15,12	101,1	0,52	0,	25,55			16,77	100,1	0,58	0,08	25,5			24,38	67,4	0,56	0,	25,67				20,81	59,5	2,25	8,76	0,				15,21	48,3					
08-05-2022 16:27:41						15,93	101,1	0,51	0,	25,55			16,96	100,1	0,51	0,08	25,5			24,44	67,2	0,48	0,	25,67				20,75	57,7	2,21	8,36	0,				15,33	48,9					
08-05-2022 16:32:41						16,18	101,1	0,5	0,	25,55			17,02	100,1	0,5	0,08	25,5			24,38	67,3	0,48	0,	25,67				20,75	59,2	2,12	8,13	0,				15,15	45,					
08-05-2022 16:37:42						16,18	101,1	0,57	0,	25,55			17,02	100,	0,48	0,08	25,5			24,31	67,2	0,53	0,	25,67				20,62	59,2	1,97	8,13	0,				15,08	44,6					
08-05-2022 16:42:42						16,31	101,1	0,52	0,	25,55			17,08	100,	0,52	0,08	25,5			24,25	67,2	0,56	0,	25,67				20,50	58,8	1,94	7,8	0,				15,52	45,8					
08-05-2022 16:47:41						16,31	101,1	0,48	0,	25,55			17,02	100,	0,5	0,08	25,5			24,25	67,2	0,49	0,	25,67				20,50	59,2	1,96	7,68	0,				15,02	44,3					
08-05-2022 16:52:43						15,25	101,1	0,51	0,	25,55			17,02	99,9	0,54	0,08	25,5			24,25	67,2	0,55	0,	25,67				20,43	59,6	1,72	7,51	0,				15,21	44,2					
08-05-2022 16:57:42						16,00	101,1	0,5	0,	25,55			15,33	99,4	0,54	0,08	25,5			24,19	67,2	0,53	0,	25,67				20,62	59,3	1,41	7,43	0,				15,15	44,7					
08-05-2022 17:02:42						16,25	101,1	0,55	0,	25,55			16,65	100,1	0,51	0,08	25,5			24,25	67,2	0,52	0,	25,67				20,56	58,	1,59	7,43	0,				15,52	44,2					
08-05-2022 17:07:41						16,31	101,1	0,56	0,	25,55			16,90	100,2	0,61	0,08	25,5			24,25	67,2	0,5	0,	25,67				20,37	57,6	1,57	7,54	0,				14,83	42,4					
08-05-2022 17:12:42						16,37	101,1	0,53	0,	25,55			16,96	100,1	0,56	0,08	25,5			24,19	67,2	0,52	0,	25,67				20,37	58,1	1,72	7,53	0,				15,15	43,8					
08-05-2022 17:17:41						16,37	101,1	0,48	0,	25,55			16,96	100,	0,49	0,08	25,5			24,19	67,2	0,49	0,	25,67				20,31	58,4	1,5	7,18	0,				15,15	44,4					
08-05-2022 17:22:43						15,43	101,1	0,59	0,	25,55			16,96	100,	0,54	0,08	25,5			24,13	67,2	0,48	0,	25,67				20,31	58,4	1,53	7,18	0,				15,40	43,4					
08-05-2022 17:27:42						16,00	101,1	0,57	0,	25,55			16,96	99,9	0,58	0,08	25,5			24,13	67,2	0,49	0,	25,67				20,37	58,1	1,44	7,12	0,				15,02	39,8					
08-05-2022 17:32:41						16,25	101,1	0,49	0,	25,55			16,90	100,	0,52	0,08	25,5			24,06	67,2	0,5	0,	25,67				20,25	57,6	1,27	7,04	0,				15,08	40,6					
08-05-2022 17:37:43						16,37	101,1	0,53	0,	25,55			17,02	99,9	0,57	0,08	25,5			24,13	66,9	0,5	0,	25,67				20,18	57,2	1,15	6,74	0,				15,02	39,5					
08-05-2022 17:42:41						16,37	101,1	0,63	0,	25,55			15,40	99,5	0,74	0,08	25,5			24,19	67,1	0,55	0,	25,67				20,43	58,	1,08	6,45	0,				14,77	39,1					
08-05-2022 17:47:42						16,43	101,1	0,5	0,	25,55			16,65	100,1	0,48	0,08	25,5			24,13	66,8	0,52	0,	25,67				20,50	57,6	1,01	6,16	0,				14,96	40,2					
08-05-2022 17:52:41						15,43	101,1	0,52	0,	25,55			16,90	99,9	0,48	0,08	25,5			24,06	66,8	0,48	0,	25,67				20,43	56,4	0,79	5,79	0,				15,40	40,6					
08-05-2022 17:57:42						16,12	101,1	0,55	0,	25,55			16,83	99,9	0,56	0,08	25,5			24,06	66,8	0,53	0,	25,67				20,56	57,6	0,79	5,45	0,				14,77	38,2					
08-05-2022 18:02:41						16,25	101,1	0,58	0,	25,55			17,02	100,	0,52	0,08	25,5			24,00	66,8	0,49	0,	25,67				20,62	56,6	0,82	5,41	0,				14,83	38,6					
08-05-2022 18:07:42						16,43	101,1	0,55	0,	25,55			16,96	100,	0,52	0,08	25,5			24,00	66,8	0,5	0,	25,67				20,56	58,	0,78	4,96	0,				14,58	40,					
08-05-2022 18:12:42						16,43	101,1	0,51	0,	25,55			16,96	99,9	0,48	0,08	25,5			24,06	66,8	0,52	0,	25,67				20,81	57,8	0,81	5,09	0,				14,65	39,					
08-05-2022 18:17:41						16,43	101,1	0,49	0,	25,55			16,90	99,9	0,51	0,08	25,5			24,06	66,9	0,52	0,	25,67				20,81	57,7	0,78	4,99	0,				14,83	40,3					
08-05-2022 18:22:42						15,43	101,1	0,48	0,	25,55			16,96	99,8	0,48	0,08	25,5			23,94	66,8	0,5	0,	25,67				20,75	61,2	0,8	4,8	0,				14,83	38,6					
08-05-2022 18:27:42						16,06	101,1	0,57	0,	25,55			15,27	99,4	0,55	0,08	25,5			24,00	66,8	0,55	0,	25,67				20,56	61,6	0,79	4,83	0,				14,83	38,8					
08-05-2022 18:32:41						16,31	101,1	0,52	0,	25,55			16,52	100,	0,49	0,08	25,5			23,94	66,8	0,51	0,	25,67				20,68	61,9	0,79	4,63	0,				14,90	39,4					
08-05-2022 18:37:42						16,43	101,1	0,53	0,	25,55			16,77	99,9	0,56	0,08	25,5			23,94	66,8	0,51	0,	25,67				20,37	60,8	0,76	4,22	0,				14,40	37,4					
08-05-2022 18:42:42						16,43	101,1	0,53	0,	25,55			16,90	100,	0,48	0,08	25,5			23,94	66,8	0,51	0,	25,67				20,31	60,8	0,76	3,73	0,				14,65	37,2					
08-05-2022 18:47:41						16,56	101,1	0,48	0,	25,55			16,83	99,9	0,49	0,08	25,5			23,94	66,7	0,49	0,	25,67				20,06	59,9	0,71	2,75	0,				14,71	39,2					
08-05-2022 18:52:41						15,37	101,1	0,52	0,	25,55			16,90	99,9	0,52	0,08	25,5			23,88	66,6	0,48	0,	25,67				19,81	58,	0,55	0,8	0,				14,02	36,1					
08-05-2022 18:57:42						16,06	101,1	0,48	0,	25,55			16,83	99,8	0,49	0,08	25,5			23,88	66,6	0,48	0,	25,67				19,62	56,9	2,01	3,73	25,5				14,46	38,2					
08-05-2022 19:02:41						16,25	101,1	0,51	0,	25,55			16,90	99,8	0,51	0,08	25,5			23,88	66,6	0,48	0,	25,67				19,62	58,8	2,5	8,24	25,5				14,02	35,8					
08-05-2022 19:07:42						16,37	101,1	0,55	0,	25,55			16,77	99,8	0,52	0,08	25,5			23,94	66,4	0,56	0,	25,67				19,75	59,2	2,28	8,07	25,5				14,15	34,2					
08-05-2022 19:12:41						16,37	101,1	0,51	0,	25,55			15,21	99,4	0,49	0,08	25,5			23,88	66,4	0,51	0,	25,67				19,75	58,	2,33	7,76	25,5				13,90	33,6					
08-05-2022 19:17:42						16,37	101,1	0,48	0,	25,55			16,40	99,9	0,48	0,08	25,5			23,81	66,5	0,49	0,	25,67				19,31	58,	2,11	7,34	25,5				13,96	35,					
08-05-2022 19:22:41						15,18	101,1	0,51	0,	25,55			16,58	100,	0,53	0,08	25,5			23,75	66,6	0,56	0,	25,67				19,56	59,	2,24	7,35	25,5				13,90	29,1					
08-05-2022 19:27:42						16,06	101,1	0,56	0,	25,55			16,58	100,	0,54	0,08	25,5			23,81	66,5	0,54	0,	25,67				19,56	57,7	1,94	7,36	25,5				13,83	26,6					
08-05-2022 19:32:41						16,25	101,1	0,48	0,	25,55			16,65	99,9	0,49	0,08	25,5			23,75	66,6	0,52	0,	25,67				19,87	57,9	2,1	7,21	25,5				13,71	25,8					
08-05-2022 19:37:42						16,31	101,1	0,49	0,	25,55			16,65	99,9	0,5	0,08	25,5			23,69	66,7	0,48	0,	25,67				19,93	57,4	1,89	7,22	25,5				13,58	26,1					
08-05-2022 19:42:42						16,37	101,1	0,49	0,	25,55			16,71	99,8	0,48	0,08	25,5			23,69	66,8	0,5	0,	25,67				19,93	57,2	1,86	7,12	25,5				13,77	27,2					
08-05-2022 19:47:42						16,31	101,1	0,52	0,	25,55			16,71	99,8	0,51	0,08	25,5			23,63	66,8	0,5	0,	25,67				19,87	57,2	1,93	7,12	25,5				13,58	25,8					
08-05-2022 19:52:42						15,18	101,1	0,52	0,	25,55			16,71	99,8	0,5	0,08	25,5			23,56	66,9	0,52	0,	25,67				20,00	57,2	1,88	7,4	25,5				13,33	29,5					
08-05-2022 19:57:42						16,00	101,1	0,48	0,	25,55			15,02	99,4	0,49	0,08	25,5			23,56	66,8	0,5	0,	25,67				20,00	56,4	2,01	7,4	25,5				13,21	28,7					
08-05-2022 20:02:42						16,18	101,1	0,5	0,	25,55			16,21	99,9	0,48	0,08	25,5			23,50	66,9	0,49	0,	25,67				20,06	56,4	1,91	7,29	25,5				12,90	31,8					
08-05-2022 20:07:41						16,25	101,1	0,52	0,	25,55			16,40	99,9	0,54	0,08	25,5			23,50	67,2	0,52	0,	25,67				19,87	56,8	1,88	7,41	25,5				12,58	34,7					
08-05-2022 20:12:42						16,25	101,1	0,51	0,	25,55			16,52	100,1	0,48	0,08	25,5			23,44	67,2	0,48	0,	25,67				20,00	56,5	2,08	7,4	25,5				12,58	37,					
08-05-2022 20:17:42						16,25	101,1	0,48	0,	25,55			16,52	100,	0,48	0,08	25,5			23,38	67,2	0,48	0,	25,67				19,93	57,	2,05	7,4	25,5				12,27	40,1					
08-05-2022 20:22:42						15,00	101,1	0,49	0,	25,55			16,58	99,9	0,51	0,08	25,5			23,31	67,2	0,52	0,	25,67				19,87	56,7	2,03	7,39	25,5				11,96	40,3					
08-05-2022 20:27:42						15,75	101,1	0,56	0,	25,55			16,58	99,9	0,51	0,08	25,5			23,31	67,2	0,5	0,	25,67				19,87	56,8	1,96	7,4	25,5				11,65	41,9					
08-05-2022 20:32:41						15,93	101,1	0,52	0,	25,55			16,58	99,9	0,5	0,08	25,5			23,31	67,5	0,5	0,	25,67				19,37	56,8	2,05	7,4	25,5				11,40	44,1					
08-05-2022 20:37:42						16,06	101,1	0,48	0,	25,55			16,58	99,8	0,48	0,08	25,5			23,25	67,4	0,48	0,	25,67				19,56	58,1	2,03	7,41	25,5				11,21	46,4					
08-05-2022 20:42:41						16,06	101,1	0,48	0,	25,55			14,96	99,5	0,48	0,08	25,5			23,25	67,2	0,48	0,	25,67				19,68	58,	2,08	7,37	25,5				10,96	47,					
08-05-2022 20:47:42						16,06	101,1	0,48	0,	25,55			16,08	100,	0,48	0,08	25,5			23,19	67,6	0,48	0,	25,67				19,43	57,6	2,	7,3	25,5				10,83	48,2					
08-05-2022 20:52:41						14,93	101,1	0,48	0,	25,55			16,27	100,1	0,48	0,08	25,5			23,19	67,6	0,48	0,	25,67				19,31	58,7	1,86	7,29	25,5				10,46	49,3					
08-05-2022 20:57:42						15,62	101,1	0,48	0,	25,55			16,40	100,2	0,47	0,08	25,5			23,06	67,6	0,48	0,	25,67				19,31	60,	1,93	7,3	25,5				10,21	50,7					
08-05-2022 21:02:41						15,81	101,1	0,48	0,	25,55			16,40	100,1	0,48	0,08	25,5			23,00	67,7	0,48	0,	25,67				19,50	58,8	1,92	7,29	25,5				10,02	52,4					
08-05-2022 21:07:42						15,87	101,1	0,48	0,	25,55			16,46	100,	0,49	0,08	25,5			23,06	67,6	0,48	0,	25,67				19,25	57,2	2,04	7,3	25,5				9,77	54,1					
08-05-2022 21:12:43						15,93	101,1	0,48	0,	25,55			16,40	100,	0,47	0,08	25,5			23,06	67,9	0,48	0,	25,67				19,18	58,4	1,93	7,3	25,5				9,52	55,					
08-05-2022 21:17:41						15,93	101,1	0,48	0,	25,55			16,46	99,9	0,48	0,08	25,5			23,00	68,	0,48	0,	25,67				19,12	57,6	1,97	7,3	25,5				9,46	55,5					
08-05-2022 21:22:42						14,87	101,1	0,48	0,	25,55			16,40	99,9	0,48	0,08	25,5			22,94	67,8	0,48	0,	25,67				19,25	57,8	1,86	7,24	25,5				9,21	56,6					
08-05-2022 21:27:41						15,56	101,1	0,48	0,	25,55			14,90	99,7	0,48	0,08	25,5			22,88	68,	0,48	0,	25,67				19,12	57,6	1,95	7,22	25,5				9,21	57,4					
08-05-2022 21:32:41						15,81	101,1	0,48	0,	25,55			15,96	100,1	0,49	0,08	25,5			22,94	68,	0,48	0,	25,67				18,93	58,4	2,01	7,22	25,5				9,08	57,5					
08-05-2022 21:37:42						15,81	101,1	0,48	0,	25,55			16,15	100,2	0,48	0,08	25,5			22,81	68,	0,48	0,	25,67				18,93	58,4	1,93	7,17	25,5				9,02	58,					
08-05-2022 21:42:43						15,75	101,1	0,48	0,	25,55			16,33	100,2	0,47	0,08	25,5			22,88	68,	0,48	0,	25,67				19,06	59,2	1,95	7,17	25,5				8,83	58,8					
08-05-2022 21:47:41						15,81	101,1	0,48	0,	25,55			16,33	100,2	0,47	0,08	25,5			22,81	68,	0,48	0,	25,67				19,00	61,2	2,08	7,18	25,5				8,65	60,1					
08-05-2022 21:52:42						14,75	101,1	0,48	0,	25,55			16,33	100,1	0,48	0,08	25,5			22,75	68,2	0,48	0,	25,67				18,81	60,9	1,98	7,14	25,5				8,52	60,1					
08-05-2022 21:57:42						15,50	101,1	0,48	0,	25,55			16,27	100,	0,47	0,08	25,5			22,75	68,2	0,48	0,	25,67				18,56	60,3	1,83	7,14	25,5				8,52	59,8					
08-05-2022 22:02:42						15,68	101,1	0,48	0,	25,55			16,33	100,1	0,48	0,08	25,5			22,69	68,	0,48	0,	25,67				18,25	60,4	1,96	7,15	25,5				8,52	60,9					
08-05-2022 22:07:42						15,75	101,1	0,48	0,	25,55			16,27	100,	0,48	0,08	25,5			22,63	68,	0,48	0,	25,67				18,43	58,2	1,92	7,15	25,5				8,40	60,1					
08-05-2022 22:12:41						15,75	101,1	0,48	0,	25,55			14,83	99,8	0,48	0,08	25,5			22,69	68,2	0,48	0,	25,67				18,56	59,7	1,9	7,04	25,5				8,58	60,5					
08-05-2022 22:17:42						15,75	101,1	0,48	0,	25,55			15,83	100,3	0,48	0,08	25,5			22,63	68,3	0,48	0,	25,67				18,12	59,3	1,87	7,03	25,5				8,58	59,5					
08-05-2022 22:22:41						14,68	101,1	0,47	0,	25,55			16,08	100,3	0,48	0,08	25,5			22,56	68,	0,48	0,	25,67				18,18	59,7	1,87	7,04	25,5				8,58	60,5					
08-05-2022 22:27:42						15,43	101,1	0,48	0,	25,55			16,08	100,3	0,48	0,08	25,5			22,56	68,	0,48	0,	25,67				18,25	60,4	1,8	7,04	25,5				8,52	60,8					
08-05-2022 22:32:41						15,56	101,1	0,47	0,	25,55			16,15	100,3	0,48	0,08	25,5			22,50	68,	0,48	0,	25,67				18,25	60,8	1,85	7,	25,5				8,40	59,					
08-05-2022 22:37:42						15,56	101,1	0,48	0,	25,55			16,15	100,3	0,48	0,08	25,5			22,50	68,	0,48	0,	25,67				18,12	60,6	1,8	7,	25,5				8,46	58,1					
08-05-2022 22:42:42						15,56	101,1	0,48	0,	25,55			16,21	100,2	0,47	0,08	25,5			22,44	68,	0,48	0,	25,67				18,25	60,4	1,76	6,89	25,5				8,27	59,3					
08-05-2022 22:47:42						15,62	101,1	0,48	0,	25,55			16,21	100,3	0,48	0,08	25,5			22,38	67,6	0,48	0,	25,67				18,81	62,8	1,83	6,87	25,5				8,33	57,8					
08-05-2022 22:52:42						14,68	101,1	0,48	0,	25,55			16,15	100,1	0,48	0,08	25,5			22,38	68,	0,48	0,	25,67				19,37	64,8	1,89	6,85	25,5				8,27	57,7					
08-05-2022 22:57:41						15,25	101,1	0,48	0,	25,55			14,71	100,	0,48	0,08	25,5			22,38	68,	0,48	0,	25,67				18,87	62,8	1,83	6,8	25,5				8,15	56,5					
08-05-2022 23:02:42						15,50	101,1	0,48	0,	25,55			15,77	100,3	0,48	0,08	25,5			22,31	68,	0,48	0,	25,67				18,50	63,4	1,86	6,81	25,5				8,21	55,3					
08-05-2022 23:07:41						15,56	101,1	0,48	0,	25,55			15,90	100,3	0,48	0,08	25,5			22,38	68,	0,48	0,	25,67				18,25	61,6	1,86	6,81	25,5				8,08	56,1					
08-05-2022 23:12:41						15,62	101,1	0,47	0,	25,55			16,02	100,3	0,48	0,08	25,5			22,31	67,6	0,48	0,	25,67				18,12	62,5	1,79	6,74	25,5				7,90	56,1					
08-05-2022 23:17:41						15,62	101,1	0,48	0,	25,55			16,15	100,3	0,47	0,08	25,5			22,31	68,2	0,48	0,	25,67				18,43	62,4	1,79	6,73	25,5				7,83	59,7					
08-05-2022 23:22:43						14,62	101,1	0,48	0,	25,55			16,08	100,3	0,48	0,08	25,5			22,31	68,	0,48	0,	25,67				18,31	62,4	1,76	6,73	25,5				7,52	60,7					
08-05-2022 23:27:42						15,25	101,1	0,48	0,	25,55			16,08	100,3	0,48	0,08	25,5			22,31	68,2	0,48	0,	25,67				18,75	64,8	1,74	6,74	25,5				7,58	60,1					
08-05-2022 23:32:40						15,37	101,1	0,47	0,	25,55			16,15	100,3	0,5	0,08	25,5			22,31	68,	0,48	0,	25,67				19,62	63,7	1,8	6,74	25,5				7,65	59,7					
08-05-2022 23:37:43						15,50	101,1	0,48	0,	25,55			16,15	100,3	0,48	0,08	25,5			22,31	67,7	0,48	0,	25,67				19,75	68,2	1,67	6,64	25,5				7,58	59,					
08-05-2022 23:42:41						15,50	101,1	0,48	0,	25,55			14,58	100,	0,49	0,08	25,5			22,31	67,9	0,48	0,	25,67				19,62	70,4	1,76	6,51	25,5				7,27	58,1					
08-05-2022 23:47:42						15,56	101,1	0,48	0,	25,55			15,71	100,3	0,47	0,08	25,5			22,25	68,	0,48	0,	25,67				19,62	71,5	1,63	6,51	25,5				7,08	60,1					
08-05-2022 23:52:42						14,37	101,1	0,48	0,	25,55			15,83	100,3	0,48	0,08	25,5			22,25	68,1	0,48	0,	25,67				19,62	71,4	1,69	6,52	25,5				6,77	62,2					
08-05-2022 23:57:42						15,25	101,1	0,47	0,	25,55			15,90	100,4	0,48	0,08	25,5			22,25	68,	0,48	0,	25,67				19,25	69,5	1,57	6,52	25,5				6,90	61,2					
