Net no:						1	1	1	1	1			1	1	1	1	1			1	1	1	1	1				1	1	1	1	1				1	1					
Object no:						131	141	150	151	152			134	144	159	160	161			133	143	156	157	158				132	142	153	154	155				130	140					
Table no:						0	0	0	0	0			0	0	0	0	0			0	0	0	0	0				0	0	0	0	0				0	0					
Code no:						48	48	48	48	48			48	48	136	136	136			48	48	48	48	48				48	48	48	48	48				48	48					
Calculation:						T	/10	/100	/100	/100			T	/10	/100	/100	/100			T	/10	/100	/100	/100				T	/10	/100	/100	/100				T	/10					
Date/time:	Afp. 1776	Bes. 97184			Stald 1	Temp_stald1	Fugt_stald1	DynamicAir_trinlřs_stald1	Spjćld_trinlřs_stald 1	On/off_stald1		Stald 2	Temp_stald2	Fugt_stald2	DynamicAir_trinlřs_stald2	Spjćld_trinlřs_stald2	On/off_stald2		Stald5	Temp_stald5	Fugt_stald5	DynamicAir_trinlřs_stald5	Spjćld_trinlřs_stald5	On/off_stald 5			Stald6	Temp_stald6	Fugt_stald 6	DynamicAir_trinlřs_stald6	Spjćld_trinlřs_stald6	On/off_stald6			UDE	Temp_ude	Fugt_ude					
27-04-2022 00:02:41						14,25	82,2	0,65	1,78	0,			14,83	75,1	0,55	3,05	0,			6,63	82,4	2,2	9,31	0,				13,43	93,	0,47	0,	25,5				6,33	84,1					
27-04-2022 00:07:41						14,18	82,1	0,49	0,4	0,			15,08	74,6	0,58	2,67	0,			6,63	82,5	2,15	9,3	0,				13,50	93,1	0,47	0,	25,5				6,46	84,1					
27-04-2022 00:12:42						14,56	81,7	0,51	0,71	0,			15,02	75,	0,6	2,39	0,			6,63	82,8	2,09	9,3	0,				13,37	93,4	0,47	0,	25,5				6,52	83,9					
27-04-2022 00:17:41						14,50	82,9	0,44	0,	0,			15,46	76,7	0,55	2,03	0,			6,56	83,2	2,15	9,3	0,				13,31	93,4	0,47	0,	25,5				6,33	83,8					
27-04-2022 00:22:43						14,25	81,7	1,78	1,94	25,55			14,90	74,2	0,48	1,04	0,			6,56	82,8	2,15	9,3	0,				13,31	93,4	0,47	0,	25,5				6,27	84,					
27-04-2022 00:27:42						13,93	81,7	2,44	8,72	25,55			14,46	74,3	0,48	0,32	0,			6,56	83,2	2,13	9,3	0,				13,50	93,4	0,47	0,	25,5				6,33	84,1					
27-04-2022 00:32:42						14,25	82,5	2,27	8,55	25,55			14,58	74,3	0,48	0,08	0,			6,69	83,6	2,11	9,3	0,				13,50	93,3	0,47	0,	25,5				6,27	84,4					
27-04-2022 00:37:41						14,12	81,8	2,52	8,49	25,55			14,46	73,	0,48	0,08	0,			6,69	84,	2,24	9,29	0,				13,37	93,4	0,47	0,	25,5				6,40	84,5					
27-04-2022 00:42:42						14,50	82,1	2,26	8,23	25,55			15,15	75,	2,77	9,84	25,5			6,81	84,	2,15	9,28	0,				13,43	93,3	0,47	0,	25,5				6,52	84,8					
27-04-2022 00:47:40						14,68	82,2	2,18	8,12	25,55			15,27	74,6	2,62	9,84	25,5			6,94	84,	2,16	9,3	0,				13,25	93,4	0,47	0,	25,5				6,46	84,8					
27-04-2022 00:52:43						15,00	82,1	2,09	8,13	25,55			15,27	74,5	2,68	9,84	25,5			7,06	84,4	2,11	9,3	0,				13,43	93,1	0,47	0,	25,5				6,33	84,8					
27-04-2022 00:57:42						15,06	82,	2,09	8,08	25,55			15,40	74,	2,88	9,84	25,5			7,13	84,8	2,19	9,29	0,				13,50	93,1	0,47	0,	25,5				6,21	84,8					
27-04-2022 01:02:41						15,06	81,4	2,35	7,99	25,55			15,46	73,2	2,85	9,85	25,5			7,19	84,7	2,21	9,3	0,				13,37	93,1	0,47	0,	25,5				6,40	85,1					
27-04-2022 01:07:42						15,25	82,1	2,2	8,12	25,55			15,58	73,	2,65	9,85	25,5			7,19	84,5	2,26	9,29	0,				13,50	93,3	0,47	0,	25,5				6,46	85,3					
27-04-2022 01:12:41						15,06	81,3	2,29	8,37	25,55			15,58	73,	2,59	9,84	25,5			7,25	84,7	2,09	9,29	0,				13,50	93,4	0,47	0,	25,5				6,58	85,5					
27-04-2022 01:17:42						15,25	81,3	2,29	8,34	25,55			15,83	75,	2,91	9,84	25,5			7,25	84,8	2,1	9,29	0,				13,43	93,3	0,47	0,	25,5				6,33	85,2					
27-04-2022 01:22:42						15,00	81,	2,22	8,3	25,55			15,90	73,8	2,69	9,85	25,5			7,25	84,8	2,13	9,29	0,				13,25	93,4	0,47	0,	25,5				6,52	86,					
27-04-2022 01:27:41						15,18	80,9	2,24	8,43	25,55			16,15	75,	2,76	9,85	25,5			7,31	84,8	2,08	9,3	0,				13,43	93,4	0,47	0,	25,5				6,77	86,5					
27-04-2022 01:32:42						15,18	80,9	2,54	8,72	25,55			16,15	74,1	2,44	9,86	0,			7,31	85,1	2,16	9,3	0,				13,43	93,4	0,47	0,	25,5				6,52	86,4					
27-04-2022 01:37:43						15,12	81,	2,48	8,82	25,55			15,77	73,4	0,6	3,07	0,			7,31	84,8	2,12	9,3	0,				13,43	93,5	0,47	0,	25,5				6,40	86,4					
27-04-2022 01:42:42						15,18	80,5	2,42	8,71	25,55			15,83	74,3	0,55	3,24	0,			7,31	84,8	2,17	9,29	0,				13,50	93,7	0,47	0,	25,5				6,52	86,5					
27-04-2022 01:47:41						15,12	80,	2,34	8,68	25,55			15,52	72,4	0,58	3,24	0,01			7,25	84,8	2,14	9,29	0,				13,25	93,5	0,47	0,	25,5				6,40	86,4					
27-04-2022 01:52:42						15,25	80,7	2,37	8,8	25,55			15,33	72,5	0,56	3,07	0,			7,19	84,6	2,23	9,3	0,				13,56	93,7	0,47	0,	25,5				6,08	86,4					
27-04-2022 01:57:41						15,18	80,9	2,42	8,6	25,55			15,27	71,8	0,55	3,14	0,			7,13	84,2	2,2	9,29	0,				13,25	93,4	0,47	0,	25,5				6,27	87,2					
27-04-2022 02:02:42						14,93	81,3	2,38	8,61	25,55			15,02	71,5	0,57	3,14	0,			6,94	84,3	2,27	9,29	0,				13,37	93,7	0,47	0,	25,5				6,08	86,8					
27-04-2022 02:07:40						15,06	81,4	2,32	9,02	25,55			15,15	72,6	0,54	2,84	0,			6,94	84,4	2,21	9,31	0,				13,31	93,5	0,47	0,	25,5				6,15	87,5					
27-04-2022 02:12:42						14,81	81,7	2,3	9,33	25,55			15,27	71,9	0,58	2,08	0,			6,81	84,4	2,	9,29	0,				13,50	93,4	0,47	0,	25,5				6,08	87,6					
27-04-2022 02:17:40						14,68	80,9	2,44	9,14	25,55			15,27	72,8	0,56	2,08	0,			6,75	84,1	2,13	9,29	0,				13,37	93,5	0,47	0,	25,5				5,96	87,5					
27-04-2022 02:22:41						14,75	80,7	2,39	9,14	25,55			15,15	72,5	0,52	2,08	0,			6,63	84,4	2,19	9,3	0,				13,43	93,4	0,47	0,	25,5				5,96	87,8					
27-04-2022 02:27:42						14,56	80,5	2,35	9,33	25,55			15,15	72,1	0,56	1,88	0,			6,63	84,1	2,11	9,3	0,				13,37	93,4	0,47	0,	25,5				5,83	88,					
27-04-2022 02:32:41						14,81	80,5	2,25	9,13	25,55			15,27	71,8	0,57	1,88	0,			6,69	84,8	0,48	0,	25,67				13,43	93,5	0,47	0,	25,5				5,77	88,2					
27-04-2022 02:37:42						14,87	81,2	2,65	8,93	25,55			15,27	73,6	0,48	1,3	0,			7,31	86,3	0,48	0,	25,67				13,50	93,6	0,47	0,	25,5				5,83	88,4					
27-04-2022 02:42:40						14,81	80,8	2,37	8,63	25,55			15,27	72,	0,48	0,08	0,			7,81	86,8	0,48	0,	25,67				13,56	93,8	0,47	0,	25,5				5,71	88,4					
27-04-2022 02:47:42						15,12	81,3	2,28	8,81	25,55			15,40	72,5	2,8	9,84	25,5			8,25	87,7	0,48	0,	25,67				13,31	93,7	0,47	0,	25,5				5,46	88,4					
27-04-2022 02:52:41						14,81	80,9	2,36	8,82	25,55			15,40	73,3	3,01	9,84	25,5			8,56	88,3	0,48	0,	25,67				13,50	93,5	0,47	0,	25,5				5,52	88,9					
27-04-2022 02:57:41						14,87	81,	2,43	8,5	25,55			15,40	72,6	2,64	9,85	25,5			8,75	88,4	0,48	0,	25,67				13,62	93,8	0,47	0,	25,5				5,46	89,2					
27-04-2022 03:02:41						14,56	81,	2,27	8,32	25,55			15,52	72,9	2,66	9,85	25,5			8,88	88,6	0,48	0,	25,67				13,56	93,7	0,47	0,	25,5				5,40	89,2					
27-04-2022 03:07:42						14,93	81,3	2,33	8,33	25,55			15,46	72,8	2,4	9,84	25,5			9,00	88,8	0,48	0,	25,67				13,43	93,5	0,47	0,	25,5				5,52	89,7					
27-04-2022 03:12:42						14,93	81,3	2,22	8,14	25,55			15,52	73,7	2,49	9,85	25,5			9,13	88,8	0,48	0,	25,67				13,43	93,8	0,47	0,	25,5				5,46	89,7					
27-04-2022 03:17:41						15,18	81,6	2,13	8,23	25,55			15,52	72,5	2,66	9,84	25,5			9,19	88,9	0,48	0,	25,67				13,68	93,8	0,47	0,	25,5				5,40	89,8					
27-04-2022 03:22:43						15,18	80,9	2,28	8,07	25,55			15,40	71,4	2,38	9,85	25,5			9,25	89,2	0,48	0,	25,67				13,43	93,8	0,47	0,	25,5				5,27	89,9					
27-04-2022 03:27:41						15,25	80,9	2,1	8,04	25,55			15,40	73,	2,46	9,84	25,5			9,38	89,2	0,48	0,	25,67				13,62	93,8	0,47	0,	25,5				5,21	90,					
27-04-2022 03:32:42						15,25	80,1	2,11	7,95	25,55			15,58	72,6	2,43	9,85	25,5			9,44	89,3	0,48	0,	25,67				13,50	93,7	0,47	0,	25,5				5,08	90,1					
27-04-2022 03:37:41						15,12	80,1	2,05	7,93	25,55			15,71	73,4	2,31	9,85	25,5			9,50	89,3	0,48	0,	25,67				13,75	93,8	0,47	0,	25,5				5,02	90,1					
27-04-2022 03:42:43						15,18	80,5	2,12	8,13	25,55			15,65	73,4	2,4	9,86	25,5			9,50	89,3	0,48	0,	25,67				13,75	93,8	0,47	0,	25,5				4,96	90,4					
27-04-2022 03:47:41						14,93	80,8	2,13	7,93	25,55			15,65	72,6	2,43	9,85	25,5			9,56	89,5	0,48	0,	25,67				13,62	93,8	0,47	0,	25,5				4,90	90,4					
27-04-2022 03:52:41						15,06	79,3	2,06	7,83	25,55			15,46	72,7	2,27	9,85	25,5			9,63	89,3	0,48	0,	25,67				13,50	93,8	0,47	0,	25,5				4,90	90,5					
27-04-2022 03:57:41						15,00	79,1	2,22	7,74	25,55			15,33	72,6	2,46	9,85	25,5			9,63	89,5	0,48	0,	25,67				13,75	93,9	0,47	0,	25,5				4,83	90,6					
27-04-2022 04:02:41						15,37	80,5	1,94	7,79	25,55			15,58	72,6	2,47	9,85	25,5			9,69	89,4	0,48	0,	25,67				13,50	94,	0,47	0,	25,5				5,08	90,8					
27-04-2022 04:07:42						15,50	80,5	2,15	7,82	25,55			15,40	72,5	2,3	9,85	25,5			9,69	89,3	0,48	0,	25,67				13,62	93,9	0,47	0,	25,5				5,02	91,					
27-04-2022 04:12:41						15,50	80,9	2,01	7,65	25,55			15,52	73,	2,45	9,85	25,5			9,81	89,2	0,48	0,	25,67				13,56	93,9	0,47	0,	25,5				5,02	91,					
27-04-2022 04:17:42						15,68	80,9	1,88	7,64	25,55			15,40	73,7	2,46	9,85	25,5			9,81	89,2	0,48	0,	25,67				13,62	94,1	0,47	0,	25,5				5,02	91,2					
27-04-2022 04:22:40						15,56	80,1	1,96	7,44	25,55			15,40	73,	2,35	9,85	25,5			9,88	89,2	0,48	0,	25,67				13,50	94,2	0,47	0,	25,5				5,21	91,4					
27-04-2022 04:27:42						15,81	80,5	1,76	7,39	25,55			15,52	72,6	2,12	9,85	25,5			9,88	88,9	0,48	0,	25,67				13,68	94,1	0,47	0,	25,5				5,27	91,5					
27-04-2022 04:32:41						16,06	80,9	1,97	7,48	25,55			15,65	72,8	2,14	9,85	25,5			9,94	88,8	0,48	0,	25,67				13,50	94,2	0,47	0,	25,5				5,27	91,5					
27-04-2022 04:37:41						16,25	81,2	1,87	7,38	25,55			15,65	72,1	2,01	9,84	25,5			10,00	88,8	0,48	0,	25,67				13,56	94,4	0,47	0,	25,5				5,08	91,2					
27-04-2022 04:42:42						16,00	80,5	1,88	7,63	25,55			15,77	73,	2,04	9,85	25,5			10,00	88,7	0,48	0,	25,67				13,68	94,3	0,47	0,	25,5				5,15	91,3					
27-04-2022 04:47:41						15,43	79,9	1,78	7,51	25,55			15,65	72,8	2,1	9,86	25,5			10,00	88,7	0,48	0,	25,67				13,68	94,3	0,47	0,	25,5				5,27	91,6					
27-04-2022 04:52:41						15,87	80,9	1,91	7,42	25,55			15,52	72,3	1,83	9,85	25,5			10,06	88,6	0,48	0,	25,67				13,62	94,3	0,47	0,	25,5				4,90	91,2					
27-04-2022 04:57:41						15,75	80,3	2,03	7,47	25,55			15,58	72,	2,	9,85	25,5			10,13	88,5	0,48	0,	25,67				13,50	94,4	0,47	0,	25,5				4,90	91,5					
27-04-2022 05:02:41						15,68	80,4	1,87	7,46	25,55			15,77	72,2	1,95	9,85	25,5			10,13	88,5	0,48	0,	25,67				13,75	94,4	0,47	0,	25,5				4,77	91,6					
27-04-2022 05:07:41						15,62	80,1	1,94	7,35	25,55			15,71	73,6	1,93	9,85	25,5			10,13	88,4	0,48	0,	25,67				13,81	94,4	0,47	0,	25,5				5,08	92,1					
27-04-2022 05:12:42						15,68	80,5	1,86	7,3	25,55			16,15	74,6	1,79	9,86	25,5			10,19	88,4	0,48	0,	25,67				13,62	94,3	0,47	0,	25,5				4,96	92,					
27-04-2022 05:17:41						15,62	80,5	1,76	7,43	25,55			15,71	73,	2,01	9,85	25,5			10,13	88,4	0,48	0,	25,67				13,62	94,5	0,47	0,	25,5				4,96	92,2					
27-04-2022 05:22:42						15,56	79,9	1,93	7,71	25,55			15,65	72,5	2,	9,86	25,5			10,19	88,2	0,48	0,	25,67				13,68	94,4	0,47	0,	25,5				4,90	92,					
27-04-2022 05:27:41						15,37	79,3	1,87	7,69	25,55			15,52	72,	1,75	9,85	25,5			10,19	88,1	0,48	0,	25,67				13,62	94,5	0,47	0,	25,5				4,65	92,					
27-04-2022 05:32:40						15,00	79,	1,91	7,53	25,55			15,65	73,4	1,65	9,84	25,5			10,25	88,3	0,48	0,	25,67				13,75	94,5	0,47	0,	25,5				4,90	92,4					
27-04-2022 05:37:42						15,25	80,1	2,07	7,41	25,55			15,65	71,9	1,7	9,85	25,5			10,19	88,	0,48	0,	25,67				13,56	94,6	0,47	0,	25,5				4,65	92,1					
27-04-2022 05:42:40						15,37	80,1	1,96	7,44	25,55			15,65	72,6	1,63	9,85	25,5			10,31	88,	0,48	0,	25,67				13,75	94,5	0,47	0,	25,5				4,65	92,					
27-04-2022 05:47:42						15,43	80,4	1,8	7,54	25,55			15,90	74,2	1,61	9,84	25,5			10,25	88,1	0,48	0,	25,67				13,68	94,6	0,47	0,	25,5				4,83	92,4					
27-04-2022 05:52:41						15,62	81,2	1,87	7,39	25,55			15,96	72,2	1,69	9,85	25,5			10,31	88,	0,48	0,	25,67				13,75	94,6	0,47	0,	25,5				4,83	92,4					
27-04-2022 05:57:42						15,43	80,5	1,74	7,53	25,55			15,83	71,9	1,8	9,85	25,5			10,31	88,	0,48	0,	25,67				13,62	94,6	0,47	0,	25,5				4,77	92,3					
27-04-2022 06:02:41						15,25	80,9	1,88	7,44	25,55			15,96	72,4	1,64	9,85	25,5			10,31	88,	0,48	0,	25,67				13,56	94,6	0,47	0,	25,5				4,71	92,3					
27-04-2022 06:07:41						15,31	80,5	1,87	7,5	25,55			16,08	72,5	1,62	9,85	25,5			10,38	88,	0,48	0,	25,67				13,62	94,6	0,47	0,	25,5				4,90	92,5					
27-04-2022 06:12:41						15,68	82,	1,89	7,35	25,55			16,15	73,7	1,47	9,84	25,5			10,38	88,	0,48	0,	25,67				13,68	94,6	0,47	0,	25,5				4,90	92,3					
27-04-2022 06:17:41						15,87	81,8	1,86	7,4	25,55			16,52	74,	1,65	9,85	25,5			10,44	88,	0,48	0,	25,67				13,56	94,6	0,47	0,	25,5				5,27	92,					
27-04-2022 06:22:43						15,81	82,1	1,87	7,41	25,55			16,27	74,6	1,91	9,86	25,5			10,44	88,	0,48	0,	25,67				13,56	94,6	0,47	0,	25,5				5,08	91,2					
27-04-2022 06:27:41						16,31	83,7	1,72	7,5	25,55			16,02	75,3	1,89	9,85	25,5			10,44	88,	0,48	0,	25,67				13,68	94,6	0,47	0,	25,5				5,08	90,4					
27-04-2022 06:32:42						15,93	82,6	2,07	7,61	25,55			16,15	75,8	2,12	9,85	25,5			10,50	88,	0,48	0,	25,67				13,75	94,6	0,47	0,	25,5				4,96	89,6					
27-04-2022 06:37:41						15,81	82,9	1,96	7,44	25,55			16,21	76,7	2,09	9,86	25,5			10,44	88,	0,48	0,	25,67				13,68	95,	0,47	0,	25,5				4,96	86,7					
27-04-2022 06:42:42						16,00	82,	2,14	7,73	25,55			16,21	77,	2,23	9,86	25,5			10,50	87,6	0,48	0,	25,67				13,56	95,	0,47	0,	25,5				4,96	84,1					
27-04-2022 06:47:40						16,93	84,9	2,28	8,1	25,55			15,90	77,4	2,22	9,86	25,5			10,63	87,2	0,48	0,	25,67				13,81	95,1	0,47	0,	25,5				4,96	84,					
27-04-2022 06:52:42						16,50	84,5	2,57	8,76	25,55			17,08	77,8	2,6	9,86	25,5			10,56	87,6	0,48	0,	25,67				13,81	95,1	0,47	0,	25,5				4,96	85,6					
27-04-2022 06:57:42						15,37	84,1	2,29	8,44	25,55			16,90	78,7	2,86	9,86	25,5			10,56	87,6	0,48	0,	25,67				13,81	95,1	0,47	0,	25,5				5,21	86,4					
27-04-2022 07:02:41						14,75	84,4	2,35	8,26	25,55			16,33	78,2	2,92	9,85	25,5			10,63	87,5	0,48	0,	25,67				13,75	95,1	0,47	0,	25,5				5,33	86,4					
27-04-2022 07:07:42						14,81	85,9	2,28	8,03	25,55			15,27	77,4	2,67	9,85	25,5			10,75	87,2	0,48	0,	25,67				13,87	95,1	0,47	0,	25,5				5,52	86,					
27-04-2022 07:12:41						15,18	85,7	2,06	7,74	25,55			15,40	79,8	2,9	9,85	25,5			10,75	87,2	0,48	0,	25,67				13,81	94,6	0,47	0,	25,5				5,77	85,2					
27-04-2022 07:17:43						16,50	88,3	2,26	7,98	25,55			15,08	78,2	2,54	9,85	25,5			10,56	86,4	0,48	0,	25,67				13,87	95,	0,47	0,	25,5				5,83	83,9					
27-04-2022 07:22:41						15,75	85,3	2,22	8,11	25,55			16,02	80,6	2,86	9,85	25,5			10,38	86,1	0,48	0,	25,67				13,81	95,	0,47	0,	25,5				6,15	82,5					
27-04-2022 07:27:42						15,12	85,7	2,34	8,06	25,55			16,02	79,4	2,94	9,86	25,5			10,50	86,5	0,48	0,	25,67				14,00	95,	0,47	0,	25,5				6,21	81,2					
27-04-2022 07:32:41						15,06	85,	2,02	7,72	25,55			15,40	77,5	2,95	9,86	25,5			10,50	87,2	0,48	0,	25,67				13,93	95,1	0,47	0,	25,5				6,52	80,4					
27-04-2022 07:37:42						15,50	85,1	1,85	7,53	25,55			15,33	77,7	2,79	9,85	25,5			10,50	87,3	0,48	0,	25,67				13,93	95,	0,47	0,	25,5				6,71	80,1					
27-04-2022 07:42:42						15,50	84,9	1,91	7,55	25,55			15,40	78,3	2,47	9,85	25,5			10,56	87,6	0,48	0,	25,67				13,75	95,	0,47	0,	25,5				6,96	80,					
27-04-2022 07:47:40						15,75	85,1	1,93	7,48	25,55			15,40	77,8	2,31	9,84	25,5			10,63	87,8	0,48	0,	25,67				14,06	95,	0,47	0,	25,5				6,96	78,8					
27-04-2022 07:52:42						15,68	85,1	1,83	7,62	25,55			15,58	77,4	2,57	9,85	25,5			10,69	88,	0,48	0,	25,67				14,06	95,1	0,47	0,	25,5				7,08	79,2					
27-04-2022 07:57:41						15,56	84,9	1,94	7,61	25,55			15,58	78,1	2,11	9,85	25,5			10,69	88,	0,48	0,	25,67				13,87	95,1	0,47	0,	25,5				7,52	79,6					
27-04-2022 08:02:41						15,75	84,9	1,96	7,83	25,55			15,71	78,2	2,21	9,86	25,5			10,75	88,	0,48	0,	25,67				14,00	95,1	0,47	0,	25,5				7,65	78,					
27-04-2022 08:07:42						15,75	84,4	2,04	7,84	25,55			16,02	78,2	2,37	9,85	25,5			10,81	88,	0,48	0,	25,67				14,12	95,1	0,47	0,	25,5				7,77	75,2					
27-04-2022 08:12:42						15,87	84,5	2,08	8,11	25,55			15,90	77,2	2,52	9,85	25,5			10,88	88,1	0,48	0,	25,67				14,12	95,	0,47	0,	25,5				7,83	75,6					
27-04-2022 08:17:41						15,68	84,1	2,33	8,17	25,55			15,90	76,7	2,28	9,84	25,5			10,94	88,	0,48	0,	25,67				14,06	95,	0,47	0,	25,5				7,96	74,8					
27-04-2022 08:22:42						15,75	83,7	2,44	8,34	25,55			16,21	77,	2,6	9,84	25,5			10,94	88,3	0,48	0,	25,67				14,06	95,	0,47	0,	25,5				8,02	74,					
27-04-2022 08:27:41						15,81	83,3	2,29	8,43	25,55			16,15	77,	3,	9,86	25,5			11,00	88,1	0,48	0,	25,67				14,00	94,9	0,47	0,	25,5				8,27	73,					
27-04-2022 08:32:41						15,50	84,2	2,36	9,1	25,55			16,08	77,	2,54	9,85	25,5			10,94	88,2	0,48	0,	25,67				14,00	94,9	0,47	0,	25,5				8,52	72,5					
27-04-2022 08:37:41						15,43	83,4	2,34	9,54	25,55			16,15	76,5	2,54	9,84	25,5			11,00	88,4	0,48	0,	25,67				14,18	94,9	0,47	0,	25,5				8,65	72,5					
27-04-2022 08:42:42						15,81	83,7	2,93	7,55	0,			16,40	77,	2,73	9,86	0,			11,06	88,4	0,48	0,	25,67				14,18	94,9	0,47	0,	25,5				9,08	73,3					
27-04-2022 08:47:42						16,00	83,7	0,63	2,56	0,			16,27	75,5	0,48	1,36	0,			11,13	88,3	0,48	0,	25,67				14,06	95,	0,47	0,	25,5				9,02	70,9					
27-04-2022 08:52:41						16,12	83,6	0,73	3,34	0,			16,58	76,7	0,48	0,64	0,			11,19	88,4	0,48	0,	25,67				14,06	95,	0,47	0,	25,5				9,33	70,5					
27-04-2022 08:57:42						16,18	83,3	0,73	3,68	0,			16,71	76,5	0,5	1,57	0,			11,19	88,3	0,48	0,	25,67				14,12	95,	0,47	0,	25,5				9,52	69,7					
27-04-2022 09:02:41						16,00	83,	0,77	4,47	0,			16,71	75,7	0,53	1,82	0,			11,19	88,1	0,48	0,	25,67				14,31	95,	0,47	0,	25,5				9,83	69,8					
27-04-2022 09:07:41						16,43	83,7	0,76	5,25	0,			16,83	75,3	0,6	2,74	0,			11,25	88,1	0,48	0,	25,67				14,37	95,	0,47	0,	25,5				9,90	69,3					
27-04-2022 09:12:41						16,31	83,2	0,88	6,04	0,			16,96	75,8	0,54	3,6	0,			11,25	88,	0,48	0,	25,67				14,25	95,	0,47	0,	25,5				9,83	67,4					
27-04-2022 09:17:41						16,37	83,7	0,92	6,56	0,			17,21	75,4	0,59	4,32	0,			11,31	88,	0,48	0,	25,67				14,25	95,	0,47	0,	25,5				10,21	68,5					
27-04-2022 09:22:42						16,25	84,1	1,76	7,54	0,			17,08	75,8	0,6	5,16	0,			11,38	88,	0,48	0,	25,67				14,37	95,	0,47	0,	25,5				9,90	66,9					
27-04-2022 09:27:41						15,75	84,5	2,09	7,86	0,			16,96	75,8	0,62	5,16	0,			11,44	88,	0,48	0,	25,67				14,25	94,6	0,47	0,	25,5				10,15	68,1					
27-04-2022 09:32:42						15,81	84,5	2,46	8,	0,			16,83	75,4	0,62	5,39	0,			11,44	88,	0,48	0,	25,67				14,37	95,	0,47	0,	25,5				10,40	68,5					
27-04-2022 09:37:40						15,81	85,3	2,15	8,28	0,			17,27	75,8	0,65	5,71	0,			11,50	88,	0,48	0,	25,67				14,37	95,	0,47	0,	25,5				10,40	66,6					
27-04-2022 09:42:42						15,62	84,4	2,2	9,01	0,			17,02	75,7	0,68	6,71	0,			11,50	88,1	0,48	0,	25,67				14,50	95,	0,47	0,	25,5				10,58	66,5					
27-04-2022 09:47:41						15,56	84,9	2,05	9,57	0,			16,96	75,4	0,69	6,92	0,			11,56	88,1	0,48	0,	25,67				14,50	95,	0,47	0,	25,5				10,77	66,5					
27-04-2022 09:52:41						15,62	84,5	1,94	9,56	0,			16,90	75,4	0,81	8,46	0,			11,56	88,1	0,48	0,	25,67				14,37	94,9	0,47	0,	25,5				10,83	67,					
27-04-2022 09:57:43						15,87	85,3	2,22	9,53	0,			16,83	76,1	1,26	9,32	0,			11,63	88,2	0,48	0,	25,67				14,37	94,9	0,47	0,	25,5				11,08	67,5					
27-04-2022 10:02:41						15,93	84,8	2,24	9,52	0,			16,77	76,7	1,33	9,86	0,			11,69	88,4	0,48	0,	25,67				14,37	94,8	0,49	0,	25,5				10,90	64,5					
27-04-2022 10:07:42						16,06	84,8	2,14	9,53	0,			16,40	76,	1,74	9,86	0,			11,63	88,4	0,48	0,	25,67				14,43	94,7	0,47	0,	25,5				11,21	66,1					
27-04-2022 10:12:42						15,93	84,5	1,94	9,54	0,			16,08	76,6	1,99	9,86	0,			11,69	88,3	0,48	0,	25,67				14,37	94,6	0,47	0,	25,5				10,96	64,4					
27-04-2022 10:17:43						16,31	85,	1,74	9,55	0,			16,40	77,4	2,37	9,86	0,			11,75	88,4	0,48	0,	25,67				14,50	94,6	0,47	0,	25,5				10,96	65,					
27-04-2022 10:22:41						16,18	84,5	2,	9,52	0,			16,33	77,4	2,57	9,85	0,			11,75	88,4	0,48	0,	25,67				14,68	94,5	0,47	0,	25,5				11,21	64,9					
27-04-2022 10:27:41						16,56	84,8	1,97	9,54	0,			16,21	75,8	2,42	9,87	0,			11,81	88,4	0,48	0,	25,67				14,62	94,2	0,47	0,	25,5				11,02	63,7					
27-04-2022 10:32:41						16,50	84,7	2,03	9,53	0,			16,65	77,4	2,48	9,86	0,			11,81	88,4	0,48	0,	25,67				14,68	94,3	0,47	0,	25,5				11,40	64,1					
27-04-2022 10:37:42						16,81	84,8	2,07	9,54	0,			16,40	76,2	2,6	9,86	0,			11,88	88,4	0,48	0,	25,67				14,50	94,2	0,47	0,	25,5				11,33	62,1					
27-04-2022 10:42:43						16,62	83,7	1,92	9,53	0,			16,33	76,2	2,47	9,86	0,			11,88	88,4	0,48	0,	25,67				14,62	94,2	0,47	0,	25,5				11,08	63,1					
27-04-2022 10:47:41						16,56	83,7	2,04	9,55	0,			16,40	76,1	2,39	9,86	0,			11,88	88,4	0,48	0,	25,67				14,81	93,7	0,47	0,	25,5				11,46	63,6					
27-04-2022 10:52:42						16,75	84,	1,97	9,55	0,			16,40	75,6	2,39	9,86	0,			12,00	88,4	0,48	0,	25,67				14,75	93,5	0,47	0,	25,5				12,02	62,1					
27-04-2022 10:57:42						17,12	83,7	2,	9,57	0,			16,52	75,2	2,34	9,87	0,			12,00	88,6	0,48	0,	25,67				14,75	93,8	0,47	0,	25,5				11,77	60,5					
27-04-2022 11:02:42						17,56	84,2	2,	9,55	0,			16,90	75,	2,2	9,87	0,			12,13	88,4	0,48	0,	25,67				14,56	93,7	0,47	0,	25,5				12,65	61,2					
27-04-2022 11:07:41						17,43	83,3	2,12	9,53	0,			17,15	75,6	2,47	9,86	0,			12,06	88,4	0,48	0,	25,67				14,87	93,4	0,47	0,	25,5				12,08	59,4					
27-04-2022 11:12:41						17,50	82,2	1,95	9,53	0,			17,40	74,6	2,24	9,86	0,			12,06	88,4	0,48	0,	25,67				14,93	93,5	0,47	0,	25,5				12,27	59,3					
27-04-2022 11:17:41						18,12	82,9	2,14	9,54	0,			17,40	74,2	2,49	9,86	0,			12,19	88,4	0,48	0,	25,67				14,93	92,6	0,47	0,	25,5				12,21	59,5					
27-04-2022 11:22:42						18,00	82,9	2,23	9,55	0,			17,40	73,7	2,4	9,86	0,			12,19	88,4	0,48	0,	25,67				14,81	92,7	0,47	0,	25,5				12,65	60,7					
27-04-2022 11:27:42						18,31	82,3	2,11	9,56	0,			17,83	73,4	2,26	9,86	0,			12,19	88,5	0,48	0,	25,67				14,93	92,2	0,47	0,	25,5				13,08	59,3					
27-04-2022 11:32:41						17,93	80,6	2,01	9,53	0,			17,90	73,4	2,44	9,85	0,			12,31	88,4	0,48	0,	25,67				14,87	92,1	0,47	0,	25,5				12,90	57,3					
27-04-2022 11:37:43						18,25	80,8	2,09	9,56	0,			18,15	72,7	2,39	9,87	0,			12,31	88,4	0,48	0,	25,67				14,87	92,	0,47	0,	25,5				13,46	56,7					
27-04-2022 11:42:41						18,62	81,	1,98	9,56	0,			18,27	72,2	2,47	9,86	0,			12,31	88,4	0,48	0,	25,67				15,18	91,6	0,47	0,	25,5				13,21	55,7					
27-04-2022 11:47:42						18,81	80,5	2,04	9,56	0,			18,33	72,	2,31	9,86	0,			12,31	88,4	0,48	0,	25,67				15,00	91,8	0,47	0,	25,5				12,77	55,7					
27-04-2022 11:52:40						18,87	79,6	2,06	9,55	0,			18,52	70,9	2,47	9,85	0,			12,31	88,4	0,48	0,	25,67				15,12	92,1	0,47	0,	25,5				13,71	56,5					
27-04-2022 11:57:43						19,06	80,	2,15	9,54	0,			18,46	70,2	2,33	9,86	0,			12,38	88,4	0,48	0,	25,67				14,93	91,4	0,47	0,	25,5				12,71	55,1					
27-04-2022 12:02:40						19,06	79,5	2,02	9,54	0,			18,71	70,1	2,31	9,87	0,			12,38	88,4	0,48	0,	25,67				14,93	91,	0,47	0,	25,5				13,58	55,3					
27-04-2022 12:07:41						19,06	78,5	2,16	9,55	0,			18,71	70,1	2,34	9,86	0,			12,44	88,4	0,48	0,	25,67				15,06	91,6	0,47	0,	25,5				12,83	54,1					
27-04-2022 12:12:42						19,25	79,5	2,15	9,54	0,			18,90	68,7	2,47	9,86	0,			12,50	88,4	0,48	0,	25,67				15,25	91,	0,47	0,	25,5				12,71	52,1					
27-04-2022 12:17:41						19,68	79,3	2,06	9,55	0,			18,96	67,7	2,46	9,86	0,			12,56	88,4	0,48	0,	25,67				15,06	91,	0,47	0,	25,5				12,58	53,					
27-04-2022 12:22:41						19,81	80,2	2,3	9,54	0,			19,77	72,6	2,17	9,87	0,			12,50	88,4	0,48	0,	25,67				15,06	91,4	0,47	0,	25,5				12,65	53,5					
27-04-2022 12:27:41						19,31	78,9	2,26	9,58	0,			19,96	72,6	2,23	9,86	0,			12,63	88,4	0,48	0,	25,67				15,06	90,8	0,47	0,	25,5				13,46	53,7					
27-04-2022 12:32:42						18,81	77,7	1,98	9,53	0,			19,96	72,2	2,83	9,87	0,			12,56	88,4	0,48	0,	25,67				15,06	88,6	0,47	0,	25,5				14,15	56,7					
27-04-2022 12:37:41						19,12	79,	2,07	9,57	0,			19,77	72,6	2,39	9,86	0,			12,69	88,4	0,48	0,	25,67				15,00	89,	0,48	0,	25,5				14,21	54,8					
27-04-2022 12:42:42						19,37	79,3	2,01	9,56	0,			19,90	72,2	2,35	9,86	0,			12,69	88,4	0,48	0,	25,67				15,12	90,	0,49	0,	25,5				13,58	52,1					
27-04-2022 12:47:41						19,43	78,5	2,11	9,54	0,			19,71	69,9	2,43	9,87	0,			12,81	88,4	0,48	0,	25,67				15,12	90,2	0,47	0,	25,5				13,83	57,3					
27-04-2022 12:52:41						19,50	77,6	2,19	9,57	0,			19,96	71,	2,39	9,86	0,			12,75	88,4	0,48	0,	25,67				15,18	89,4	0,47	0,	25,5				13,83	59,2					
27-04-2022 12:57:41						20,18	77,9	2,51	9,57	0,			20,33	70,2	2,4	9,86	0,			12,81	88,4	0,48	0,	25,67				15,43	90,	0,47	0,	25,5				13,90	57,6					
27-04-2022 13:02:40						20,56	77,3	2,31	9,57	0,			20,27	69,4	2,61	9,86	0,			12,81	88,3	0,48	0,	25,67				15,56	87,7	0,47	0,	25,5				13,90	56,4					
27-04-2022 13:07:42						20,68	77,3	2,4	9,54	0,			20,15	69,	2,2	9,86	0,			12,88	88,3	0,48	0,	25,67				15,25	88,7	0,47	0,	25,5				14,52	58,9					
27-04-2022 13:12:41						20,56	74,2	2,45	9,55	0,			20,15	67,	2,3	9,85	0,			12,88	88,3	0,48	0,	25,67				15,25	88,2	0,47	0,	25,5				13,96	53,9					
27-04-2022 13:17:42						20,62	73,5	2,45	9,54	0,			20,52	65,9	2,98	9,87	0,			12,88	88,1	0,48	0,	25,67				15,37	87,3	0,48	0,	25,5				13,40	54,5					
27-04-2022 13:22:41						20,50	74,5	2,46	9,56	0,			20,21	63,7	2,83	9,87	0,			12,88	88,2	0,48	0,	25,67				15,37	85,4	0,47	0,	25,5				13,27	54,5					
27-04-2022 13:27:42						20,18	73,3	2,45	9,57	0,			20,46	64,7	3,11	9,86	0,			13,00	88,	0,48	0,	25,67				15,37	89,	0,47	0,	25,5				14,46	53,8					
27-04-2022 13:32:41						20,31	72,7	2,52	9,56	0,			20,65	62,4	3,02	9,87	0,			12,94	88,	0,48	0,	25,67				15,25	85,6	0,47	0,	25,5				14,27	47,8					
27-04-2022 13:37:42						20,37	71,1	2,61	9,57	0,			20,46	62,1	2,95	9,87	0,			13,00	88,	0,48	0,	25,67				15,37	84,1	0,47	0,	25,5				13,52	51,1					
27-04-2022 13:42:42						20,00	71,7	2,61	9,55	0,			20,33	62,6	2,93	9,87	0,			13,00	88,	0,48	0,	25,67				15,37	83,3	0,47	0,	25,5				13,71	54,5					
27-04-2022 13:47:40						20,06	71,2	2,57	9,55	0,			20,58	62,5	2,76	9,87	0,			13,06	88,	0,49	0,	25,67				15,31	83,4	0,47	0,	25,5				14,52	51,7					
27-04-2022 13:52:42						20,18	70,5	2,5	9,56	0,			20,71	63,1	3,13	9,86	0,			13,00	88,	0,48	0,	25,67				15,31	83,2	0,47	0,	25,5				13,77	50,5					
27-04-2022 13:57:41						20,06	69,4	2,29	9,56	0,			20,71	65,4	2,98	9,86	0,			13,13	87,8	0,49	0,	25,67				15,12	80,3	0,47	0,	25,5				13,52	54,1					
27-04-2022 14:02:42						20,00	70,3	2,66	9,55	0,			20,52	63,4	2,92	9,87	0,			13,00	88,	0,48	0,	25,67				15,56	85,4	0,47	0,	25,5				13,46	54,1					
27-04-2022 14:07:41						19,87	70,6	2,4	9,55	0,			20,27	63,3	2,98	9,87	0,			13,06	87,9	0,48	0,	25,67				15,43	88,	0,51	0,	25,5				13,71	54,6					
27-04-2022 14:12:42						20,00	70,7	2,45	9,55	0,			20,08	63,3	2,38	9,87	0,			13,13	87,9	0,48	0,	25,67				15,25	82,8	0,47	0,	25,5				14,65	53,4					
27-04-2022 14:17:41						20,25	69,8	2,62	9,55	0,			20,33	64,9	2,47	9,86	0,			13,13	88,	0,48	0,	25,67				15,18	82,	0,47	0,	25,5				14,27	52,1					
27-04-2022 14:22:41						20,43	69,6	2,36	9,54	0,			20,21	64,1	2,5	9,86	0,			13,06	87,9	0,48	0,	25,67				15,43	83,4	0,47	0,	25,5				14,33	51,3					
27-04-2022 14:27:41						20,37	69,4	2,47	9,56	0,			20,40	63,4	2,72	9,87	0,			13,13	87,8	0,48	0,	25,67				15,62	81,1	0,47	0,	25,5				14,27	52,5					
27-04-2022 14:32:41						20,37	67,9	2,31	9,54	0,			20,58	62,2	2,97	9,86	0,			13,19	87,9	0,48	0,	25,67				15,50	81,9	0,47	0,	25,5				14,15	44,9					
27-04-2022 14:37:42						20,25	67,4	2,46	9,53	0,			20,65	62,5	3,07	9,86	0,			13,19	87,8	0,48	0,	25,67				15,37	87,8	0,47	0,	25,5				14,27	50,5					
27-04-2022 14:42:41						20,37	68,6	2,41	9,56	0,			20,77	61,3	3,04	9,87	0,			13,25	87,6	0,48	0,	25,67				15,68	85,	0,48	0,	25,5				14,77	50,9					
27-04-2022 14:47:42						20,75	67,8	2,44	9,53	0,			21,21	61,2	3,26	9,86	0,			13,19	87,6	0,48	0,	25,67				15,68	83,1	0,47	0,	25,5				14,40	46,3					
27-04-2022 14:52:42						20,56	66,2	2,51	9,56	0,			20,77	59,9	3,03	9,87	0,			13,25	87,9	0,48	0,	25,67				15,62	80,7	0,47	0,	25,5				13,90	48,6					
27-04-2022 14:57:42						20,31	66,2	2,3	9,57	0,			20,40	59,7	3,05	9,87	0,			13,25	87,8	0,48	0,	25,67				15,37	80,7	0,47	0,	25,5				13,90	50,1					
27-04-2022 15:02:41						20,12	65,9	2,52	9,58	0,			20,33	59,4	3,13	9,86	0,			13,19	87,7	0,48	0,	25,67				15,37	84,2	0,47	0,	25,5				13,90	48,9					
27-04-2022 15:07:42						19,87	65,8	2,69	9,55	0,			20,21	59,6	2,83	9,87	0,			13,25	87,7	0,49	0,	25,67				15,56	82,7	0,5	0,	25,5				13,77	49,3					
27-04-2022 15:12:42						19,81	65,8	2,34	9,53	0,			19,96	57,3	2,49	9,86	0,			13,25	87,8	0,48	0,	25,67				15,56	85,8	0,47	0,	25,5				13,71	46,3					
27-04-2022 15:17:41						19,43	64,5	1,94	9,56	0,			19,58	57,7	2,48	9,87	0,			13,31	87,9	0,48	0,	25,67				15,56	86,4	0,47	0,	25,5				14,08	47,4					
27-04-2022 15:22:42						19,75	65,8	2,42	9,54	0,			19,71	58,2	2,47	9,87	0,			13,38	87,8	0,48	0,	25,67				15,62	85,8	0,47	0,	25,5				13,83	46,2					
27-04-2022 15:27:41						19,87	67,3	2,64	9,57	0,			19,27	58,5	2,29	9,86	0,			13,31	87,8	0,48	0,	25,67				15,37	87,	0,47	0,	25,5				14,02	47,					
27-04-2022 15:32:41						20,00	68,6	2,48	9,56	0,			19,40	57,7	2,5	9,86	0,			13,31	87,8	0,48	0,	25,67				15,62	87,4	0,47	0,	25,5				13,77	47,8					
27-04-2022 15:37:41						20,00	67,6	2,62	9,56	0,			19,65	59,1	2,35	9,86	0,			13,38	87,8	0,48	0,	25,67				15,50	87,9	0,51	0,	25,5				14,33	46,6					
27-04-2022 15:42:42						20,25	67,3	2,48	9,6	0,			19,83	58,9	2,38	9,87	0,			13,38	87,7	0,48	0,	25,67				15,50	83,6	0,47	0,	25,5				15,02	44,6					
27-04-2022 15:47:40						20,43	67,	2,53	9,55	0,			19,65	58,4	2,47	9,86	0,			13,38	87,8	0,48	0,	25,67				15,50	81,2	0,47	0,	25,5				15,15	45,3					
27-04-2022 15:52:41						20,87	68,2	2,66	9,56	0,			20,08	59,	2,41	9,86	0,			13,38	87,6	0,48	0,	25,67				15,56	82,7	0,47	0,	25,5				15,27	43,					
27-04-2022 15:57:42						20,87	67,	2,3	9,54	0,			20,46	58,5	3,24	9,87	0,			13,38	87,6	0,48	0,	25,67				15,43	83,8	0,48	0,	25,5				15,15	41,6					
27-04-2022 16:02:41						20,87	66,6	2,36	9,54	0,			21,02	57,7	3,21	9,86	0,			13,44	87,6	0,48	0,	25,67				15,62	85,8	0,47	0,	25,5				14,21	44,2					
27-04-2022 16:07:42						20,68	67,	2,52	9,57	0,			20,96	59,1	2,99	9,86	0,			13,38	87,6	0,48	0,	25,67				15,62	86,6	0,47	0,	25,5				14,02	46,6					
27-04-2022 16:12:41						20,50	66,6	2,46	9,56	0,			20,77	58,5	3,22	9,87	0,			13,44	87,6	0,48	0,	25,67				15,37	83,4	0,47	0,	25,5				13,83	46,6					
27-04-2022 16:17:42						20,37	66,3	2,38	9,56	0,			20,65	58,9	2,97	9,87	0,			13,38	87,6	0,51	0,	25,67				15,56	84,6	0,5	0,	25,5				14,15	48,3					
27-04-2022 16:22:41						20,50	66,6	2,53	9,57	0,			20,83	58,5	2,98	9,87	0,			13,44	87,7	0,48	0,	25,67				15,43	85,3	0,47	0,	25,5				14,71	44,6					
27-04-2022 16:27:42						20,56	65,8	2,5	9,54	0,			20,83	57,3	2,96	9,87	0,			13,44	87,8	0,48	0,	25,67				15,62	83,2	0,47	0,	25,5				14,77	43,8					
27-04-2022 16:32:41						20,68	66,3	2,48	9,56	0,			20,77	57,3	3,04	9,86	0,			13,50	87,6	0,5	0,	25,67				15,50	81,9	0,48	0,	25,5				15,15	45,4					
27-04-2022 16:37:42						20,75	65,8	2,56	9,57	0,			20,65	56,9	3,13	9,86	0,			13,44	87,6	0,48	0,	25,67				15,68	78,7	0,47	0,	25,5				14,96	44,7					
27-04-2022 16:42:42						20,87	66,8	2,26	9,55	0,			20,83	56,5	3,08	9,86	0,			13,44	87,6	0,48	0,	25,67				15,62	83,8	0,47	0,	25,5				14,77	44,6					
27-04-2022 16:47:41						20,93	65,6	2,51	9,56	0,			20,90	57,7	3,1	9,87	0,			13,44	87,6	0,48	0,	25,67				15,50	81,1	0,49	0,	25,5				14,58	42,9					
27-04-2022 16:52:41						20,93	65,6	2,42	9,54	0,			20,77	57,	3,07	9,87	0,			13,56	87,6	0,48	0,	25,67				15,75	81,1	0,47	0,	25,5				15,02	46,2					
27-04-2022 16:57:41						20,81	65,4	2,47	9,57	0,			20,90	58,5	3,06	9,87	0,			13,50	87,6	0,48	0,	25,67				15,75	82,1	0,47	0,	25,5				14,77	43,8					
27-04-2022 17:02:41						21,12	66,4	2,47	9,55	0,			20,90	57,5	2,93	9,86	0,			13,50	87,6	0,48	0,	25,67				15,68	78,4	0,47	0,	25,5				14,71	42,7					
27-04-2022 17:07:41						20,87	64,9	2,55	9,55	0,			20,77	57,1	3,17	9,86	0,			13,56	87,6	0,52	0,	25,67				15,56	82,3	0,5	0,	25,5				14,46	43,					
27-04-2022 17:12:42						20,81	65,8	2,67	9,56	0,			20,52	56,5	2,99	9,87	0,			13,56	87,6	0,51	0,	25,67				15,43	81,2	0,53	0,	25,5				14,46	44,2					
27-04-2022 17:17:41						20,87	66,	2,54	9,56	0,			20,52	57,3	3,15	9,87	0,			13,56	87,6	0,5	0,	25,67				15,37	84,2	0,57	0,	25,5				14,46	45,6					
27-04-2022 17:22:42						20,62	65,8	2,63	9,57	0,			20,40	57,7	2,95	9,87	0,			13,50	87,6	0,48	0,	25,67				15,62	86,4	0,5	0,	25,5				14,52	45,4					
27-04-2022 17:27:42						20,62	66,2	2,5	9,53	0,			20,27	57,9	2,89	9,86	0,			13,56	87,6	0,5	0,	25,67				15,50	87,9	0,5	0,	25,5				14,40	43,9					
27-04-2022 17:32:40						20,50	64,4	2,71	9,56	0,			20,33	58,1	3,27	9,87	0,			13,63	87,6	0,48	0,	25,67				15,50	88,6	0,5	0,	25,5				14,40	43,2					
27-04-2022 17:37:42						20,43	64,2	2,43	9,56	0,			20,52	59,3	3,23	9,86	0,			13,63	87,6	0,48	0,	25,67				15,37	88,2	0,47	0,	25,5				14,65	44,2					
27-04-2022 17:42:41						20,31	64,2	2,34	9,54	0,			20,33	58,4	2,96	9,86	0,			13,63	87,6	0,49	0,	25,67				15,56	89,	0,5	0,	25,5				14,33	43,4					
27-04-2022 17:47:41						20,43	64,8	2,69	9,56	0,			20,27	57,3	3,1	9,87	0,			13,63	87,6	0,48	0,	25,67				15,50	88,6	0,5	0,	25,5				14,27	43,					
27-04-2022 17:52:41						20,25	64,6	2,47	9,56	0,			20,40	59,3	2,98	9,87	0,			13,69	87,6	0,52	0,	25,67				15,43	88,3	0,48	0,	25,5				14,27	42,2					
27-04-2022 17:57:42						20,25	65,	2,43	9,56	0,			20,27	60,4	3,21	9,86	0,			13,63	87,6	0,59	0,	25,67				15,50	88,8	0,6	0,	25,5				14,08	41,5					
27-04-2022 18:02:41						20,31	62,7	2,11	9,57	0,			20,33	62,1	2,95	9,86	0,			13,63	87,6	0,48	0,	25,67				15,50	89,4	0,47	0,	25,5				13,96	41,5					
27-04-2022 18:07:41						20,12	63,6	2,26	9,56	0,			20,08	58,5	3,19	9,87	0,			13,63	87,6	0,48	0,	25,67				15,31	90,	0,48	0,	25,5				14,02	42,4					
27-04-2022 18:12:42						20,06	65,	2,37	9,55	0,			19,83	54,5	2,53	9,87	0,			13,63	87,6	0,48	0,	25,67				15,37	89,8	0,47	0,	25,5				14,02	41,9					
27-04-2022 18:17:41						20,06	64,3	2,46	9,55	0,			19,90	55,7	2,51	9,87	0,			13,63	87,5	0,52	0,	25,67				15,50	88,1	0,53	0,	25,5				13,90	41,4					
27-04-2022 18:22:42						20,12	64,6	2,74	9,55	0,			19,15	53,2	2,42	9,87	0,			13,63	87,6	0,48	0,	25,67				15,43	89,2	0,47	0,	25,5				13,96	41,5					
27-04-2022 18:27:41						20,56	65,9	2,47	9,57	0,			18,90	54,3	2,61	9,87	0,			13,69	87,5	0,48	0,	25,67				15,56	89,2	0,51	0,	25,5				13,83	40,6					
27-04-2022 18:32:41						20,37	64,6	2,39	9,55	0,			18,96	56,7	2,39	9,86	0,			13,69	87,6	0,48	0,	25,67				15,56	89,8	0,47	0,	25,5				13,71	39,1					
27-04-2022 18:37:41						20,37	64,6	2,28	9,57	0,			18,77	54,5	2,52	9,86	0,			13,69	87,6	0,48	0,	25,67				15,56	90,2	0,47	0,	25,5				13,58	39,4					
27-04-2022 18:42:42						20,25	67,	2,14	9,57	0,			19,27	57,6	2,49	9,87	0,			13,69	87,4	0,48	0,	25,67				15,50	90,6	0,47	0,	25,5				13,77	40,5					
27-04-2022 18:47:41						20,06	69,5	2,41	9,55	0,			19,65	60,9	2,33	9,87	0,			13,75	87,4	0,51	0,	25,67				15,25	90,3	0,49	0,	25,5				13,46	39,5					
27-04-2022 18:52:41						19,68	64,2	2,18	9,56	0,			19,33	59,8	2,5	9,86	0,			13,69	87,3	0,52	0,	25,67				15,50	90,3	0,51	0,	25,5				13,21	40,9					
27-04-2022 18:57:42						19,31	64,2	2,4	9,56	0,			18,83	58,5	2,2	9,86	0,			13,69	87,3	0,48	0,	25,67				15,37	90,4	0,49	0,	25,5				13,15	41,					
27-04-2022 19:02:41						19,06	64,2	2,26	9,56	0,			18,40	59,1	2,64	9,86	0,			13,69	87,2	0,48	0,	25,67				15,31	89,9	0,48	0,	25,5				12,96	39,					
27-04-2022 19:07:41						18,93	64,4	2,35	9,57	0,			18,15	58,4	2,42	9,86	0,			13,75	87,2	0,48	0,	25,67				15,50	90,3	0,48	0,	25,5				13,02	37,9					
27-04-2022 19:12:41						18,62	63,8	2,15	9,57	0,			18,02	58,1	2,44	9,87	0,			13,69	87,2	0,48	0,	25,67				15,43	90,2	0,48	0,	25,5				13,02	38,6					
27-04-2022 19:17:42						18,50	64,6	2,11	9,55	0,			17,77	56,3	2,47	9,85	0,			13,75	87,2	0,48	0,	25,67				15,37	90,3	0,47	0,	25,5				12,90	35,5					
27-04-2022 19:22:41						18,43	63,4	2,11	9,54	0,			17,58	56,1	2,34	9,85	0,			13,75	87,2	0,49	0,	25,67				15,25	90,5	0,5	0,	25,5				12,71	30,6					
27-04-2022 19:27:41						18,25	63,8	2,08	9,58	0,			17,58	55,7	2,45	9,87	0,			13,75	87,2	0,48	0,	25,67				15,25	90,7	0,47	0,	25,5				12,52	28,2					
27-04-2022 19:32:41						18,12	62,5	2,09	9,56	0,			17,33	55,3	2,47	9,86	0,			13,75	87,2	0,48	0,	25,67				15,31	90,7	0,47	0,	25,5				12,52	29,3					
27-04-2022 19:37:42						17,93	63,	2,28	9,54	0,			17,02	54,1	2,56	9,86	0,			13,75	87,2	0,5	0,	25,67				15,43	91,	0,51	0,	25,5				12,40	29,4					
27-04-2022 19:42:41						17,87	62,3	2,27	9,55	0,			17,15	54,5	2,45	9,87	0,			13,75	87,2	0,48	0,	25,67				15,25	91,	0,48	0,	25,5				12,27	30,					
27-04-2022 19:47:41						17,75	62,3	2,14	9,55	0,			17,08	53,9	2,5	9,86	0,			13,75	87,2	0,48	0,	25,67				15,43	91,	0,51	0,	25,5				12,27	30,1					
27-04-2022 19:52:42						17,62	61,7	2,02	9,55	0,			17,02	54,1	2,43	9,86	0,			13,69	87,2	0,48	0,	25,67				15,12	91,3	0,47	0,	25,5				12,21	32,2					
27-04-2022 19:57:41						17,56	63,	1,92	9,57	0,			17,08	54,5	2,44	9,85	0,			13,69	87,2	0,48	0,	25,67				15,25	91,4	0,47	0,	25,5				12,65	33,9					
27-04-2022 20:02:41						17,50	63,	1,99	9,54	0,			17,08	55,6	2,55	9,86	0,			13,75	87,2	0,48	0,	25,67				15,31	91,4	0,48	0,	25,5				12,71	35,8					
27-04-2022 20:07:41						17,31	63,	2,24	9,54	0,			17,21	56,9	2,38	9,86	0,			13,69	87,2	0,48	0,	25,67				15,31	91,4	0,47	0,	25,5				12,33	39,8					
27-04-2022 20:12:41						17,50	64,2	2,01	9,54	0,			17,33	56,9	2,39	9,86	0,			13,75	87,2	0,48	0,	25,67				15,25	91,5	0,47	0,	25,5				11,96	42,6					
27-04-2022 20:17:40						17,43	64,6	2,24	9,55	0,			17,27	56,9	2,47	9,87	0,			13,75	87,2	0,48	0,	25,67				15,37	91,7	0,47	0,	25,5				11,71	46,4					
27-04-2022 20:22:42						17,37	66,2	2,01	9,57	0,			17,27	59,1	2,49	9,86	0,			13,75	87,2	0,48	0,	25,67				15,37	91,8	0,47	0,	25,5				11,58	47,4					
27-04-2022 20:27:42						17,43	66,1	2,28	9,56	0,			17,15	59,	2,57	9,87	0,			13,75	87,2	0,48	0,	25,67				15,06	91,8	0,47	0,	25,5				11,65	47,4					
27-04-2022 20:32:41						16,93	66,6	2,21	9,55	0,			16,83	59,8	2,41	9,87	0,			13,69	87,2	0,48	0,	25,67				15,31	91,8	0,47	0,	25,5				11,40	47,1					
27-04-2022 20:37:41						16,62	67,	2,19	9,56	0,			16,71	59,4	2,43	9,86	0,			13,75	87,2	0,48	0,	25,67				15,25	91,8	0,47	0,	25,5				11,08	47,4					
27-04-2022 20:42:41						16,50	67,	2,28	9,54	0,			16,52	59,8	2,45	9,86	0,			13,81	87,2	0,48	0,	25,67				15,37	91,8	0,47	0,	25,5				10,65	47,8					
27-04-2022 20:47:42						16,25	67,3	2,21	9,55	0,			16,52	60,5	2,38	9,85	0,			13,69	87,2	0,48	0,	25,67				15,18	91,9	0,47	0,	25,5				10,21	51,					
27-04-2022 20:52:41						16,12	68,2	1,99	9,55	0,			16,21	59,1	2,61	9,86	0,			13,69	87,2	0,48	0,	25,67				15,06	91,9	0,47	0,	25,5				9,65	54,7					
27-04-2022 20:57:42						16,12	69,	2,09	9,54	0,			16,27	61,3	2,32	9,85	0,			13,75	87,2	0,48	0,	25,67				15,31	92,2	0,47	0,	25,5				9,02	60,5					
27-04-2022 21:02:41						15,87	68,5	2,32	9,36	0,			16,15	62,2	2,35	9,87	0,			13,75	87,2	0,48	0,	25,67				15,25	92,2	0,47	0,	25,5				8,71	64,4					
27-04-2022 21:07:42						15,62	68,7	2,17	9,55	0,			16,02	61,7	1,85	9,87	0,			13,75	87,2	0,48	0,	25,67				15,31	92,2	0,47	0,	25,5				8,33	68,					
27-04-2022 21:12:42						15,43	69,8	1,98	9,54	0,			16,02	62,6	1,75	9,87	0,			13,75	87,2	0,48	0,	25,67				15,31	92,2	0,47	0,	25,5				8,40	71,3					
27-04-2022 21:17:41						15,37	69,3	2,08	9,3	0,			15,90	64,1	1,79	9,86	0,			13,81	87,2	0,48	0,	25,67				15,31	92,2	0,47	0,	25,5				8,27	73,3					
27-04-2022 21:22:42						15,37	70,9	2,24	9,13	0,			15,96	63,6	1,97	9,86	0,			13,75	87,2	0,48	0,	25,67				15,18	92,2	0,47	0,	25,5				8,21	73,7					
27-04-2022 21:27:41						15,37	71,	2,04	9,02	0,			15,90	63,8	2,09	9,87	0,			13,75	87,3	0,48	0,	25,67				15,06	92,2	0,47	0,	25,5				8,15	74,1					
27-04-2022 21:32:42						15,37	71,8	2,01	8,42	0,			15,65	64,5	2,13	9,87	0,			13,75	87,2	0,48	0,	25,67				15,31	92,2	0,47	0,	25,5				8,08	74,5					
27-04-2022 21:37:43						15,37	72,2	2,29	8,46	0,			15,21	63,8	2,19	9,86	0,			13,75	87,5	0,48	0,	25,67				15,06	92,2	0,47	0,	25,5				8,15	74,6					
27-04-2022 21:42:42						15,37	73,	2,05	8,41	0,			15,21	65,1	2,25	9,86	0,			13,75	87,2	0,48	0,	25,67				15,18	92,5	0,47	0,	25,5				7,96	75,2					
27-04-2022 21:47:41						15,50	73,	2,29	8,73	0,			15,21	65,8	2,16	9,87	0,			13,81	87,2	0,48	0,	25,67				15,37	92,5	0,47	0,	25,5				7,96	75,3					
27-04-2022 21:52:42						15,43	74,5	2,43	8,62	0,			15,21	65,3	2,14	9,86	0,			13,69	87,3	0,48	0,	25,67				15,18	92,5	0,47	0,	25,5				8,15	75,6					
27-04-2022 21:57:42						15,12	73,3	2,18	8,64	0,			14,96	65,5	1,65	9,87	0,			13,69	87,3	0,48	0,	25,67				15,31	92,4	0,47	0,	25,5				7,90	76,					
27-04-2022 22:02:41						15,37	75,7	2,36	8,99	0,			14,96	65,7	1,66	9,86	0,			13,75	87,3	0,48	0,	25,67				15,37	92,5	0,47	0,	25,5				7,96	76,4					
27-04-2022 22:07:41						15,06	74,6	2,31	9,23	0,			14,96	65,7	1,39	9,86	0,			13,69	87,6	0,48	0,	25,67				15,25	92,5	0,47	0,	25,5				7,83	76,4					
27-04-2022 22:12:41						14,75	73,9	2,39	8,9	0,			15,02	66,5	1,33	9,86	0,			13,75	87,6	0,48	0,	25,67				15,25	92,5	0,47	0,	25,5				7,77	76,7					
27-04-2022 22:17:42						14,50	74,5	2,37	8,33	0,			14,90	65,7	1,35	9,71	0,			13,75	87,6	0,48	0,	25,67				15,12	92,6	0,47	0,	25,5				7,71	77,1					
27-04-2022 22:22:41						14,37	74,4	2,02	7,85	0,			14,90	65,7	1,37	9,48	0,			13,75	87,5	0,48	0,	25,67				15,12	92,6	0,47	0,	25,5				7,58	77,5					
27-04-2022 22:27:42						14,37	74,6	1,83	7,54	0,			15,27	67,8	1,31	9,03	0,			13,75	87,5	0,48	0,	25,67				15,12	92,6	0,47	0,	25,5				7,40	78,					
27-04-2022 22:32:42						14,62	76,5	1,77	7,52	0,			15,27	68,2	1,2	9,04	0,			13,81	87,6	0,48	0,	25,67				15,25	92,6	0,47	0,	25,5				7,46	78,5					
27-04-2022 22:37:41						14,56	76,2	1,4	7,01	0,			15,15	67,8	1,2	8,81	0,			13,75	87,3	0,48	0,	25,67				15,18	92,6	0,47	0,	25,5				7,27	78,8					
27-04-2022 22:42:42						14,56	75,9	1,3	6,76	0,			15,15	68,2	1,16	8,62	0,			13,81	87,5	0,48	0,	25,67				15,06	92,7	0,47	0,	25,5				7,27	78,6					
27-04-2022 22:47:41						14,62	75,6	1,09	6,64	0,			15,08	68,3	0,98	7,95	0,			13,75	87,6	0,48	0,	25,67				15,18	92,6	0,47	0,	25,5				7,08	78,4					
27-04-2022 22:52:42						14,62	75,9	0,99	6,54	0,			14,90	67,3	0,84	7,62	0,			13,75	87,6	0,48	0,	25,67				15,25	92,9	0,47	0,	25,5				6,96	78,3					
27-04-2022 22:57:41						14,75	76,5	1,	6,36	0,			15,33	69,	0,71	7,18	0,			13,75	87,6	0,48	0,	25,67				15,12	92,7	0,47	0,	25,5				6,83	78,8					
27-04-2022 23:02:42						14,68	75,8	0,79	6,04	0,			15,21	68,6	0,72	6,93	0,			13,75	87,6	0,48	0,	25,67				15,00	92,7	0,47	0,	25,5				6,96	79,7					
27-04-2022 23:07:41						14,81	75,7	0,83	5,87	0,			15,27	68,5	0,68	6,63	0,			13,81	87,6	0,48	0,	25,67				15,00	92,8	0,47	0,	25,5				6,77	79,9					
27-04-2022 23:12:41						15,43	79,3	0,86	6,05	0,			15,21	68,9	0,66	6,16	0,			13,75	87,6	0,48	0,	25,67				15,31	92,9	0,47	0,	25,5				6,33	80,					
27-04-2022 23:17:41						15,75	77,5	1,41	7,28	0,			15,33	68,9	0,64	5,75	0,			13,81	87,6	0,48	0,	25,67				15,12	92,8	0,47	0,	25,5				6,33	81,1					
27-04-2022 23:22:42						15,50	80,9	2,12	7,94	0,			16,33	73,8	0,66	6,35	0,			13,75	87,5	0,48	0,	25,67				15,18	92,9	0,47	0,	25,5				6,33	81,8					
27-04-2022 23:27:42						14,68	81,	2,02	7,99	0,			16,83	76,	0,76	7,28	0,			13,75	87,6	0,48	0,	25,67				15,06	92,8	0,47	0,	25,5				6,33	82,2					
27-04-2022 23:32:41						14,06	80,4	1,78	7,63	0,			16,27	73,8	1,14	8,51	0,			13,81	87,6	0,48	0,	25,67				15,25	92,9	0,47	0,	25,5				6,40	82,6					
27-04-2022 23:37:42						13,81	80,9	1,58	7,06	0,			15,52	74,1	0,88	7,99	0,			13,75	87,6	0,48	0,	25,67				15,25	92,7	0,47	0,	25,5				6,21	82,					
27-04-2022 23:42:41						14,18	81,8	1,23	6,74	0,			15,27	73,8	0,86	7,59	0,			13,75	87,6	0,48	0,	25,67				15,06	92,6	0,47	0,	25,5				6,15	82,4					
27-04-2022 23:47:43						14,37	81,3	1,24	6,55	0,			14,96	73,8	0,71	6,77	0,			13,75	87,6	0,48	0,	25,67				15,00	92,9	0,47	0,	25,5				6,02	82,8					
27-04-2022 23:52:40						14,12	80,9	0,86	6,13	0,			14,77	71,7	0,66	6,77	0,			13,75	87,6	0,48	0,	25,67				15,18	92,9	0,47	0,	25,5				6,02	83,2					
27-04-2022 23:57:42						14,18	81,4	0,82	5,75	0,			14,65	72,1	0,66	6,13	0,			13,75	87,6	0,48	0,	25,67				15,31	92,9	0,47	0,	25,5				6,02	83,5					
