Net no:						1	1	1	1	1			1	1	1	1	1			1	1	1	1	1				1	1	1	1	1				1	1					
Object no:						131	141	150	151	152			134	144	159	160	161			133	143	156	157	158				132	142	153	154	155				130	140					
Table no:						0	0	0	0	0			0	0	0	0	0			0	0	0	0	0				0	0	0	0	0				0	0					
Code no:						48	48	48	48	48			48	48	136	136	136			48	48	48	48	48				48	48	48	48	48				48	48					
Calculation:						T	/10	/100	/100	/100			T	/10	/100	/100	/100			T	/10	/100	/100	/100				T	/10	/100	/100	/100				T	/10					
Date/time:	Afp. 1776	Bes. 97184			Stald 1	Temp_stald1	Fugt_stald1	DynamicAir_trinlřs_stald1	Spjćld_trinlřs_stald 1	On/off_stald1		Stald 2	Temp_stald2	Fugt_stald2	DynamicAir_trinlřs_stald2	Spjćld_trinlřs_stald2	On/off_stald2		Stald5	Temp_stald5	Fugt_stald5	DynamicAir_trinlřs_stald5	Spjćld_trinlřs_stald5	On/off_stald 5			Stald6	Temp_stald6	Fugt_stald 6	DynamicAir_trinlřs_stald6	Spjćld_trinlřs_stald6	On/off_stald6			UDE	Temp_ude	Fugt_ude					
25-09-2022 00:02:41						16,68	101,1	2,11	9,54	0,			17,65	75,4	1,05	8,57	0,			16,63	0,	2,62	8,16	0,				17,68	82,5	2,07	7,75	0,				11,46	94,3					
25-09-2022 00:07:42						16,62	101,1	2,16	9,53	0,			17,58	75,8	0,95	8,57	0,			16,69	0,	2,61	8,31	0,				18,25	83,8	1,98	7,76	0,				11,52	94,1					
25-09-2022 00:12:41						16,87	101,1	2,17	9,54	0,			17,83	77,	1,04	9,2	0,			16,75	0,	2,38	8,92	0,				18,25	84,6	2,25	8,26	0,				11,46	94,					
25-09-2022 00:17:40						16,87	101,1	2,06	9,52	0,			17,90	76,4	1,33	9,84	0,			16,81	0,	2,5	8,92	0,				17,68	84,2	2,23	9,28	0,				11,21	94,					
25-09-2022 00:22:41						16,93	101,1	2,22	9,53	0,			17,71	75,2	1,62	9,83	0,			17,19	0,	2,39	9,22	0,				17,50	85,	2,16	9,29	0,				11,08	94,					
25-09-2022 00:27:41						16,93	101,1	2,27	9,53	0,			17,27	76,	1,63	9,83	0,			17,56	0,	2,29	9,23	0,				18,68	88,6	2,08	9,29	0,				10,65	94,					
25-09-2022 00:32:42						17,06	101,1	2,24	9,54	0,			17,27	77,3	1,54	9,84	0,			17,44	0,	2,41	9,22	0,				18,25	87,4	2,04	9,27	0,				11,21	94,5					
25-09-2022 00:37:41						17,00	101,1	2,19	9,54	0,			17,15	77,3	1,68	9,83	0,			17,19	0,	2,09	9,22	0,				17,93	87,	2,03	9,28	0,				10,77	94,2					
25-09-2022 00:42:42						17,12	101,1	2,11	9,54	0,			16,96	76,6	1,68	9,83	0,			17,00	0,	2,46	8,7	0,				17,18	87,	2,01	8,88	0,				10,96	94,4					
25-09-2022 00:47:41						17,87	101,1	2,16	9,53	0,			16,71	76,6	1,56	9,84	0,			16,81	0,	2,47	8,37	0,				17,25	87,4	2,42	8,59	0,				11,02	94,5					
25-09-2022 00:52:42						17,62	101,1	1,94	9,53	0,			16,96	77,8	1,38	9,84	0,			16,56	0,	2,15	7,96	0,				17,06	86,2	2,02	8,05	0,				10,71	94,4					
25-09-2022 00:57:42						17,31	101,1	2,13	9,55	0,			17,27	79,	1,51	9,83	0,			16,69	0,	2,01	7,69	0,				17,18	87,	1,97	7,53	0,				10,58	94,4					
25-09-2022 01:02:41						17,06	101,1	1,95	9,53	0,			17,27	79,8	1,79	9,84	0,			16,63	0,	1,91	7,41	0,				17,25	86,6	1,38	7,19	0,				9,15	93,5					
25-09-2022 01:07:42						16,37	101,1	2,18	9,56	0,			16,96	79,4	2,	9,84	0,			16,56	0,	1,87	7,41	0,				17,50	86,6	1,31	6,84	0,				10,40	91,2					
25-09-2022 01:12:40						16,31	101,1	2,59	8,9	0,			16,52	79,	1,85	9,83	0,			16,50	0,	1,71	7,09	0,				17,93	86,6	0,91	6,33	0,				10,52	94,8					
25-09-2022 01:17:43						16,00	101,1	2,28	9,53	0,			16,27	79,3	1,62	9,84	0,			16,50	0,	1,79	7,08	0,				17,68	85,5	1,01	6,45	0,				10,46	94,8					
25-09-2022 01:22:41						15,81	101,1	2,24	9,53	0,			16,21	79,4	1,24	9,6	0,			16,44	0,	1,64	7,09	0,				17,87	85,6	0,98	6,39	0,				10,21	94,4					
25-09-2022 01:27:42						15,62	101,1	2,33	9,3	0,			16,21	78,7	1,16	9,02	0,			16,50	0,	1,63	7,08	0,				17,93	84,6	0,94	6,41	0,				10,58	95,1					
25-09-2022 01:32:41						15,43	101,1	2,28	9,04	0,			16,46	79,4	0,72	8,16	0,			16,50	0,	1,31	6,69	0,				17,87	84,2	1,04	6,39	0,				10,71	95,3					
25-09-2022 01:37:42						15,43	101,1	2,56	8,44	0,			16,58	77,9	0,68	7,65	0,			16,63	0,	1,42	6,68	0,				17,81	83,8	0,96	6,26	0,				10,71	95,2					
25-09-2022 01:42:42						15,37	101,1	2,36	8,32	0,			16,77	78,6	0,61	6,79	0,			16,69	0,	1,15	6,68	0,				17,62	83,8	0,9	6,09	0,				10,27	94,7					
25-09-2022 01:47:41						15,31	101,1	2,14	8,09	0,			16,90	77,4	0,63	6,59	0,			16,75	0,	0,89	6,29	0,				17,75	84,5	0,88	6,11	0,				10,27	95,1					
25-09-2022 01:52:41						15,56	101,1	1,72	7,84	0,			16,90	77,8	0,6	6,15	0,			16,75	0,	0,91	6,11	0,				17,87	83,4	0,92	6,11	0,				10,15	95,					
25-09-2022 01:57:42						15,62	101,1	1,8	7,53	0,			16,90	76,6	0,59	5,95	0,			16,69	0,	1,02	6,13	0,				17,87	82,7	0,88	6,11	0,				10,33	95,2					
25-09-2022 02:02:42						15,81	101,1	1,84	7,52	0,			16,96	76,7	0,56	5,12	0,			16,81	0,	0,9	6,13	0,				17,68	82,3	0,79	5,83	0,				10,27	95,2					
25-09-2022 02:07:40						15,93	101,1	1,77	7,52	0,			17,02	77,	0,56	5,12	0,			17,00	0,	0,75	5,89	0,				17,87	83,3	0,78	5,85	0,				9,33	94,2					
25-09-2022 02:12:42						15,87	101,1	1,86	7,74	0,			17,27	77,2	0,56	5,12	0,			17,13	0,	0,83	5,9	0,				18,12	83,	0,78	5,85	0,				9,83	94,1					
25-09-2022 02:17:40						15,87	101,1	2,06	7,88	0,			17,27	77,5	0,56	5,12	0,			17,13	0,	0,76	5,89	0,				18,31	82,8	0,87	6,	0,				10,21	90,5					
25-09-2022 02:22:42						15,87	101,1	1,84	7,82	0,			17,27	77,	0,57	5,12	0,			17,19	0,	0,73	5,9	0,				17,93	82,3	0,92	6,15	0,				10,15	91,3					
25-09-2022 02:27:41						15,56	101,1	2,21	8,07	0,			17,40	76,	0,56	5,12	0,			17,19	0,	0,78	5,91	0,				17,81	82,3	0,94	6,13	0,				9,90	92,2					
25-09-2022 02:32:41						15,68	101,1	2,33	8,33	0,			17,46	76,2	0,52	4,39	0,			17,19	0,	0,84	5,9	0,				17,75	81,9	0,86	6,11	0,				10,02	92,4					
25-09-2022 02:37:42						15,50	101,1	2,38	8,3	0,			17,46	76,2	0,52	4,19	0,			17,13	0,	0,9	6,13	0,				17,43	81,2	0,96	6,34	0,				10,08	93,3					
25-09-2022 02:42:40						15,50	101,1	2,43	8,43	0,			17,77	76,7	0,54	4,18	0,			17,13	0,	0,98	6,33	0,				17,50	82,1	0,99	6,33	0,				9,96	93,2					
25-09-2022 02:47:42						15,43	101,1	2,63	8,41	0,			17,40	75,	0,54	3,97	0,			17,06	0,	0,93	6,33	0,				18,00	82,3	1,08	6,54	0,				9,90	94,7					
25-09-2022 02:52:41						15,50	101,1	2,65	8,83	0,			17,71	76,6	0,6	3,6	0,			16,94	0,	1,08	6,5	0,				17,43	82,2	1,09	6,47	0,				9,96	93,9					
25-09-2022 02:57:43						15,43	101,1	2,33	8,98	0,			17,65	75,1	0,58	3,4	0,			16,94	0,	1,04	6,49	0,				17,56	82,7	1,08	6,47	0,				10,27	94,2					
25-09-2022 03:02:42						15,43	101,1	2,37	8,61	0,			17,52	75,8	0,57	3,22	0,			16,94	0,	1,56	6,9	0,				18,00	82,8	1,11	6,57	0,				10,40	94,7					
25-09-2022 03:07:42						15,43	101,1	2,49	8,5	0,			17,58	75,	0,58	2,84	0,			16,94	0,	1,78	7,25	0,				17,56	82,2	1,07	6,57	0,				10,27	94,6					
25-09-2022 03:12:42						15,43	101,1	2,56	8,32	0,			17,71	76,8	0,53	3,08	0,			16,81	0,	1,76	7,25	0,				17,68	81,7	1,34	6,83	0,				10,15	94,7					
25-09-2022 03:17:41						15,56	101,1	2,26	8,24	0,			17,71	75,5	0,57	3,08	0,			16,69	0,	1,75	7,25	0,				17,68	82,3	1,12	6,63	0,				10,08	94,7					
25-09-2022 03:22:42						15,56	101,1	2,38	8,03	0,			17,77	75,8	0,56	3,07	0,			16,63	0,	1,5	7,25	0,				17,75	82,2	1,1	6,62	0,				10,27	94,9					
25-09-2022 03:27:42						15,62	101,1	2,12	7,86	0,			17,83	75,5	0,51	3,07	0,			16,75	0,	1,79	7,24	0,				17,62	82,5	1,12	6,63	0,				10,65	95,2					
25-09-2022 03:32:42						15,75	101,1	1,9	7,86	0,			17,77	75,7	0,59	3,28	0,			16,81	0,	1,65	7,24	0,				17,87	82,3	1,24	6,8	0,				10,08	94,6					
25-09-2022 03:37:41						15,81	101,1	2,05	7,87	0,			17,77	75,6	0,51	3,29	0,			16,56	0,	2,02	7,24	0,				17,50	81,	1,25	6,95	0,				10,02	94,6					
25-09-2022 03:42:42						15,93	101,1	1,89	7,87	0,			17,83	75,9	0,49	3,29	0,			16,56	0,	1,92	7,24	0,				17,50	81,9	1,36	6,96	0,				9,71	94,9					
25-09-2022 03:47:41						15,93	101,1	2,04	7,98	0,			17,71	74,6	0,56	3,29	0,			16,44	0,	2,08	7,24	0,				17,37	82,	1,08	6,73	0,				9,77	94,8					
25-09-2022 03:52:42						15,75	101,1	2,22	8,03	0,			17,46	74,7	0,51	3,29	0,			16,44	0,	1,94	7,25	0,				17,43	82,3	1,29	6,74	0,				9,77	95,2					
25-09-2022 03:57:42						15,81	101,1	2,05	8,1	0,			17,77	75,5	0,51	3,29	0,			16,38	0,	2,01	7,24	0,				17,50	82,8	1,17	6,73	0,				10,21	95,6					
25-09-2022 04:02:41						15,62	101,1	1,98	8,13	0,			17,71	74,6	0,53	3,29	0,			16,31	0,	2,05	7,24	0,				17,50	82,7	1,12	6,74	0,				9,83	95,2					
25-09-2022 04:07:42						15,68	101,1	2,16	8,12	0,			17,65	74,2	0,56	3,29	0,			16,38	0,	2,02	7,26	0,				17,56	82,7	1,09	6,73	0,				10,21	95,3					
25-09-2022 04:12:41						15,62	101,1	2,17	8,22	0,			17,71	75,	0,58	3,29	0,			16,38	0,	1,78	7,24	0,				17,43	82,8	1,16	6,75	0,				10,27	95,2					
25-09-2022 04:17:41						15,43	101,1	2,27	8,25	0,			17,77	75,8	0,55	3,72	0,			16,38	0,	1,81	7,24	0,				17,37	83,2	1,04	6,6	0,				10,15	95,2					
25-09-2022 04:22:40						15,81	101,1	2,15	8,25	0,			17,83	75,6	0,55	3,71	0,			16,50	0,	1,8	7,25	0,				17,68	83,2	1,05	6,72	0,				9,96	95,2					
25-09-2022 04:27:42						15,75	101,1	2,34	8,37	0,			17,71	75,	0,5	3,72	0,			16,56	0,	1,76	7,25	0,				17,43	82,8	1,06	6,53	0,				9,83	94,8					
25-09-2022 04:32:41						15,50	101,1	2,14	8,43	0,			17,77	75,8	0,53	3,72	0,			16,44	0,	1,84	7,24	0,				17,50	82,3	1,01	6,42	0,				10,02	95,2					
25-09-2022 04:37:43						15,43	101,1	2,51	8,42	0,			17,52	74,6	0,51	3,72	0,			16,56	0,	1,85	7,24	0,				17,68	82,2	1,01	6,28	0,				9,90	95,2					
25-09-2022 04:42:42						15,25	101,1	2,18	8,22	0,			17,71	75,	0,51	3,72	0,			16,50	0,	1,45	7,25	0,				17,87	82,3	0,92	6,21	0,				10,40	95,6					
25-09-2022 04:47:41						15,43	101,1	2,2	8,21	0,			17,83	75,1	0,52	3,71	0,			16,56	0,	1,56	7,25	0,				17,81	81,9	0,91	6,13	0,				10,08	95,1					
25-09-2022 04:52:41						15,56	101,1	2,14	8,02	0,			17,90	75,7	0,53	4,45	0,			16,63	0,	1,63	7,24	0,				17,81	82,2	0,88	6,1	0,				10,46	95,6					
25-09-2022 04:57:41						15,43	101,1	2,13	7,96	0,			17,71	73,8	0,63	4,44	0,			16,69	0,	1,57	7,24	0,				17,87	82,7	0,85	6,07	0,				10,40	95,6					
25-09-2022 05:02:41						15,68	101,1	1,98	7,82	0,			17,71	74,6	0,55	4,44	0,			16,63	0,	1,45	7,24	0,				17,68	82,3	0,88	6,08	0,				10,33	95,6					
25-09-2022 05:07:41						15,68	101,1	2,05	7,93	0,			17,77	75,3	0,55	4,44	0,			16,63	0,	1,56	7,01	0,				17,75	82,8	0,9	6,06	0,				9,90	95,2					
25-09-2022 05:12:41						15,68	101,1	1,82	8,05	0,			17,77	74,6	0,56	5,03	0,			16,56	0,	1,51	7,01	0,				18,00	82,3	0,85	6,08	0,				10,21	95,6					
25-09-2022 05:17:41						15,87	101,1	2,53	8,29	0,			17,83	74,6	0,58	5,03	0,			16,56	0,	1,53	7,02	0,				17,81	82,7	0,89	6,05	0,				9,83	95,3					
25-09-2022 05:22:41						15,43	101,1	2,13	8,29	0,			17,96	75,1	0,56	5,03	0,			16,56	0,	1,35	7,01	0,				18,06	82,7	0,85	6,07	0,				9,58	95,4					
25-09-2022 05:27:43						15,50	101,1	2,18	8,41	0,			17,65	73,6	0,59	5,03	0,			16,56	0,	1,28	7,02	0,				18,18	82,3	0,9	6,07	0,				9,65	95,6					
25-09-2022 05:32:42						15,06	101,1	2,58	8,73	0,			17,46	74,6	0,55	5,03	0,			16,44	0,	1,22	6,81	0,				17,87	81,7	0,97	6,35	0,				9,52	95,5					
25-09-2022 05:37:42						15,12	101,1	2,63	8,62	0,			17,65	74,7	0,56	5,04	0,			16,56	0,	1,42	6,8	0,				17,81	82,2	0,99	6,35	0,				9,65	95,6					
25-09-2022 05:42:41						15,18	101,1	2,39	8,23	0,			17,52	74,1	0,56	5,03	0,			16,56	0,	1,25	6,62	0,				17,56	81,1	0,99	6,36	0,				9,52	95,6					
25-09-2022 05:47:42						15,06	101,1	2,08	8,05	0,			17,52	74,3	0,56	5,03	0,			16,56	0,	1,16	6,62	0,				17,68	81,9	0,98	6,35	0,				9,33	95,3					
25-09-2022 05:52:41						15,18	101,1	2,59	8,24	0,			17,33	73,5	0,58	5,03	0,			16,75	0,	1,21	6,45	0,				17,75	81,6	0,99	6,35	0,				9,40	95,4					
25-09-2022 05:57:42						15,00	101,1	2,03	7,95	0,			17,33	73,4	0,56	5,03	0,			16,69	0,	0,96	6,45	0,				17,50	81,1	1,01	6,53	0,				9,40	95,6					
25-09-2022 06:02:41						15,37	101,1	1,73	7,86	0,			17,46	74,2	0,54	5,03	0,			16,63	0,	1,08	6,46	0,				17,37	81,5	1,	6,53	0,				9,52	95,6					
25-09-2022 06:07:42						15,18	101,1	1,92	7,75	0,			17,40	73,2	0,56	5,03	0,			16,50	0,	0,94	6,23	0,				17,43	81,1	1,	6,32	0,				9,40	95,6					
25-09-2022 06:12:42						15,37	101,1	1,65	7,71	0,			17,15	73,8	0,55	4,71	0,			16,50	0,	1,01	6,24	0,				17,25	80,7	0,95	6,24	0,				9,77	96,					
25-09-2022 06:17:41						15,50	101,1	1,93	7,63	0,			17,33	74,	0,56	4,71	0,			16,56	0,	0,93	6,01	0,				17,43	81,1	0,86	5,96	0,				9,27	96,					
25-09-2022 06:22:42						15,31	101,1	1,63	7,33	0,			17,27	74,6	0,56	4,7	0,			16,63	0,	0,95	6,01	0,				17,43	81,4	0,79	5,82	0,				9,33	96,1					
25-09-2022 06:27:40						15,56	101,1	1,7	7,24	0,			17,40	74,2	0,55	4,4	0,			16,63	0,	0,81	6,	0,				17,56	81,4	0,83	5,85	0,				9,46	96,2					
25-09-2022 06:32:42						15,43	101,1	1,59	7,32	0,			17,40	75,5	0,54	3,97	0,			16,63	0,	0,78	5,79	0,				17,43	80,8	0,75	5,76	0,				9,15	96,					
25-09-2022 06:37:40						15,68	101,1	1,44	7,05	0,			17,65	76,5	0,55	3,55	0,			16,63	0,	0,81	5,78	0,				17,56	81,1	0,78	5,65	0,				8,96	96,					
25-09-2022 06:42:42						15,62	101,1	1,37	7,01	0,			17,33	73,6	0,51	3,56	0,			16,63	0,	0,76	5,61	0,				17,56	81,5	0,8	5,59	0,				8,77	96,					
25-09-2022 06:47:41						15,81	101,1	1,43	7,14	0,			17,21	74,1	0,58	3,56	0,			16,63	0,	0,83	5,62	0,				17,37	81,1	0,77	5,51	0,				8,71	91,5					
25-09-2022 06:52:41						15,56	101,1	1,58	7,21	0,			17,21	74,2	0,6	2,59	0,			16,75	0,	0,77	5,45	0,				17,43	81,6	0,78	5,39	0,				9,15	92,8					
25-09-2022 06:57:41						15,50	101,1	1,73	7,44	0,			17,33	75,4	0,58	2,6	0,			16,69	0,	0,83	5,45	0,				17,50	81,6	0,77	5,06	0,				9,08	88,5					
25-09-2022 07:02:42						15,12	101,1	1,67	7,63	0,			17,33	75,9	0,55	2,73	0,			16,81	0,	0,84	5,45	0,				17,75	81,6	0,74	4,77	0,				9,27	88,9					
25-09-2022 07:07:42						15,50	101,1	2,33	7,94	0,			17,21	74,2	0,58	2,72	0,			16,88	0,	0,79	5,45	0,				17,87	82,7	0,73	5,03	0,				9,15	94,					
25-09-2022 07:12:40						15,31	101,1	1,93	7,81	0,			17,27	74,5	0,53	2,39	0,			16,94	0,	0,83	5,9	0,				18,12	82,7	0,73	4,83	0,				9,33	94,					
25-09-2022 07:17:42						15,25	101,1	2,12	7,99	0,			17,21	73,8	0,57	2,4	0,			16,94	0,	0,75	5,9	0,				17,75	81,8	0,72	4,73	0,				9,08	93,5					
25-09-2022 07:22:41						15,06	101,1	2,15	8,13	0,			17,08	74,3	0,48	1,59	0,			16,88	0,	0,83	5,9	0,				17,87	81,8	0,73	4,61	0,				8,77	92,7					
25-09-2022 07:27:41						14,93	101,1	2,08	8,08	0,			17,02	75,4	0,54	2,07	0,			16,69	0,	0,77	5,9	0,				17,75	81,7	0,71	4,17	0,				8,90	93,5					
25-09-2022 07:32:41						15,12	101,1	1,79	7,94	0,			16,96	74,6	0,48	1,84	0,			16,69	0,	0,74	5,9	0,				17,50	82,	0,71	4,16	0,				8,90	92,4					
25-09-2022 07:37:42						15,06	101,1	2,65	8,38	0,			17,21	76,3	0,51	1,84	0,			16,75	0,	0,76	5,9	0,				17,75	82,2	0,69	4,1	0,				8,90	94,2					
25-09-2022 07:42:41						14,93	101,1	2,19	8,43	0,			17,46	76,9	0,5	2,04	0,			16,69	0,	0,84	5,9	0,				17,87	82,5	0,74	4,11	0,				9,15	94,1					
25-09-2022 07:47:40						14,87	101,1	2,17	8,31	0,			17,96	77,8	0,57	2,47	0,			16,81	0,	0,72	5,9	0,				17,81	83,	0,72	3,97	0,				9,02	94,3					
25-09-2022 07:52:42						15,00	101,1	2,55	8,27	0,			17,90	77,8	0,6	2,88	0,			16,75	0,	0,77	5,44	0,				17,68	81,8	0,69	3,97	0,				8,90	93,9					
25-09-2022 07:57:41						15,06	101,1	2,13	8,05	0,			17,71	75,	0,54	2,87	0,			16,75	0,	0,77	5,45	0,				18,06	82,2	0,72	3,97	0,				8,96	93,2					
25-09-2022 08:02:42						15,06	101,1	2,09	7,87	0,			17,65	76,2	0,57	3,06	0,			16,69	0,	0,79	5,45	0,				17,93	82,3	0,66	3,98	0,				8,46	92,9					
25-09-2022 08:07:41						15,31	101,1	1,73	7,63	0,			17,52	76,2	0,59	3,07	0,			16,69	0,	0,78	5,46	0,				18,06	82,8	0,73	3,97	0,				8,52	93,2					
25-09-2022 08:12:42						15,18	101,1	1,84	7,64	0,			17,40	75,1	0,56	3,25	0,			16,69	0,	0,77	5,46	0,				17,93	82,7	0,73	3,97	0,				8,65	94,					
25-09-2022 08:17:41						15,81	101,1	1,99	7,75	0,			17,21	75,7	0,58	3,26	0,			16,63	0,	0,77	5,46	0,				17,81	82,4	0,71	4,25	0,				9,27	94,4					
25-09-2022 08:22:42						15,93	101,1	2,08	8,14	0,			17,58	77,8	0,62	2,73	0,			16,69	0,	0,78	5,46	0,				17,68	83,	0,72	4,24	0,				9,52	93,7					
25-09-2022 08:27:42						16,31	101,1	2,46	8,58	0,			17,65	77,	0,56	2,74	0,			16,81	0,	0,78	5,45	0,				18,00	83,4	0,72	3,95	0,				9,40	92,					
25-09-2022 08:32:41						16,06	101,1	2,27	9,55	0,			18,02	78,2	0,53	3,39	0,			17,06	0,	0,89	6,	0,				18,00	84,	0,72	3,74	0,				9,71	92,6					
25-09-2022 08:37:42						15,81	101,1	2,12	9,56	0,			18,27	81,	0,55	4,	0,			17,13	0,	0,89	6,	0,				18,37	84,6	0,73	3,74	0,				9,96	93,					
25-09-2022 08:42:41						15,56	101,1	2,09	9,54	0,			18,40	82,3	0,56	4,96	0,			17,19	0,	1,05	6,3	0,				18,31	83,9	0,7	4,02	0,				10,21	93,5					
25-09-2022 08:47:42						15,56	101,1	2,27	9,29	0,			18,21	81,8	0,58	4,96	0,			17,31	0,	1,41	6,86	0,				18,37	84,2	0,71	4,05	0,				10,33	93,					
25-09-2022 08:52:40						15,68	101,1	2,16	9,21	0,			18,15	81,8	0,56	4,96	0,			17,19	0,	1,7	7,06	0,				19,00	86,6	0,71	4,41	0,				10,58	92,9					
25-09-2022 08:57:42						15,93	101,1	2,47	9,02	0,			18,02	81,3	0,59	4,96	0,			17,06	0,	1,67	7,24	0,				19,06	87,2	0,76	5,38	0,				10,90	92,6					
25-09-2022 09:02:41						16,12	101,1	2,32	8,73	0,			18,15	82,3	0,54	5,16	0,			17,31	0,	1,91	7,6	0,				19,56	87,8	1,18	6,73	0,				11,27	92,8					
25-09-2022 09:07:42						16,00	101,1	2,17	9,54	0,			18,21	81,	0,6	5,37	0,			17,88	0,	2,34	7,98	0,				19,12	87,4	1,84	7,52	0,				11,65	93,1					
25-09-2022 09:12:42						16,06	101,1	2,18	9,53	0,			18,27	82,2	0,57	5,37	0,			17,94	0,	2,1	9,24	0,				19,00	88,	2,02	7,99	0,				11,83	92,7					
25-09-2022 09:17:41						16,37	101,1	2,25	9,54	0,			18,40	81,3	0,6	5,76	0,			17,69	0,	2,29	9,24	0,				18,37	88,2	2,16	9,29	0,				11,83	92,4					
25-09-2022 09:22:41						16,62	101,1	2,13	9,53	0,			18,46	80,6	0,61	6,31	0,			17,56	0,	2,41	9,23	0,				18,12	88,2	2,05	9,28	0,				12,02	93,					
25-09-2022 09:27:41						16,43	101,1	2,27	9,54	0,			18,46	80,7	0,66	6,6	0,			17,56	0,	2,32	9,23	0,				18,25	89,4	2,23	9,28	0,				11,96	93,6					
25-09-2022 09:32:42						16,50	101,1	2,35	9,54	0,			18,52	81,7	0,68	6,84	0,			17,25	0,	2,53	9,24	0,				17,87	88,7	2,06	9,29	0,				11,96	93,6					
25-09-2022 09:37:40						16,37	101,1	2,25	9,55	0,			18,21	79,8	0,69	7,51	0,			17,00	0,	2,36	9,06	0,				17,68	89,1	2,14	9,01	0,				11,83	93,6					
25-09-2022 09:42:42						16,50	101,1	2,28	9,52	0,			17,90	79,	0,73	7,91	0,			16,88	0,	2,2	9,06	0,				17,56	89,4	2,16	8,92	0,				11,83	93,5					
25-09-2022 09:47:42						16,50	101,1	2,21	9,52	0,			17,90	79,4	0,8	7,91	0,			16,81	0,	2,56	8,58	0,				17,37	88,4	2,07	8,36	0,				12,08	93,5					
25-09-2022 09:52:42						16,75	101,1	2,23	9,32	0,			17,96	80,2	0,98	8,48	0,			16,94	0,	2,34	8,58	0,				17,50	89,4	2,15	8,17	0,				12,33	93,2					
25-09-2022 09:57:42						16,75	101,1	2,12	9,31	0,			18,02	80,5	0,96	8,47	0,			17,13	0,	2,53	8,1	0,				17,81	89,4	2,19	8,14	0,				12,33	93,					
25-09-2022 10:02:41						16,75	101,1	2,1	9,54	0,			17,77	79,8	1,2	9,49	0,			17,25	0,	2,5	8,1	0,				18,06	89,4	2,36	8,14	0,				12,33	92,4					
25-09-2022 10:07:42						16,87	101,1	2,23	9,54	0,			17,90	80,2	1,08	9,84	0,			17,25	0,	2,47	8,26	0,				18,00	89,	2,33	8,32	0,				12,58	92,1					
25-09-2022 10:12:41						17,00	101,1	2,18	9,55	0,			17,77	79,9	1,51	9,85	0,			17,31	0,	2,51	8,74	0,				18,12	89,	2,28	8,77	0,				12,71	91,8					
25-09-2022 10:17:42						17,18	101,1	2,11	9,53	0,			17,83	80,6	1,44	9,84	0,			17,38	0,	2,28	9,19	0,				18,43	89,4	2,09	9,26	0,				12,71	91,2					
25-09-2022 10:22:41						17,31	101,1	2,17	9,54	0,			17,90	80,6	1,5	9,85	0,			17,44	0,	2,26	9,2	0,				18,31	89,	1,96	9,28	0,				12,77	90,5					
25-09-2022 10:27:42						17,18	101,1	2,07	9,54	0,			17,96	81,	1,67	9,85	0,			17,50	0,	2,34	9,2	0,				18,37	89,	2,23	9,29	0,				13,02	90,3					
25-09-2022 10:32:41						17,31	101,1	2,11	9,53	0,			18,02	80,6	2,18	9,85	0,			17,69	0,	2,3	9,19	0,				18,43	88,6	1,96	9,28	0,				13,33	89,6					
25-09-2022 10:37:42						17,50	101,1	2,08	9,54	0,			18,02	81,	2,1	9,84	0,			17,63	0,	2,24	9,2	0,				18,50	88,6	2,14	9,28	0,				13,08	88,4					
25-09-2022 10:42:42						17,43	101,1	2,04	9,53	0,			17,90	80,5	2,47	9,84	0,			17,81	0,	2,37	9,19	0,				18,75	88,2	2,11	9,28	0,				13,27	88,4					
25-09-2022 10:47:41						17,56	101,1	2,08	9,54	0,			17,90	80,4	2,47	9,85	0,			17,75	0,	2,3	9,19	0,				18,37	87,8	2,24	9,28	0,				13,27	88,7					
25-09-2022 10:52:44						17,56	101,1	2,05	9,55	0,			17,83	80,9	2,41	9,84	0,			17,69	0,	2,3	9,2	0,				18,25	87,6	2,03	9,29	0,				13,46	88,2					
25-09-2022 10:57:41						17,50	101,1	1,84	9,53	0,			17,77	81,3	2,48	9,85	0,			17,81	0,	2,38	9,19	0,				18,50	88,6	2,23	9,26	0,				13,71	87,6					
25-09-2022 11:02:42						17,56	101,1	2,19	9,54	0,			17,90	81,8	2,29	9,85	0,			18,00	0,	2,36	9,19	0,				19,18	89,	2,19	9,27	0,				14,15	87,					
25-09-2022 11:07:41						17,75	101,1	2,09	9,55	0,			17,96	82,	2,5	9,84	0,			18,13	0,	2,35	9,2	0,				19,18	88,3	2,43	9,28	0,				14,15	85,9					
25-09-2022 11:12:42						17,75	101,1	2,15	9,54	0,			18,08	82,2	2,49	9,85	0,			18,13	0,	2,41	9,2	0,				19,00	88,1	2,28	9,28	0,				13,65	84,4					
25-09-2022 11:17:41						17,62	101,1	2,11	9,52	0,			18,08	81,8	2,45	9,85	0,			18,19	0,	2,03	9,2	0,				18,87	87,2	2,4	9,04	0,				13,46	85,2					
25-09-2022 11:22:44						17,62	101,1	2,11	9,55	0,			17,90	80,6	2,25	9,84	0,			18,25	0,	2,13	9,2	0,				18,81	87,	2,06	9,27	0,				13,83	85,6					
25-09-2022 11:27:42						17,87	101,1	2,01	9,54	0,			18,02	81,2	2,4	9,85	0,			18,31	0,	2,15	9,19	0,				19,00	88,2	2,35	9,28	0,				14,27	83,6					
25-09-2022 11:32:41						18,06	101,1	1,96	9,55	0,			18,08	81,6	2,39	9,84	0,			18,38	0,	2,42	9,21	0,				19,31	89,1	2,11	9,28	0,				14,77	81,6					
25-09-2022 11:37:42						18,00	101,1	1,95	9,54	0,			18,27	81,8	2,6	9,85	0,			18,56	0,	2,19	9,2	0,				19,31	89,2	2,14	9,29	0,				15,15	79,6					
25-09-2022 11:42:40						18,31	101,1	2,02	9,55	0,			18,40	82,6	2,54	9,85	0,			18,69	0,	2,3	9,19	0,				19,81	89,4	2,09	9,29	0,				14,83	78,8					
25-09-2022 11:47:41						18,50	101,1	2,14	9,54	0,			18,46	81,6	2,19	9,86	0,			18,81	0,	2,32	9,2	0,				19,50	87,4	2,1	9,29	0,				14,33	78,7					
25-09-2022 11:52:41						18,12	101,1	1,99	9,55	0,			18,15	80,6	2,22	9,85	0,			18,50	0,	2,09	9,19	0,				19,06	87,4	2,16	9,27	0,				14,52	80,3					
25-09-2022 11:57:42						18,18	101,1	2,08	9,52	0,			18,15	81,	2,29	9,84	0,			18,38	0,	2,13	9,19	0,				18,93	87,4	2,04	9,27	0,				14,90	80,					
25-09-2022 12:02:40						18,25	101,1	2,1	9,54	0,			18,33	81,	2,34	9,84	0,			18,38	0,	2,4	9,19	0,				19,12	88,6	2,1	9,27	0,				15,21	80,1					
25-09-2022 12:07:42						18,50	101,1	1,94	9,53	0,			18,40	81,8	2,24	9,85	0,			18,63	0,	2,39	9,2	0,				19,25	88,2	1,98	9,29	0,				14,96	78,					
25-09-2022 12:12:41						18,68	101,1	1,9	9,55	0,			18,46	81,8	2,11	9,85	0,			18,88	0,	2,42	9,2	0,				19,62	89,4	2,26	9,28	0,				15,27	73,8					
25-09-2022 12:17:41						18,56	101,1	2,07	9,52	0,			18,46	81,2	2,15	9,84	0,			18,94	0,	2,3	9,2	0,				19,62	89,4	1,96	9,28	0,				15,21	71,6					
25-09-2022 12:22:41						18,37	101,1	1,97	9,52	0,			18,52	80,8	2,17	9,84	0,			18,94	0,	2,19	9,2	0,				19,37	88,6	2,14	9,28	0,				15,58	73,6					
25-09-2022 12:27:40						18,62	101,1	2,06	9,53	0,			18,77	81,1	2,28	9,86	0,			19,19	0,	2,44	9,19	0,				19,93	88,9	1,92	9,28	0,				15,83	73,1					
25-09-2022 12:32:42						18,62	101,1	2,11	9,54	0,			18,77	80,6	2,39	9,84	0,			19,50	0,	2,3	9,19	0,				20,12	89,4	2,1	9,28	0,				15,58	73,9					
25-09-2022 12:37:41						18,68	101,1	2,19	9,54	0,			19,02	82,2	2,33	9,85	0,			19,44	0,	2,44	9,19	0,				20,43	90,3	1,74	9,29	0,				15,46	73,6					
25-09-2022 12:42:41						19,18	101,1	2,28	9,56	0,			18,90	80,6	2,43	9,86	0,			19,50	0,	2,31	9,19	0,				20,06	89,6	1,95	9,27	0,				15,77	73,					
25-09-2022 12:47:40						19,06	101,1	1,99	9,59	0,			18,96	80,8	2,31	9,84	0,			19,31	0,	2,3	9,21	0,				20,12	89,8	2,11	9,3	0,				15,83	71,7					
25-09-2022 12:52:43						18,87	101,1	2,23	9,55	0,			18,77	80,1	2,57	9,84	0,			19,19	0,	2,26	9,19	0,				19,93	89,8	2,02	9,27	0,				15,71	67,5					
25-09-2022 12:57:42						19,18	101,1	2,19	9,54	0,			19,21	82,5	2,54	9,84	0,			19,19	0,	2,45	9,19	0,				19,75	89,4	2,18	9,29	0,				16,02	65,9					
25-09-2022 13:02:41						19,12	101,1	1,95	9,54	0,			19,27	83,	2,54	9,84	0,			19,19	0,	2,26	9,2	0,				19,75	89,9	2,24	9,28	0,				15,90	65,9					
25-09-2022 13:07:42						18,68	101,1	2,11	9,53	0,			19,27	83,2	2,41	9,85	0,			19,19	0,	2,34	9,19	0,				19,68	88,6	1,99	9,28	0,				15,90	69,7					
25-09-2022 13:12:41						18,56	101,1	2,06	9,53	0,			19,27	84,2	2,46	9,85	0,			19,00	0,	2,39	9,2	0,				19,93	88,6	1,92	9,28	0,				16,52	67,1					
25-09-2022 13:17:42						18,43	101,1	2,2	9,53	0,			18,90	82,7	2,15	9,85	0,			19,06	0,	2,29	9,19	0,				19,81	87,9	1,93	9,28	0,				16,21	68,5					
25-09-2022 13:22:40						18,68	101,1	2,31	9,53	0,			18,90	82,2	2,38	9,84	0,			19,13	0,	2,42	9,19	0,				19,81	88,3	1,99	9,27	0,				16,21	68,9					
25-09-2022 13:27:42						18,25	101,1	2,33	9,53	0,			18,77	81,9	2,29	9,85	0,			18,94	0,	2,15	9,18	0,				19,81	87,9	2,09	9,29	0,				16,02	70,3					
25-09-2022 13:32:41						18,18	101,1	2,35	9,54	0,			18,83	82,2	2,38	9,85	0,			18,81	0,	2,38	9,2	0,				19,68	87,	2,01	9,28	0,				16,08	73,2					
25-09-2022 13:37:41						18,18	101,1	2,1	9,55	0,			18,77	80,6	2,4	9,85	0,			19,00	0,	2,34	9,19	0,				19,93	86,2	2,01	9,28	0,				15,52	71,7					
25-09-2022 13:42:42						18,06	101,1	2,28	9,54	0,			18,71	80,4	2,29	9,84	0,			19,00	0,	2,41	9,2	0,				19,68	85,1	2,1	9,29	0,				15,77	71,3					
25-09-2022 13:47:41						18,12	101,1	2,28	9,54	0,			18,58	79,8	2,49	9,85	0,			18,88	0,	2,38	9,2	0,				20,00	85,8	1,96	9,29	0,				15,90	72,4					
25-09-2022 13:52:42						18,25	101,1	2,1	9,52	0,			18,90	80,2	2,42	9,84	0,			18,94	0,	2,34	9,19	0,				20,06	85,3	2,08	9,29	0,				15,52	71,2					
25-09-2022 13:57:41						18,25	101,1	2,06	9,54	0,			18,96	79,2	2,22	9,85	0,			18,94	0,	2,34	9,21	0,				20,18	85,2	2,23	9,28	0,				16,08	71,4					
25-09-2022 14:02:42						18,43	101,1	1,89	9,53	0,			19,15	79,4	2,41	9,84	0,			19,19	0,	2,34	9,2	0,				20,68	85,4	2,26	9,29	0,				15,90	73,7					
25-09-2022 14:07:41						18,81	101,1	1,83	9,55	0,			19,46	78,6	2,29	9,84	0,			19,50	0,	2,24	9,19	0,				20,68	85,2	1,98	9,29	0,				16,40	74,5					
25-09-2022 14:12:41						19,31	101,1	1,97	9,54	0,			19,71	78,6	2,31	9,85	0,			19,88	0,	2,07	9,21	0,				21,12	85,	2,19	9,28	0,				15,90	73,7					
25-09-2022 14:17:41						19,62	101,1	2,07	9,56	0,			19,77	77,	2,41	9,85	0,			19,94	0,	2,36	9,2	0,				20,81	82,6	2,13	9,28	0,				15,71	72,5					
25-09-2022 14:22:42						19,81	101,1	2,02	9,56	0,			19,71	76,7	2,53	9,86	0,			20,06	0,	2,34	9,21	0,				20,68	83,	2,09	9,28	0,				16,21	73,					
25-09-2022 14:27:41						19,56	101,1	1,79	9,58	0,			19,83	75,8	2,36	9,85	0,			20,06	0,	2,4	9,22	0,				21,06	83,4	2,28	9,28	0,				15,83	71,1					
25-09-2022 14:32:42						19,50	101,1	1,91	9,56	0,			19,83	75,4	2,36	9,85	0,			20,06	0,	2,25	9,21	0,				20,87	82,	2,26	9,29	0,				15,46	72,1					
25-09-2022 14:37:42						19,37	101,1	1,93	9,54	0,			19,83	75,1	2,44	9,85	0,			20,00	0,	2,25	9,21	0,				20,50	79,5	2,05	9,29	0,				15,58	69,7					
25-09-2022 14:42:42						19,50	101,1	2,07	9,52	0,			19,96	74,3	2,37	9,85	0,			20,00	0,	2,28	9,2	0,				20,56	81,5	2,23	9,29	0,				16,40	73,4					
25-09-2022 14:47:42						19,68	101,1	2,13	9,55	0,			20,40	74,6	2,24	9,84	0,			20,38	0,	2,75	9,2	0,				21,18	82,5	2,02	9,29	0,				15,52	71,7					
25-09-2022 14:52:41						19,62	101,1	1,99	9,55	0,			20,27	73,8	2,53	9,86	0,			20,25	0,	2,42	9,21	0,				21,18	80,7	2,22	9,28	0,				15,21	69,7					
25-09-2022 14:57:42						19,50	101,1	2,14	9,56	0,			20,08	72,2	2,19	9,85	0,			20,06	0,	2,16	9,21	0,				20,87	81,	2,17	9,3	0,				15,52	72,2					
25-09-2022 15:02:42						19,43	101,1	2,13	9,55	0,			20,02	72,6	2,6	9,85	0,			20,13	0,	2,19	9,21	0,				20,50	78,3	2,14	9,29	0,				15,77	71,3					
25-09-2022 15:07:42						19,68	101,1	2,26	9,54	0,			20,02	73,	2,18	9,85	0,			20,13	0,	2,45	9,21	0,				20,81	79,5	2,04	9,28	0,				16,33	70,8					
25-09-2022 15:12:42						19,81	101,1	2,01	9,56	0,			20,15	73,	2,5	9,85	0,			20,25	0,	2,45	9,21	0,				20,81	79,3	2,32	9,29	0,				15,71	70,1					
25-09-2022 15:17:42						19,75	101,1	2,13	9,57	0,			20,27	71,8	2,51	9,86	0,			20,31	0,	2,26	9,21	0,				21,06	80,2	2,28	9,28	0,				15,83	71,6					
25-09-2022 15:22:42						20,06	101,1	2,01	9,55	0,			20,15	70,6	2,36	9,86	0,			20,19	0,	2,52	9,2	0,				20,93	78,6	2,03	9,28	0,				15,46	70,7					
25-09-2022 15:27:40						20,43	101,1	2,35	9,54	0,			20,15	71,5	2,44	9,86	0,			20,13	0,	2,33	9,21	0,				20,81	78,5	1,95	9,3	0,				15,71	70,2					
25-09-2022 15:32:42						20,93	101,1	2,46	9,57	0,			20,21	71,4	2,26	9,85	0,			20,38	0,	2,29	9,2	0,				21,06	79,5	2,01	9,28	0,				16,21	69,3					
25-09-2022 15:37:41						21,25	101,1	2,59	9,55	0,			20,52	71,9	2,51	9,86	0,			20,63	0,	2,27	9,21	0,				21,12	79,	1,99	9,29	0,				15,77	70,5					
25-09-2022 15:42:41						20,62	101,1	2,1	9,56	0,			20,58	71,8	2,42	9,86	0,			20,81	0,	2,35	9,22	0,				21,18	79,4	1,86	9,29	0,				15,83	72,4					
25-09-2022 15:47:41						20,75	101,1	2,19	9,55	0,			20,96	72,5	2,61	9,86	0,			20,69	0,	2,59	9,21	0,				21,12	77,1	2,02	9,29	0,				15,90	72,9					
25-09-2022 15:52:42						20,56	101,1	2,15	9,56	0,			20,90	71,8	2,47	9,86	0,			20,75	0,	2,62	9,2	0,				21,50	80,	2,07	9,29	0,				15,77	73,6					
25-09-2022 15:57:42						20,87	101,1	2,73	9,56	0,			21,02	71,9	2,58	9,85	0,			20,75	0,	2,44	9,2	0,				21,37	77,1	2,16	9,27	0,				15,27	72,4					
25-09-2022 16:02:41						20,18	101,1	2,11	9,53	0,			20,96	71,8	2,32	9,86	0,			20,75	0,	2,41	9,22	0,				21,62	76,7	2,23	9,28	0,				15,46	73,7					
25-09-2022 16:07:42						20,43	101,1	2,34	9,56	0,			20,83	71,4	2,51	9,85	0,			20,56	0,	2,41	9,22	0,				21,37	77,1	2,23	9,29	0,				15,15	73,7					
25-09-2022 16:12:41						20,31	101,1	2,23	9,57	0,			20,96	70,6	2,51	9,86	0,			20,75	0,	2,43	9,21	0,				21,25	77,9	1,84	9,28	0,				15,46	72,5					
25-09-2022 16:17:42						20,43	101,1	2,38	9,54	0,			20,77	69,4	2,57	9,86	0,			20,50	0,	2,41	9,22	0,				21,25	77,5	2,14	9,29	0,				15,27	70,6					
25-09-2022 16:22:40						20,12	101,1	2,04	9,54	0,			20,83	70,6	2,41	9,86	0,			20,50	0,	2,42	9,21	0,				21,00	77,5	2,08	9,28	0,				14,96	72,5					
25-09-2022 16:27:41						20,06	101,1	2,32	9,53	0,			20,96	70,2	2,43	9,85	0,			20,44	0,	2,29	9,21	0,				21,06	77,9	2,09	9,29	0,				15,27	72,2					
25-09-2022 16:32:41						20,06	101,1	2,57	9,54	0,			20,90	71,4	2,34	9,85	0,			20,31	0,	2,37	9,2	0,				20,93	77,5	1,93	9,27	0,				15,40	71,8					
25-09-2022 16:37:42						19,75	101,1	2,22	9,54	0,			20,83	69,5	2,31	9,86	0,			20,38	0,	2,22	9,23	0,				21,00	77,5	1,96	9,27	0,				15,08	71,3					
25-09-2022 16:42:42						19,93	101,1	1,99	9,55	0,			20,58	71,6	2,52	9,85	0,			20,38	0,	2,34	9,19	0,				20,81	77,9	2,02	9,29	0,				15,21	73,3					
25-09-2022 16:47:41						19,93	101,1	2,37	9,54	0,			20,27	69,7	2,47	9,86	0,			20,38	0,	2,42	9,21	0,				20,87	77,1	1,96	9,29	0,				14,71	73,4					
25-09-2022 16:52:42						20,06	101,1	2,19	9,56	0,			20,33	69,8	2,48	9,85	0,			20,38	0,	2,31	9,21	0,				20,56	78,5	2,05	9,3	0,				14,65	74,4					
25-09-2022 16:57:41						19,93	101,1	2,25	9,55	0,			20,40	69,6	2,49	9,86	0,			20,38	0,	2,32	9,22	0,				20,56	77,1	2,12	9,3	0,				14,65	75,6					
25-09-2022 17:02:42						19,75	101,1	2,16	9,56	0,			20,40	69,2	2,46	9,85	0,			20,38	0,	2,39	9,2	0,				20,56	77,5	2,04	9,29	0,				14,46	76,1					
25-09-2022 17:07:41						19,87	101,1	2,37	9,55	0,			20,02	69,4	2,52	9,86	0,			20,38	0,	2,53	9,21	0,				20,31	76,6	2,04	9,28	0,				14,40	76,8					
25-09-2022 17:12:41						19,75	101,1	2,36	9,55	0,			19,96	69,8	2,34	9,85	0,			20,19	0,	2,34	9,21	0,				20,37	76,8	2,15	9,27	0,				14,08	76,4					
25-09-2022 17:17:41						19,68	101,1	2,2	9,56	0,			20,02	70,6	2,37	9,85	0,			20,00	0,	2,36	9,22	0,				20,12	76,7	2,05	9,29	0,				14,15	77,2					
25-09-2022 17:22:42						19,37	101,1	2,08	9,54	0,			19,83	69,9	2,43	9,85	0,			19,88	0,	2,42	9,2	0,				20,00	77,1	2,07	9,27	0,				13,90	76,					
25-09-2022 17:27:42						19,56	101,1	2,19	9,54	0,			19,77	69,8	2,35	9,85	0,			19,81	0,	2,06	9,2	0,				19,93	76,9	2,03	9,29	0,				13,90	76,8					
25-09-2022 17:32:41						19,37	101,1	2,15	9,54	0,			19,77	70,2	2,44	9,85	0,			19,50	0,	2,31	9,2	0,				19,75	77,1	2,24	9,3	0,				13,71	77,2					
25-09-2022 17:37:41						19,31	101,1	2,14	9,56	0,			19,65	70,2	2,3	9,85	0,			19,38	0,	2,35	9,22	0,				19,81	77,7	1,89	9,28	0,				13,52	76,8					
25-09-2022 17:42:41						19,37	101,1	1,95	9,56	0,			19,52	70,3	2,39	9,85	0,			19,44	0,	2,27	9,2	0,				19,62	76,3	2,08	9,29	0,				13,40	77,					
25-09-2022 17:47:41						19,25	101,1	2,21	9,52	0,			19,40	70,3	2,35	9,85	0,			19,44	0,	2,32	9,19	0,				20,18	78,7	1,96	9,28	0,				13,46	77,7					
25-09-2022 17:52:41						19,00	101,1	2,36	9,55	0,			19,27	70,6	2,64	9,84	0,			19,13	0,	2,35	9,19	0,				19,93	79,1	2,01	9,28	0,				13,27	78,					
25-09-2022 17:57:41						18,81	101,1	2,24	9,54	0,			19,15	70,3	2,59	9,85	0,			18,94	0,	2,43	9,2	0,				19,56	77,8	2,16	9,27	0,				13,27	78,2					
25-09-2022 18:02:41						18,81	101,1	2,29	9,57	0,			19,15	71,8	2,62	9,86	0,			18,88	0,	2,35	9,2	0,				19,56	78,3	2,19	9,29	0,				13,21	78,8					
25-09-2022 18:07:42						19,18	101,1	2,15	9,56	0,			19,08	70,5	2,4	9,86	0,			18,88	0,	2,43	9,2	0,				19,43	77,8	2,19	9,28	0,				13,21	79,					
25-09-2022 18:12:42						19,37	101,1	2,06	9,53	0,			19,15	71,8	2,42	9,85	0,			18,75	0,	2,48	9,21	0,				19,75	79,5	2,08	9,29	0,				13,15	79,6					
25-09-2022 18:17:41						19,12	101,1	2,06	9,54	0,			19,33	75,1	2,27	9,86	0,			18,94	0,	2,43	9,21	0,				19,68	79,9	1,91	9,3	0,				13,15	79,4					
25-09-2022 18:22:42						18,81	101,1	2,22	9,56	0,			19,27	74,8	2,14	9,85	0,			18,94	0,	2,34	9,21	0,				19,31	79,1	1,94	9,28	0,				12,96	79,2					
25-09-2022 18:27:41						19,18	101,1	2,21	9,53	0,			19,15	75,4	2,58	9,85	0,			18,94	0,	2,43	9,21	0,				19,18	78,9	2,16	9,29	0,				12,90	78,8					
25-09-2022 18:32:42						18,75	101,1	2,33	9,56	0,			18,77	74,2	2,25	9,86	0,			19,00	0,	2,26	9,21	0,				19,37	80,3	2,06	9,29	0,				12,83	79,1					
25-09-2022 18:37:41						18,31	101,1	2,34	9,56	0,			18,58	73,7	2,64	9,85	0,			18,69	0,	2,5	9,19	0,				19,43	80,	1,98	9,27	0,				12,77	79,2					
25-09-2022 18:42:42						18,25	101,1	2,31	9,55	0,			18,40	73,1	2,37	9,85	0,			18,63	0,	2,4	9,24	0,				19,18	79,4	1,9	9,29	0,				12,65	78,4					
25-09-2022 18:47:41						18,12	101,1	2,15	9,56	0,			18,21	73,7	2,27	9,85	0,			18,88	0,	2,25	9,22	0,				18,93	78,7	1,95	9,27	0,				12,71	78,7					
25-09-2022 18:52:42						17,93	101,1	2,44	9,55	0,			18,15	74,4	2,53	9,86	0,			18,94	0,	2,46	9,23	0,				19,31	80,7	1,97	9,27	0,				12,52	78,8					
25-09-2022 18:57:42						17,75	101,1	2,36	9,54	0,			17,96	72,5	2,27	9,85	0,			18,81	0,	2,42	9,24	0,				19,50	84,2	2,1	9,3	0,				12,46	78,					
25-09-2022 19:02:41						17,37	101,1	2,09	9,55	0,			17,58	72,2	2,43	9,85	0,			18,38	0,	2,49	9,24	0,				19,12	82,6	2,03	9,28	0,				12,40	77,2					
25-09-2022 19:07:42						17,00	101,1	2,28	9,54	0,			17,40	71,3	2,46	9,84	0,			18,00	0,	2,49	9,23	0,				18,56	82,3	2,26	9,29	0,				12,27	77,2					
25-09-2022 19:12:41						17,00	101,1	2,12	9,55	0,			17,21	71,8	2,33	9,84	0,			17,75	0,	2,35	8,71	0,				18,25	81,3	2,08	8,96	0,				12,15	77,7					
25-09-2022 19:17:42						16,87	101,1	2,1	9,55	0,			17,15	72,8	2,49	9,84	0,			17,56	0,	2,63	8,47	0,				18,00	80,9	2,31	9,03	0,				12,15	78,					
25-09-2022 19:22:41						17,12	101,1	2,23	9,54	0,			17,02	72,6	2,43	9,84	0,			17,38	0,	2,41	8,46	0,				18,00	81,1	2,18	9,02	0,				12,15	78,6					
25-09-2022 19:27:42						16,81	101,1	2,3	9,54	0,			16,96	71,8	2,54	9,84	0,			17,19	0,	2,36	8,24	0,				17,81	80,7	2,07	9,03	0,				11,96	78,4					
25-09-2022 19:32:41						16,81	101,1	2,21	9,33	0,			16,90	72,2	2,41	9,84	0,			17,13	0,	2,73	8,25	0,				17,56	80,3	2,3	8,62	0,				12,02	78,					
25-09-2022 19:37:41						16,68	101,1	2,27	9,56	0,			17,08	71,5	2,35	9,84	0,			17,00	0,	2,34	8,24	0,				17,87	81,4	2,05	8,01	0,				11,96	78,					
25-09-2022 19:42:42						16,56	101,1	2,32	9,55	0,			17,08	72,9	1,79	9,83	0,			17,06	0,	2,41	7,74	0,				17,87	80,	1,9	7,96	0,				11,83	79,2					
25-09-2022 19:47:41						16,75	101,1	2,1	9,54	0,			17,15	72,1	1,66	9,84	0,			17,00	0,	2,15	7,74	0,				17,81	79,7	1,93	7,69	0,				11,90	79,6					
25-09-2022 19:52:42						17,00	101,1	2,12	9,52	0,			17,21	71,8	1,52	9,84	0,			17,00	0,	2,01	7,74	0,				17,81	79,5	1,69	7,6	0,				11,77	79,6					
25-09-2022 19:57:41						16,93	101,1	2,21	9,53	0,			17,15	71,8	1,33	9,84	0,			16,94	0,	2,06	7,75	0,				17,81	79,1	1,8	7,56	0,				11,71	80,4					
25-09-2022 20:02:41						17,00	101,1	2,16	9,54	0,			17,21	72,4	1,15	9,48	0,			17,00	0,	2,08	7,75	0,				18,25	79,5	1,75	7,56	0,				11,58	80,4					
25-09-2022 20:07:41						16,87	101,1	2,31	9,54	0,			17,33	71,	1,2	9,17	0,			16,94	0,	2,04	7,75	0,				17,68	78,7	1,91	7,69	0,				11,58	80,4					
25-09-2022 20:12:41						17,06	101,1	2,26	9,54	0,			17,33	71,8	1,09	9,16	0,			17,00	0,	2,2	7,75	0,				17,87	79,5	1,85	7,8	0,				11,65	80,7					
25-09-2022 20:17:41						17,00	101,1	2,18	9,55	0,			17,33	70,9	1,15	9,16	0,			16,88	0,	2,47	8,09	0,				17,50	77,8	2,1	8,03	0,				11,58	80,8					
25-09-2022 20:22:43						16,87	101,1	2,3	9,54	0,			17,33	71,6	1,16	9,16	0,			16,88	0,	2,54	8,08	0,				17,56	77,9	2,1	7,98	0,				11,52	81,1					
25-09-2022 20:27:43						16,87	101,1	2,11	9,53	0,			17,27	70,6	1,17	9,16	0,			17,00	0,	2,36	8,09	0,				17,50	78,4	2,1	8,07	0,				11,46	81,2					
25-09-2022 20:32:40						16,81	101,1	2,18	9,54	0,			17,27	70,8	1,12	9,16	0,			16,94	0,	2,43	8,33	0,				17,31	77,8	2,12	8,12	0,				11,46	81,6					
25-09-2022 20:37:42						16,68	101,1	2,14	9,53	0,			17,21	71,	1,17	9,16	0,			16,81	0,	2,19	8,33	0,				17,43	78,6	2,2	8,2	0,				11,46	81,8					
25-09-2022 20:42:41						16,75	101,1	2,15	9,53	0,			17,27	71,	1,11	8,94	0,			16,88	0,	2,42	8,32	0,				17,31	77,9	1,98	8,23	0,				11,46	82,					
25-09-2022 20:47:42						16,62	101,1	2,2	9,53	0,			17,33	71,	1,18	8,95	0,			16,94	0,	2,54	8,33	0,				17,31	78,3	2,13	8,22	0,				11,46	82,					
25-09-2022 20:52:40						16,68	101,1	2,21	9,56	0,			17,33	71,	1,09	8,93	0,			16,88	0,	2,23	8,56	0,				17,37	78,3	2,14	8,22	0,				11,40	82,1					
25-09-2022 20:57:43						16,68	101,1	2,13	9,56	0,			17,27	70,3	1,11	8,94	0,			16,94	0,	2,24	8,57	0,				17,43	78,7	2,17	8,24	0,				11,40	82,					
25-09-2022 21:02:41						16,68	101,1	2,15	9,54	0,			17,27	70,8	1,16	8,94	0,			16,88	0,	2,53	8,56	0,				17,43	78,3	2,13	8,22	0,				11,40	82,4					
25-09-2022 21:07:42						16,75	101,1	2,14	9,54	0,			17,33	71,3	1,1	8,94	0,			16,88	0,	2,42	8,57	0,				17,75	79,5	2,05	7,99	0,				11,33	82,6					
25-09-2022 21:12:41						16,56	101,1	2,29	9,52	0,			17,33	71,7	0,99	8,94	0,			16,94	0,	2,44	8,56	0,				17,56	78,7	1,99	8,01	0,				11,40	82,8					
25-09-2022 21:17:41						16,68	101,1	2,29	9,53	0,			17,46	70,4	1,1	8,95	0,			17,00	0,	2,45	8,68	0,				17,43	78,9	1,92	8,	0,				11,33	82,9					
25-09-2022 21:22:42						16,75	101,1	2,2	9,38	0,			17,40	71,4	1,11	8,94	0,			17,00	0,	2,41	9,03	0,				17,37	78,9	2,05	8,	0,				11,27	83,					
25-09-2022 21:27:41						16,75	101,1	2,27	9,55	0,			17,46	72,2	1,13	8,93	0,			16,88	0,	2,3	8,73	0,				17,50	79,1	2,3	8,	0,				11,27	83,2					
25-09-2022 21:32:42						16,62	101,1	2,26	9,53	0,			17,52	70,6	1,03	8,94	0,			16,94	0,	2,3	9,06	0,				17,50	78,7	1,95	8,01	0,				11,15	83,8					
25-09-2022 21:37:41						16,75	101,1	2,23	9,56	0,			17,65	71,8	1,1	9,15	0,			16,75	0,	2,47	8,34	0,				17,43	79,	2,29	8,24	0,				11,15	84,					
25-09-2022 21:42:41						16,68	101,1	2,21	9,56	0,			17,33	71,4	1,15	9,15	0,			16,81	0,	2,4	8,09	0,				17,25	79,3	2,33	8,29	0,				11,02	84,4					
25-09-2022 21:47:41						16,87	101,1	2,31	9,53	0,			17,33	71,4	1,2	9,15	0,			16,88	0,	2,38	8,1	0,				17,00	78,3	2,35	8,4	0,				11,08	84,4					
25-09-2022 21:52:43						16,81	101,1	2,12	9,53	0,			17,27	71,7	1,25	9,59	0,			16,94	0,	2,23	8,26	0,				17,37	79,1	2,23	8,4	0,				11,02	84,7					
25-09-2022 21:57:42						16,75	101,1	2,19	9,52	0,			17,02	71,1	1,28	9,59	0,			16,88	0,	2,24	7,86	0,				17,12	78,6	2,2	8,41	0,				10,96	84,8					
25-09-2022 22:02:41						16,87	101,1	2,13	9,54	0,			17,08	71,2	1,26	9,59	0,			16,88	0,	1,96	7,85	0,				17,06	78,7	2,42	8,42	0,				10,83	84,8					
25-09-2022 22:07:42						16,81	101,1	2,09	9,53	0,			17,15	71,9	1,21	9,59	0,			16,94	0,	1,76	7,85	0,				16,93	78,7	2,29	8,32	0,				10,83	84,8					
25-09-2022 22:12:41						16,56	101,1	2,24	9,53	0,			17,02	71,4	1,22	9,59	0,			17,00	0,	1,86	7,69	0,				17,00	78,3	2,22	8,31	0,				10,83	85,					
25-09-2022 22:17:42						16,43	101,1	2,06	9,54	0,			16,96	71,8	1,24	9,6	0,			17,06	0,	1,62	7,7	0,				17,06	78,7	2,13	8,11	0,				10,83	85,1					
25-09-2022 22:22:41						16,56	101,1	2,27	9,31	0,			16,96	71,8	1,24	9,59	0,			17,00	0,	1,74	7,4	0,				16,93	78,3	2,02	8,1	0,				10,83	85,2					
25-09-2022 22:27:42						16,56	101,1	2,03	9,51	0,			17,08	72,2	1,13	9,2	0,			17,13	0,	2,08	7,64	0,				17,25	79,5	2,08	8,03	0,				10,77	85,2					
25-09-2022 22:32:41						16,68	101,1	2,08	9,54	0,			17,08	71,8	1,14	8,95	0,			17,06	0,	1,89	7,62	0,				17,31	79,1	1,99	8,03	0,				10,71	85,2					
25-09-2022 22:37:42						16,43	101,1	2,17	9,54	0,			17,33	72,6	1,18	8,95	0,			17,00	0,	2,16	7,63	0,				17,06	79,	2,	7,88	0,				10,83	85,1					
25-09-2022 22:42:41						16,25	101,1	2,29	9,21	0,			17,27	71,8	1,17	8,95	0,			16,94	0,	2,12	7,83	0,				17,25	79,1	2,19	7,89	0,				10,90	84,8					
25-09-2022 22:47:41						16,25	101,1	2,41	9,19	0,			17,08	71,8	1,14	8,95	0,			16,81	0,	1,95	7,83	0,				17,18	79,5	2,28	7,88	0,				10,83	84,6					
25-09-2022 22:52:42						16,31	101,1	2,01	9,19	0,			17,15	71,9	1,06	8,76	0,			16,88	0,	2,08	7,84	0,				17,37	80,1	1,95	7,89	0,				10,96	84,4					
25-09-2022 22:57:41						16,18	101,1	2,23	8,9	0,			17,02	71,8	1,01	8,76	0,			16,81	0,	1,89	7,84	0,				17,37	79,9	2,08	8,	0,				10,83	84,3					
25-09-2022 23:02:42						16,12	101,1	2,25	8,83	0,			17,08	73,	0,73	8,23	0,			16,75	0,	1,95	7,84	0,				17,62	79,5	2,25	8,08	0,				10,90	84,4					
25-09-2022 23:07:41						16,06	101,1	2,37	8,85	0,			17,27	72,2	0,79	7,9	0,			16,75	0,	1,93	7,84	0,				17,18	79,1	2,23	8,24	0,				10,96	84,4					
25-09-2022 23:12:42						16,06	101,1	2,12	8,84	0,			17,15	71,7	0,73	7,91	0,			16,69	0,	2,01	7,84	0,				17,06	79,	2,28	8,32	0,				10,83	84,4					
25-09-2022 23:17:41						16,18	101,1	2,21	8,46	0,			17,27	72,4	0,71	7,47	0,			16,63	0,	2,21	7,84	0,				17,18	79,7	2,45	8,31	0,				10,90	84,4					
25-09-2022 23:22:42						16,18	101,1	2,07	8,85	0,			17,33	71,9	0,67	7,46	0,			16,75	0,	2,19	7,83	0,				17,12	79,9	2,13	8,09	0,				10,96	84,2					
25-09-2022 23:27:42						16,50	101,1	2,35	9,12	0,			17,33	72,1	0,65	7,46	0,			16,81	0,	2,13	7,84	0,				17,43	80,7	2,21	8,05	0,				10,90	84,4					
25-09-2022 23:32:41						16,18	101,1	2,36	9,15	0,			17,52	72,7	0,68	7,46	0,			16,69	0,	2,	7,84	0,				17,37	81,1	2,25	8,02	0,				11,02	84,3					
25-09-2022 23:37:42						16,00	101,1	2,31	9,26	0,			17,40	71,5	0,67	7,46	0,			16,81	0,	2,23	7,83	0,				17,18	80,	2,24	8,02	0,				10,96	84,4					
25-09-2022 23:42:42						16,00	101,1	2,35	8,93	0,			17,46	72,6	0,68	7,47	0,			16,75	0,	1,96	7,84	0,				17,25	80,3	2,43	8,04	0,				10,90	84,4					
25-09-2022 23:47:42						16,06	101,1	2,53	8,82	0,			17,65	72,7	0,63	7,46	0,			16,69	0,	1,89	7,83	0,				17,00	80,3	2,13	7,8	0,				10,96	84,4					
25-09-2022 23:52:41						15,93	101,1	2,51	8,72	0,			17,52	72,3	0,62	7,46	0,			16,63	0,	2,35	7,83	0,				16,93	79,6	1,97	7,79	0,				10,90	84,7					
25-09-2022 23:57:41						16,00	101,1	2,39	8,55	0,			17,71	72,2	0,62	7,47	0,			16,50	0,	2,22	7,84	0,				17,18	80,	1,8	7,74	0,				10,83	84,8					
