""	"Time"	"Flow_S5"	"Flow_S6"	"Mean_CH4_S5"	"Mean_CO2_S5"	"Mean_N2O_S5"	"Mean_NH3_S5"	"Mean_CH4_S6"	"Mean_CO2_S6"	"Mean_N2O_S6"	"Mean_NH3_S6"
"1"	1651496344.85769	0	0	NA	NA	NA	NA	0	0	0	0
"2"	1651498743.40385	0	0	0	0	0	0	0	0	0	0
"3"	1651501141.53333	0	0	0	0	0	0	0	0	0	0
"4"	1651503541.79487	0	0	0	0	0	0	0	0	0	0
"5"	1651505940.58205	0	0	0	0	0	0	0	0	0	0
"6"	1651508341.32436	0	0	0	0	0	0	0	0	0	0
"7"	1651510740.33333	0	0	0	0	0	0	0	0	0	0
"8"	1651513139.74359	0	0	0	0	0	0	0	0	0	0
"9"	1651515538.44615	0	0	0	0	0	0	0	0	0	0
"10"	1651517936.93974	0	0	0	0	0	0	0	0	0	0
"11"	1651520336.88333	0	0	0	0	0	0	0	0	0	0
"12"	1651522737.04487	0	0	0	0	0	0	0	0	0	0
"13"	1651525135.86795	0	0	0	0	0	0	0	0	0	0
"14"	1651527535.21538	0	0	0	0	0	0	0	0	0	0
"15"	1651529933.55	0	0	0	0	0	0	0	0	0	0
"16"	1651532334.31538	0	0	0	0	0	0	0	0	0	0
"17"	1651534732.64487	0	0	0	0	0	0	0	0	0	0
"18"	1651537132.05256	0	0	0	0	0	0	0	0	0	0
"19"	1651552788.55128	0	0	0	0	0	0	0	0	0	0
"20"	1651568446.66282	0	0	0	0	0	0	0	0	0	0
"21"	1651570844.58974	0	0	0	0	0	0	0	0	0	0
"22"	1651573243.47179	0	0	0	0	0	0	0	0	0	0
"23"	1651575644.24872	0	0	0	0	0	0	0	0	0	0
"24"	1651578043.90769	0	0	0	0	0	0	0	0	0	0
"25"	1651580443.17179	0	0	0	0	0	0	0	0	0	0
"26"	1651582842.33974	0	0	0	0	0	0	0	0	0	0
"27"	1651585241.27308	0	0	0	0	0	0	0	0	0	0
"28"	1651587640.60897	0	0	0	0	0	0	0	0	0	0
"29"	1651590040.62179	0	0	0	0	0	0	0	0	0	0
"30"	1651592439.69231	0	0	0	0	0	0	0	0	0	0
"31"	1651594838.79615	0	0	0	0	0	0	0	0	0	0
"32"	1651597238.45897	0	0	0	0	0	0	0	0	0	0
"33"	1651599637.44872	0	0	0	0	0	0	0	0	0	0
"34"	1651602036.43846	0	0	0	0	0	0	0	0	0	0
"35"	1651604435.06795	0	0	0	0	0	0	0	0	0	0
"36"	1651606835.73077	0	0	0	0	0	0	0	0	0	0
"37"	1651609234.66026	0	0	0	0	0	0	0	0	0	0
"38"	1651611633.43205	0	0	0	0	0	0	0	0	0	0
"39"	1651614034.16795	0	0	0	0	0	0	0	0	0	0
"40"	1651616433.11538	0	0	0	0	0	0	0	0	0	0
"41"	1651618831.95128	0	0	0	0	0	0	0	0	0	0
"42"	1651621232.74359	0	0	0	0	0	0	0	0	0	0
"43"	1651623631.15128	0	0	0	0	0	0	0	0	0	0
"44"	1651626028.86026	0	0	0	0	0	0	0	0	0	0
"45"	1651628428.90385	0	0	0	0	0	0	0	0	0	0
"46"	1651630828.54487	0	0	0	0	0	0	0	0	0	0
"47"	1651633228.57051	0	0	0	0	0	0	0	0	0	0
"48"	1651635626.79231	0	0	0	0	0	0	0	0	0	0
"49"	1651638026.77436	0	0	0	0	0	0	0	0	0	0
"50"	1651640426.24872	0	0	0	0	0	0	0	0	0	0
"51"	1651642824.49872	0	0	0	0	0	0	0	0	0	0
"52"	1651645223.83205	0	0	0	0	0	0	0	0	0	0
"53"	1651647624.09359	0	0	0	0	0	0	0	0	0	0
"54"	1651650022.37308	0	0	0	0	0	0	0	0	0	0
"55"	1651652423.77308	0	0	0	0	0	0	0	0	0	0
"56"	1651654822.76795	0	0	0	0	0	0	0	0	0	0
"57"	1651657221.13077	0	0	0	0	0	0	0	0	0	0
"58"	1651659620.07564	0	0	0	0	0	0	0	0	0	0
"59"	1651662020.17564	0	0	0	0	0	0	0	0	0	0
"60"	1651664420.32179	0	0	0	0	0	0	0	0	0	0
"61"	1651666820.01795	0	0	0	0	0	0	0	0	0	0
"62"	1651669219.60128	0	0	0	0	0	0	0	0	0	0
"63"	1651671619.88718	0	0	0	0	0	0	0	0	0	0
"64"	1651674018.40385	0	0	0	0	0	0	0	0	0	0
"65"	1651676417.34872	0	0	0	0	0	0	0	0	0	0
"66"	1651678817.88846	0	0	0	0	0	0	0	0	0	0
"67"	1651681216.66026	0	0	0	0	0	0	0	0	0	0
"68"	1651683617.46795	0	0	0	0	0	0	0	0	0	0
"69"	1651686015.73718	0	0	0	0	0	0	0	0	0	0
"70"	1651688414.32436	0	0	0	0	0	0	0	0	0	0
"71"	1651690815.01026	0	0	0	0	0	0	0	0	0	0
"72"	1651693214.39744	0	0	0	0	0	0	0	0	0	0
"73"	1651695612.95128	0	0	0	0	0	0	0	0	0	0
"74"	1651698011.60385	0	0	0	0	0	0	0	0	0	0
"75"	1651700412.40513	0	0	0	0	0	0	0	0	0	0
"76"	1651702810.98462	0	0	0	0	0	0	0	0	0	0
"77"	1651705209.99872	0	0	0	0	0	0	0	0	0	0
"78"	1651707610.06026	0	0	0	0	0	0	0	0	0	0
"79"	1651710009.67051	0	0	0	0	0	0	0	0	0	0
"80"	1651712408.08077	0	0	0	0	0	0	0	0	0	0
"81"	1651714807.39231	0	0	0	0	0	0	0	0	0	0
"82"	1651717207.63846	0	0	0	0	0	0	0	0	0	0
"83"	1651719606.27692	0	0	0	0	0	0	0	0	0	0
"84"	1651722006.57179	0	0	0	0	0	0	0	0	0	0
"85"	1651724406.11154	0	0	0	0	0	0	0	0	0	0
"86"	1651726804.48718	0	0	0	0	0	0	0	0	0	0
"87"	1651729203.89359	0	0	0	0	0	0	0	0	0	0
"88"	1651731603.41282	0	0	0	0	0	0	0	0	0	0
"89"	1651734003.29744	0	0	0	0	0	0	0	0	0	0
"90"	1651736401.43333	0	0	0	0	0	0	0	0	0	0
"91"	1651738801.00385	0	0	0	0	0	0	0	0	0	0
"92"	1651741199.66538	0	0	0	0	0	0	0	0	0	0
"93"	1651743600.22692	0	0	0	0	0	0	0	0	0	0
"94"	1651745999.04103	0	0	0	0	0	0	0	0	0	0
"95"	1651748399.09231	0	0	0	0	0	0	0	0	0	0
"96"	1651750797.70128	0	27656.3724222952	0	0	0	0	5827.34840937674	447454.680059407	25.7200742373767	45064.9034233704
"97"	1651753198.28333	0	23204.0593733825	0	0	0	0	248.165716524392	14120.1631834368	1.86997787706439	15700.5023605971
"98"	1651755597.50769	0	16457.4155576851	0	0	0	0	126.202243853985	10310.2036760469	1.23962684736387	10600.9107483907
"99"	1651757996.58205	0	14138.721891714	0	0	0	0	134.169918360475	10916.9998349984	1.28854672391343	10377.2788277048
"100"	1651760395.3359	0	7986.86106992429	0	0	0	0	103.840464079601	9319.15015427304	0.613138168302936	7915.70015835657
"101"	1651762794.98718	0	7660.99085574641	0	0	0	0	119.007339593281	10333.4545481601	0.625742030017097	5557.87951876856
"102"	1651765195.55	0	8240.35393153836	0	0	0	0	129.646827311649	11685.1755915472	1.06442153906465	6601.14412476571
"103"	1651767594.08974	0	8071.81336949644	0	0	0	0	119.588735916569	14192.6112291469	0.762651200019246	5393.70349122875
"104"	1651769993.56667	0	7866.46122348974	0	0	0	0	120.545100076609	11483.1715038499	0.842744532558587	5864.76883385281
"105"	1651772392.12692	0	7251.54073834681	0	0	0	0	106.321272388499	9221.61398188918	0.636905228173398	4996.03868547604
"106"	1651774792.85641	0	7759.30200803602	0	0	0	0	120.67439925946	10827.7458607402	0.815828704047602	5542.78171732594
"107"	1651777192.23846	0	6187.03046787304	0	0	0	0	95.5041338723517	8784.56268471464	0.644282905380312	4515.72953924774
"108"	1651779590.35641	0	6908.05563851	0	0	0	0	120.330382237457	10369.7863660486	0.840183134844116	5161.47726581491
"109"	1651781990.40641	0	6913.7559152277	0	0	0	0	106.776255334641	8909.12878486306	0.658794648208755	4947.62615743421
"110"	1651784387.99744	0	6304.13004637522	0	0	0	0	101.542426426201	8647.55245492543	0.616106620112104	4349.76838250298
"111"	1651786789.38974	0	6812.55056152356	0	0	0	0	121.788809214063	11875.3382853165	0.820922546655339	5427.42509970323
"112"	1651789187.94103	0	5817.06273335628	0	0	0	0	99.9309037141194	8572.02527540522	0.665751557339137	4409.00806741532
"113"	1651791589.2141	0	4827.00455893259	0	0	0	0	97.023580991997	8518.73533420343	0.553469734150669	3830.74706877427
"114"	1651793987.15897	0	5363.20839990858	0	0	0	0	113.017277274981	9736.02736591588	0.647994115842993	4416.1433999748
"115"	1651796386.00256	0	6950.37528834975	0	0	0	0	138.564080810408	10961.9262042396	0.707860711558515	5481.93394524064
"116"	1651798786.82308	0	5377.44213865671	0	0	0	0	105.671408312988	8202.56835610148	0.550382715202134	4283.79358524095
"117"	1651801186.60385	0	5382.89708865099	0	0	0	0	94.8790863877714	7068.34306054184	0.442087574711681	3851.38887346484
"118"	1651803585.28718	0	7940.65524010213	0	0	0	0	172.516809408381	13786.6832085003	0.806241435042229	6599.37933295506
"119"	1651805984.17949	0	5823.31573642119	0	0	0	0	102.939014890199	7912.05664550657	0.508153059656199	4374.42900844976
"120"	1651808384.19103	0	6470.79392423131	0	0	0	0	136.600651801017	9872.08097661753	0.63831388305996	5189.29740483783
"121"	1651810782.89103	0	4783.14932698606	0	0	0	0	91.6522784703676	7078.40569019934	0.494701330279523	3703.76690745099
"122"	1651813182.38077	0	5590.44878913144	0	0	0	0	115.698740184058	8348.37122027176	0.518853276261252	4494.64467628132
"123"	1651815581.97692	0	7547.98092414583	0	0	0	0	154.714081177213	11974.5049385102	0.657780503994741	5436.41868300192
"124"	1651817980.11795	0	7552.32690245829	0	0	0	0	150.455928462216	10239.358251279	0.625200091471797	5698.21785043921
"125"	1651820380.90769	0	3661.6879812571	0	0	0	0	75.9037876147571	5384.59115967294	0.327130899403266	2679.9560465385
"126"	1651822781.51538	0	7641.34620777452	0	0	0	0	167.297216685959	12478.7732254897	0.788363381777418	5671.66117118039
"127"	1651825180.02308	0	7302.90868178987	0	0	0	0	127.744218799821	10058.8029554756	0.545556804977667	5316.15035099699
"128"	1651827579.81154	0	7719.66852766787	0	0	0	0	127.431689634737	10527.3286663651	0.568757984676797	5529.00359325418
"129"	1651829977.96538	0	7401.40863601353	0	0	0	0	120.732061430266	10767.8005162908	0.512457713875136	5074.39300794842
"130"	1651832378.02949	0	8195.0422681865	0	0	0	0	126.604146677895	12842.138574693	0.672046216520345	5653.07742722586
"131"	1651834777.76923	0	11533.2111911574	0	0	0	0	148.984605182787	13390.7833058051	0.736978168414017	6634.87625886135
"132"	1651837175.75769	0	10147.2274870764	0	0	0	0	130.346501473036	9800.50628691116	0.65740896317234	5551.99272528391
"133"	1651839575.80385	0	11981.9838772913	0	0	0	0	161.259774882337	11908.7228698091	0.673029325932724	6403.58513426524
"134"	1651841975.40256	0	12521.9168585936	0	0	0	0	176.327195044329	12535.1969554316	0.707035388390318	6594.43377946315
"135"	1651844374.12692	0	12388.5220022126	0	0	0	0	195.446199764818	12873.4924558202	0.796338548252606	7134.90771173744
"136"	1651846773.61795	0	15267.5163366054	0	0	0	0	146.350733418549	10419.9360947035	0.644119150747148	6137.72361862219
"137"	1651849173.53077	0	15652.2702345391	0	0	0	0	198.797143909471	12242.6568746939	0.864636513101733	6435.69767820858
"138"	1651851572.57821	0	15262.4624934029	0	0	0	0	140.236982922784	11357.7215033347	0.880769744805906	6415.63606462963
"139"	1651853971.97692	0	15037.8273460508	0	0	0	0	142.854701818392	11704.1380171409	0.624180681926606	5322.86953543179
"140"	1651856371.47564	0	8289.21992865833	0	0	0	0	108.572538074378	7703.47506225034	0.460368429015388	3916.30800195334
"141"	1651858770.37564	0	7627.76381801694	0	0	0	0	127.073147046361	9295.41625778301	0.617447928051414	4228.68637813713
"142"	1651861170.54487	0	7433.0304024108	0	0	0	0	131.723239739529	9679.98767420417	0.536425011616778	4299.93750651793
"143"	1651863570.54231	0	7677.28254085347	0	0	0	0	151.56249270257	9925.55563170828	0.652602151080438	4814.19147394517
"144"	1651865969.74231	0	7636.61463403017	0	0	0	0	154.40025118838	9584.4073643583	0.462417260344858	4478.12566033938
"145"	1651868367.75128	0	5293.97002288537	0	0	0	0	110.034475774235	6849.58268227441	0.365150840325969	3180.67848910774
"146"	1651870768.03974	0	7571.35051742196	0	0	0	0	161.256924946423	9671.26979194931	0.47561771339982	4682.99449179733
"147"	1651873167.63333	0	7599.72947493792	0	0	0	0	162.781366931747	11115.5646204228	0.61238776890045	4450.68982570493
"148"	1651875568.24359	0	7050.28310360279	0	0	0	0	145.300204260098	9418.49112534277	0.486595556371146	4539.68517424271
"149"	1651877966.36282	0	7793.0682246291	0	0	0	0	169.67622776202	11109.3021715231	0.51582579770313	5145.74096542428
"150"	1651880366.23974	0	6831.32711697554	0	0	0	0	147.440454733787	9112.24955066741	0.515459559258504	4389.83726072226
"151"	1651882765.80769	0	7067.31463311263	0	0	0	0	143.031357247525	8783.72736498694	0.439883562100466	4316.88136841042
"152"	1651885165.94872	0	7556.04923544182	0	0	0	0	162.297603953734	10019.5610054709	0.627997507317834	4982.40534728202
"153"	1651887565.28462	0	5502.1945273609	0	0	0	0	113.894517132175	7202.1904677005	0.377120912006832	3510.81724048187
"154"	1651889964.23205	0	6018.47552102975	0	0	0	0	144.504510125871	10368.4090983589	0.490892727967475	4061.31278030144
"155"	1651892362.62949	0	6226.68375553853	0	0	0	0	128.352223494988	8151.00712025759	0.406475167809737	4146.79450009825
"156"	1651894762.26923	0	6001.44605406966	0	0	0	0	148.122366398892	10260.8052857843	0.465245114741722	4102.77422529062
"157"	1651897162.03077	0	5969.26559782884	0	0	0	0	122.556272242061	7935.11875187479	0.456981278725302	3836.62807279234
"158"	1651899561.3141	0	7347.48843933165	0	0	0	0	199.615764440024	14912.4432786582	0.685275982000873	5324.15602463969
"159"	1651901960.29231	0	6028.12810160734	0	0	0	0	111.949155804724	9739.08946128111	0.424971398343395	3892.6685212097
"160"	1651904359.00769	0	6303.61136141459	0	0	0	0	106.737103283771	9447.42509702683	0.423279129841044	4094.9591744757
"161"	1651906758.06026	0	5919.77524979398	0	0	0	0	99.9400714013836	10009.3805844845	0.490623662758596	4081.95822659517
"162"	1651909156.99872	0	6544.86118960047	0	0	0	0	108.606654526926	11753.4780197411	0.46299850077887	4236.38578219886
"163"	1651911558.47308	0	5714.76956802682	0	0	0	0	95.0625476557646	9377.97871797631	0.480621129997437	3817.00197532089
"164"	1651913957.85769	0	5451.53994508251	0	0	0	0	89.1599633902592	8220.52777161183	0.483786390944539	3476.77298943231
"165"	1651916357.31538	0	7772.56161968256	0	0	0	0	119.607186893829	11417.8045540429	0.598838959720632	5024.43662645276
"166"	1651918755.41282	0	8022.53262640087	0	0	0	0	120.457913850705	13232.6410113326	0.598621446583656	4891.76942585328
"167"	1651921155.03462	0	7515.57258331186	0	0	0	0	112.827717942299	12884.9469312953	0.572382272105089	4225.53221427729
"168"	1651923554.51154	0	7213.32821112042	0	0	0	0	112.541876866978	12323.0026146277	0.631580358741983	4165.92801416452
"169"	1651925953.22308	0	7708.28858568563	0	0	0	0	118.26626308775	11974.0911312911	0.599083830589083	4276.28981961345
"170"	1651928353.87949	0	8015.03711165037	0	0	0	0	125.591123853397	11947.5242205757	0.599777192893688	4453.89731112668
"171"	1651930753.19359	0	7673.37386760699	0	0	0	0	128.387645869143	12021.1864262602	0.580612153728355	4169.08795227683
"172"	1651933151.04615	0	7788.35560787415	0	0	0	0	126.82850117218	12363.7989908166	0.578515180162213	4273.89907962976
"173"	1651935550.4	0	7663.55616771842	0	0	0	0	125.848058204339	11025.2395403193	0.609639800225474	4238.79286990799
"174"	1651937950.61667	0	7943.68939270796	0	0	0	0	135.653490709509	11264.7057527874	0.474295955913641	4156.52105982845
"175"	1651940350.21923	0	6608.6716160821	0	0	0	0	118.324387115582	11113.8569190221	0.425708022155164	3385.11063722692
"176"	1651942749.07308	0	7266.42511451253	0	0	0	0	112.078644214051	10272.8269304865	0.413644194900208	3791.4313369585
"177"	1651945148.87308	0	7307.30106748474	0	0	0	0	117.567689642078	10260.5730488987	0.44760124086653	3821.90634911625
"178"	1651947548.18974	0	7395.96545772421	0	0	0	0	123.713521707171	9903.50748913145	0.458156687559742	4096.12132139586
"179"	1651949946.95641	0	7398.78714156487	0	0	0	0	128.541705924399	10493.5405256438	0.517991658351258	3711.88940855826
"180"	1651952345.95769	0	4997.65866603393	0	0	0	0	98.6957141947386	7864.5281272063	0.423519593275801	3031.15398230883
"181"	1651954747.33462	0	4618.73100127046	0	0	0	0	108.152518332791	8396.0628221485	0.445715878714857	2972.66855598102
"182"	1651957144.73205	0	4769.78520710328	0	0	0	0	100.553088941625	7605.83505498956	0.332582816131694	2803.04943571717
"183"	1651959545.41795	0	5677.23084769466	0	0	0	0	122.158542428645	9766.82653427008	0.39178393869532	2867.45834609316
"184"	1651961944.06282	0	3484.87094344811	0	0	0	0	83.0720060806691	7518.26474447637	0.32257674671277	2072.67801445666
"185"	1651964343.44103	0	3645.06128962447	0	0	0	0	110.207408469995	9661.22936095698	0.37133407456999	2592.72860332699
"186"	1651966743.03205	0	3959.78590404469	0	0	0	0	111.064706758556	9014.91789976972	0.394241884346632	2662.84040608723
"187"	1651969142.77436	0	4809.7902061917	0	0	0	0	129.47400888619	9971.38423097627	0.386606093436717	3045.97223748714
"188"	1651971543.14744	0	4080.90979288226	0	0	0	0	125.308247335785	9195.08548158593	0.429615240753673	2908.85523474924
"189"	1651973941.5641	0	4262.67799975501	0	0	0	0	128.591198582044	9472.57333031701	0.48463445979724	3088.16496335845
"190"	1651976339.52051	0	3659.93974496141	0	0	0	0	101.90899332925	7562.5893210073	0.39665575968591	2608.96059482225
"191"	1651978739.99231	0	3467.51067885345	0	0	0	0	112.580591457075	8089.21576079971	0.420106261178246	2588.7189744213
"192"	1651981138.29744	0	3785.76682569688	0	0	0	0	114.832729160878	8241.03444340173	0.347377133240669	2548.65324803674
"193"	1651983538.95385	0	6481.19993154933	0	0	0	0	208.188504367067	15425.4738635546	0.649542191964998	4269.8472539396
"194"	1651985938.54359	0	5277.11080297527	0	0	0	0	127.166639048536	11845.7039109946	0.550575275307641	3177.80652579427
"195"	1651988336.43077	0	6812.83640452334	0	0	0	0	178.355994799462	16005.2812498189	0.82751677827638	4169.58174914587
"196"	1651990736.68846	0	7926.15471264767	0	0	0	0	195.923573744606	16201.3701112478	0.759025987305836	4386.00028951573
"197"	1651993137.90256	0	7996.96298986352	0	0	0	0	163.740172520436	14739.8667491577	0.592084666183393	4316.82943638448
"198"	1651995536.96282	0	8409.53111821193	0	0	0	0	187.458999034918	15093.5337815939	0.702951460151098	4756.4744549569
"199"	1651997935.81154	0	9110.63086521498	0	0	0	0	207.313803873618	15207.0981803395	0.806987876639134	5117.07547824229
"200"	1652000335.52308	0	3095.84972071567	0	0	0	0	65.5526693834065	4824.16099908104	0.251917353252491	1715.18436906735
"201"	1652002733.65128	0	6567.58802062671	0	0	0	0	209.325313713693	16450.4219071246	0.76012249493951	4292.75162244305
"202"	1652005133.40513	0	10724.0135340957	0	0	0	0	262.147561249395	17131.4801990565	0.911744011275267	6116.26046870475
"203"	1652007531.06538	0	12135.0281645077	0	0	0	0	233.617858643082	19955.045682612	0.811686726583248	5297.7944711427
"204"	1652009932.08333	0	12365.5979249757	0	0	0	0	214.50971540277	16986.0674119902	0.793295818824558	4986.62591551188
"205"	1652012330.82051	0	16503.1055293641	0	0	0	0	260.987842442223	19180.0549977731	0.592596224068248	5489.04625095073
"206"	1652014729.98846	0	25291.8123669148	0	0	0	0	325.833826871043	21945.6319919976	1.00782941804851	7576.67109243785
"207"	1652017129.77692	0	23376.1271063629	0	0	0	0	299.493807695527	19882.6342365972	1.314861923063	7833.67957725126
"208"	1652019529.58077	0	22381.3177319857	0	0	0	0	263.753980572722	16787.111986568	1.05886159424644	7219.94256584484
"209"	1652021928.77821	0	20293.6795194596	0	0	0	0	230.509929661443	14706.1593220808	0.909564908217423	6282.19776938622
"210"	1652024327.69487	0	16377.6214552541	0	0	0	0	175.783120542396	12022.4743789368	0.872204902743318	5025.85663008787
"211"	1652026726.6641	0	15291.5020381753	0	0	0	0	178.989764151397	15184.6691800178	0.796758923576507	4308.32309100525
"212"	1652029127.06923	0	8283.7551732914	0	0	0	0	124.413322633816	9311.74405998457	0.656705974665997	3454.6186020421
"213"	1652031525.43077	0	7380.7159106808	0	0	0	0	135.60655910098	10209.2211588885	0.790112583080844	3620.12566795196
"214"	1652033924.87436	0	7937.11845591324	0	0	0	0	154.249706763979	10846.7362421911	0.737502509499899	3709.28996600609
"215"	1652036325.20256	0	7175.47106005474	0	0	0	0	146.74829316164	9869.31706662084	0.633961855430454	3523.23076161064
"216"	1652038725.37051	0	7293.72674965931	0	0	0	0	165.995584179793	10478.053565317	0.43501267337519	3870.1303914596
"217"	1652041124.40385	0	6413.33073000374	0	0	0	0	141.157386390366	8808.37840835887	0.534221254167618	3375.57663620405
"218"	1652043522.98462	0	6191.29205495252	0	0	0	0	151.266956729273	9557.89227391426	0.56860038764015	3549.09967866298
"219"	1652045922.77051	0	5504.32695647514	0	0	0	0	151.017421454755	12811.5842752573	0.480633008518687	2821.13757811141
"220"	1652048322.05256	0	3631.43532225551	0	0	0	0	101.90395845036	8323.58123582722	0.379787275132472	2142.90597113306
"221"	1652050721.14359	0	3330.65689279844	0	0	0	0	108.563118139355	8886.70963427522	0.402245288879365	2153.15097062755
"222"	1652053120.75256	0	3716.35399817901	0	0	0	0	131.352717230695	10200.1013913352	0.491004451680226	2623.05103609551
"223"	1652055519.79231	0	3509.75161201577	0	0	0	0	121.898412513523	8850.46991922052	0.528639704201068	2483.83911819395
"224"	1652057918.87308	0	3099.68876321018	0	0	0	0	110.812954881958	8195.0055748572	0.507942255963219	2273.97362726184
"225"	1652060318.78718	0	3759.88456585011	0	0	0	0	138.42433596799	9581.12292776112	0.615329336896182	2719.78420537888
"226"	1652062717.45897	0	3892.17599191491	0	0	0	0	138.79312676523	9247.85010956123	0.684688431856515	2890.92420658808
"227"	1652065118.46154	0	3476.66505200595	0	0	0	0	122.694878481578	7914.91668272267	0.551274366765846	2534.41636948511
"228"	1652067516.67308	0	3672.84118824583	0	0	0	0	141.851184245535	8939.14095195004	0.628287366728758	2756.41294926201
"229"	1652069915.58077	0	7851.79156954688	0	0	0	0	272.694976080709	17010.0669750323	1.18239709477701	4985.5229171931
"230"	1652072316.1141	0	5829.8251999795	0	0	0	0	135.822959612023	12413.8645606053	0.638851233450221	3101.41695314035
"231"	1652074713.68718	0	5396.61176978758	0	0	0	0	124.002927293911	14072.7168825899	0.765615703900485	3289.19976890924
"232"	1652077113.18974	0	8336.77952801985	0	0	0	0	174.99506287707	18019.7090952047	0.901696780630635	4657.88870275369
"233"	1652079513.67436	25167.2275295521	8029.03414862228	2658.79688429765	152094.850890335	13.1041883807031	33102.1847471385	83.2366133955456	10559.7288698978	0.46825271518942	3727.49938188512
"234"	1652081914.14744	20582.2155963085	7935.07221904765	176.663591137339	10373.4081244127	0.380575837212871	10966.8406856102	94.1453721930313	11146.7549570462	0.54174126047302	3687.6147485387
"235"	1652084312.14615	16048.8676717912	7515.87153389359	107.394315354073	7749.91451818449	0.635350551212866	5818.78630106964	88.4689659967188	10135.6889648495	0.451006955617522	3695.4720767442
"236"	1652086711.21154	22107.0709674281	9746.47620030035	112.782988675534	13110.970527357	0.944602521134703	8158.41407477735	115.207813537979	13570.9656588485	0.603103105464622	4449.04988156842
"237"	1652089111.61154	24678.9747012547	17034.2539224163	99.0836357177414	10794.5333623967	0.904936165601286	7597.75868512768	101.223776020595	12210.4367514325	0.336498935043311	4989.47141034831
"238"	1652091509.37179	24576.3521212264	25155.435874193	91.5728840951347	7983.08705178746	0.993982662797178	7199.80006513135	118.284316823201	14961.4185104998	0.939285806954223	5571.2227566644
"239"	1652093910.73846	24992.7836437047	25606.739377776	115.082636297203	12800.1285358404	1.10450584971721	8143.69062892419	147.039997386396	19870.1734683871	0.649900681134851	5404.97675292338
"240"	1652096310.96795	24312.5815130796	25388.7976047447	131.720076048038	12459.797762691	1.52630368459064	8794.91989288881	127.870614120282	18806.9507681313	0.794963203502499	4903.43917491439
"241"	1652098707.83462	23998.4812149963	25271.9683579866	135.478849998406	13992.7544106062	1.54419237755505	8405.4032251026	120.800109080941	18203.7234789585	0.728927043018252	5008.97962707726
"242"	1652101107.04744	24449.3136656664	25781.9480751233	139.84843672347	13389.1047992345	1.15827438405106	8574.43057725416	136.937442489308	17868.0922856888	0.646299350953942	5326.27667105038
"243"	1652103507.38974	24247.440974461	27023.6042761625	154.101843004974	14815.7138661399	0.900763077280511	8575.92266135006	105.132355061538	14864.1087319919	0.34768971161166	5069.8142770997
"244"	1652105906.72949	24213.3643682777	26755.77132931	141.273744916995	14174.1679293152	0.65628304227281	8155.44972625624	75.6717543102825	12745.9800062446	0.275939012780765	4118.46423373872
"245"	1652108306.23846	24218.8599966257	26181.3639687508	160.745341166282	14838.7945131386	1.02320187526072	9039.6841985696	71.4882867098888	11630.4253748828	0.384684809383909	4199.4310985841
"246"	1652110704.97692	25187.6953497813	24839.5379887599	140.830160902374	14321.2277729406	1.28870917340559	8788.64925887805	63.9838838340561	10290.2984439237	0.334923112763292	3320.74939746743
"247"	1652113104.17564	25062.8190716319	25441.6984428236	137.608647030924	15346.0480995247	1.13910594181949	8401.65025716161	132.166316724901	19834.4253471718	0.482626000683125	4777.41498385633
"248"	1652115503.74487	24321.2034496112	23061.8811007295	114.646744537889	14415.9854836696	0.844412078672167	7522.16790067258	99.7553058143812	14823.8652970157	0.332741403007902	4076.48797755442
"249"	1652117903.5641	18505.0470990092	16965.8095210032	93.9391687993972	10308.9426502878	0.569915618622566	5776.03068834213	94.3873693380347	13368.407122408	0.348514880048357	3793.47415628271
"250"	1652120303.31282	15031.8868651371	15283.6536864796	75.4897452147228	8840.06196053807	0.261849576634897	4407.40778130287	101.246595432338	11873.2218924849	0.356886784634752	3564.95668335141
"251"	1652122701.73205	11505.6711710509	11495.3504720145	74.2998894844991	7357.12828793121	0.366579805917648	3579.38594283579	65.5062509487099	8252.18926078361	0.204883958681678	2774.05932674194
"252"	1652125101.89744	8607.29248145073	9074.99455517161	77.6613600319599	7104.21339536314	0.464877304527846	3516.65958286204	94.6063643511518	10572.6693673823	0.551558098306048	3038.18606408723
"253"	1652127501.24615	4749.75536022239	7613.93288399287	68.5466549075608	5914.84144751481	0.564038414404418	2521.72159322406	97.1016788486469	10493.9395027195	0.644976282062841	3195.47165270858
"254"	1652129900.98974	3476.0315143896	7520.43941975835	69.0400744648088	6057.05592791909	0.538725962631021	2202.92832049651	98.9469818556475	10457.8871849376	0.572864870712707	3286.37928882601
"255"	1652132300.49872	6405.12218347067	7698.67970532817	133.379853080397	10303.8014488865	0.773880321615943	4028.96348685148	110.702600140976	14291.2883798092	0.480482692472804	3025.34868988329
"256"	1652134698.65513	3625.33119480848	6453.12565301	68.0426063057326	5620.08613641596	0.366089707887122	2182.33208033044	78.002698644531	10160.5364467425	0.33310575308515	2686.58430838223
"257"	1652137097.36923	4150.94052435869	7306.67043715189	105.548970450627	8819.63859682717	0.521688641693078	2960.62462871487	105.355432764704	13411.5120832642	0.424594030209394	3487.11800190875
"258"	1652139498.05513	4587.70205798057	7901.92041111214	99.5803839774224	7781.6777078802	0.488887720027198	3020.15431050493	109.628569075275	12801.5362285441	0.389758384595289	3535.08545322306
"259"	1652141897.49744	4268.03128300164	7795.58520283589	88.5271711445657	6753.24248496292	0.447801967013753	2843.30052046435	122.359991598087	13392.7881655953	0.435513190189144	3418.09759066982
"260"	1652144295.88333	3744.4807903107	7885.75461190356	91.1546755053497	6728.98033960674	0.450969206957799	2633.67755744029	116.15948978477	13096.5163060122	0.463105297266955	3635.26387726411
"261"	1652146694.82051	4570.61785813541	7514.22815491731	113.773624051705	7847.64951227735	0.544502599858972	3309.00475059863	124.166471798633	13278.7460023947	0.427058194485165	3420.78644567959
"262"	1652149095.35641	4463.20590848636	7718.52903471028	107.17104956449	7381.38106355428	0.538111549659977	3215.55994927658	103.910408755655	11562.4270008742	0.431904050826925	3561.36511504554
"263"	1652151495.18846	4785.51085756437	6823.01462658126	111.667538705833	7488.12378958248	0.55157491141651	3333.45141898881	95.5632536640776	10062.9839125224	0.375015422172544	3195.61384259183
"264"	1652153894.42436	4003.2455159529	7489.89919790984	91.6433060960501	6238.87880868882	0.459590657258262	2900.93941529046	109.927349601904	11532.1143411414	0.451667085804565	3373.76958663109
"265"	1652156292.05256	4373.50244229383	7659.91529664114	99.8888078478777	6634.88206190174	0.489355557639395	3118.24390099696	145.139339213439	12178.6300342122	0.499886941354841	3790.35737057008
"266"	1652158691.29231	5424.33425160927	7782.28987556307	94.7481223010099	7711.76753737979	0.514578306853783	3361.64471406124	125.119198923677	14815.1875239935	0.455150897621344	3389.73627947802
"267"	1652161091.95256	4834.5260338813	7846.48431584583	90.5330164911688	6686.09849248983	0.508988661999766	3065.72127945133	97.7920868069255	13043.6663662192	0.418600169827034	3409.96667624485
"268"	1652163492	4950.29853021557	7527.40804062077	113.689754353695	9268.0454584645	0.605623433651632	3555.92785851806	105.188412889581	12992.0270355082	0.43090230998523	3350.21873340308
"269"	1652165890.64103	5160.04471986227	7754.88058373839	103.804400157873	7786.76116485426	0.561290787098938	3558.39283730385	114.218595937237	13379.9913835914	0.480330721652737	3515.22808131591
"270"	1652168289.33333	6091.8087770971	7492.12143227552	114.766334619419	8437.23610372433	0.554168324900336	3865.72592524624	110.170183423919	12450.9935827854	0.434019342644533	3310.8032863315
"271"	1652170688.76154	5327.40178713779	7377.93306109757	95.2450344879809	6574.45808027041	0.460880441362472	3175.66526342778	99.6142582411495	11913.2627328688	0.362024548668015	3256.07253630434
"272"	1652173088.30897	7043.35448210383	8217.77917980065	131.084057619277	9064.37933313278	0.560521507736724	4300.72676937717	115.583313560896	13603.4831702579	0.393800619930493	3678.49813472465
"273"	1652175487.93846	7670.83128792007	10358.8030150094	105.882318627247	8072.52377055634	0.58688764173377	4564.82738323946	133.70414244457	14582.6210763257	0.476856677818572	4575.8937339943
"274"	1652177887.97692	7713.73233323355	15294.1352057572	92.4515849914054	7762.56519136858	0.474757137713774	4395.58890908827	134.837740037576	16521.7162125426	0.459563870078318	5613.38951402244
"275"	1652180286.31667	11768.6877452405	18068.012573505	144.99398285241	14022.2867811402	0.681908342563748	6030.63637593801	129.330261921388	18945.9747563064	0.475421008922539	4903.52236047809
"276"	1652182684.83333	10306.7390263191	17335.7672822891	86.3210989449503	8480.61934373677	0.546816710604012	4640.09928845398	113.525534679736	14993.444472806	0.45176452188973	4408.2144928713
"277"	1652185085.44872	8753.92264689479	16571.4062250104	83.5177145635253	7896.24132348952	0.498029431256321	4216.50551482357	108.618359201246	15258.803111421	0.370868547947454	4259.19207191501
"278"	1652187484.50641	7980.50376317401	16863.4704046757	104.829158395644	8929.59788037057	0.513829924591424	4009.38567771116	106.847777532651	15523.4023738009	0.34519096467885	4242.74083601754
"279"	1652189883.85256	9631.32115665143	16447.5315620038	122.043402881334	10806.2204479549	0.644038534679979	4850.0283899557	117.983497028944	16089.1089411024	0.482094241125426	4593.64688431891
"280"	1652192282.64487	9848.35376659323	16412.3876045232	91.9355703281023	9517.86663175484	0.55524925618394	4709.02030044288	110.638480644588	14590.4016943331	0.361830647666466	4388.33452670834
"281"	1652194683.64615	11136.1688067737	16347.6358341997	104.230378909511	10907.0633278595	0.648147084317601	5121.83086488958	104.682330724554	13277.9428069794	0.471853661027376	4205.08007275362
"282"	1652197081.64744	8726.52938057516	15278.1528815586	86.1675714698257	8792.94003492682	0.585692000078336	4298.59708477034	106.004069415197	12166.7776579251	0.49225874166388	4097.68320780946
"283"	1652199481.36795	7387.45750972077	14266.9951102408	96.334725270583	8726.39283403292	0.607464868402089	4070.44263873275	105.386631049609	15860.7335342001	0.327364691462544	3673.42060937848
"284"	1652201880.71667	6131.57528209733	7502.14296763281	84.7352567453231	8783.18599171257	0.399435763843523	2956.97115058497	84.7553019141084	11872.595382086	0.241556641738516	2724.64582613215
"285"	1652204279.57692	3116.40254841539	7717.78391413531	54.3455618529726	5053.46914280849	0.200928838701585	1786.01630992473	105.802510578506	13214.4069450411	0.254846705736656	3125.64787573947
"286"	1652206679.45769	4455.00788431437	7845.93537689566	107.800812704219	10076.1658703347	0.462173043857363	3071.9346714416	112.564091883363	14069.6261710006	0.287051216554625	3137.54650676034
"287"	1652209078.87821	3358.88740307541	7933.4272898551	74.7338659684084	6184.28511510107	0.290884281610469	2195.73982943164	112.484707777527	13786.6788316255	0.299995592984606	3387.65630894589
"288"	1652211478.34359	2720.48032699847	7545.7126498991	71.6993719487241	5510.59003120134	0.271516153054213	1965.09662103802	109.683556460343	13061.3726453833	0.280109595604487	3304.50316330875
"289"	1652213877.64231	2866.81746418694	8074.13870375946	94.1871849108409	7102.7215070803	0.349547206872811	2279.34912742364	120.883847469365	13809.7846997847	0.313511439514065	3753.4551234088
"290"	1652216276.96282	2743.98159940428	8296.66549736271	81.4437678467295	5956.57600896208	0.286832403323168	2067.65791920241	131.701078641321	14262.5671990923	0.311860247384036	3911.82631349557
"291"	1652218675.99872	4280.60306952915	7697.8736922407	154.285398944015	10804.607487998	0.524643317212914	3500.66717741661	137.823964634092	16820.5359118825	0.298870251431588	3308.22491831326
"292"	1652221075.81026	3117.25464008918	7831.40065815636	78.3251296298673	6203.69945231785	0.268541770405265	2032.93928922218	107.621421436128	13902.6065853209	0.339252138274947	3689.10679987092
"293"	1652223474.91282	2312.00820580551	7585.2405305479	74.5449159499898	5911.35909998019	0.253730675504237	1741.26195590125	115.787773619918	13726.6296201325	0.26058378214372	3608.31757076517
"294"	1652225874.81795	3159.82419505706	7621.64123076405	110.927962755345	8746.69721959915	0.37669798147154	2453.6056185413	134.686040204423	14662.7890896931	0.325998682455897	3465.94953530098
"295"	1652228272.96923	2738.59346044807	6190.59233284022	89.8156300510929	6770.89747478302	0.317926003811163	2124.12890512018	100.204679518405	11790.3873274992	0.262764589976698	2968.12494468647
"296"	1652230673.59872	2587.07825198687	7481.28816520124	91.7210562617848	6541.85529063713	0.327579935984366	2094.709412691	121.13316795063	13788.8755966393	0.332163598968952	3350.14942952783
"297"	1652233071.62692	2381.46335347224	6592.1442522363	83.0239230800148	5994.84067645131	0.288133279369194	1856.69921789115	103.253818033525	11688.7633268768	0.300512920291592	3113.45717309674
"298"	1652235471.44615	3099.9269447496	7779.41751985719	106.27615313516	7125.78635691807	0.363328702343934	2391.03386874598	122.028825566536	13340.7521795638	0.360567710814918	3777.98802795246
"299"	1652237870.92308	3106.6474907887	7713.53591134552	103.264438564923	6724.08329241051	0.37701130188406	2512.67348373879	118.331607044906	12994.224573695	0.32686328378677	3691.60991853758
"300"	1652240269.71923	3507.37553424564	7599.78954742013	108.69482428773	7135.09379448289	0.348873279560858	2688.24677707281	117.938109070588	12291.1005359803	0.256010332709743	3510.60307572854
"301"	NA	3300.65737566328	NA	105.211354350702	6887.81188309236	0.325860155887854	2555.30522340326	NA	NA	NA	NA
"302"	1652243979.39487	5399.63390240322	7823.37362233161	191.934602824798	12565.5387119631	1.03661349430603	4140.78368336384	202.733054423522	16429.7862622168	0.395334014908929	3230.49781229396
"303"	1652246500.28077	4186.64684619185	8026.20193060708	136.991261017874	7466.49797895957	0.33969194555858	2623.17845233558	127.890101950986	15178.7136352762	0.364300752301008	3684.5883815781
"304"	1652248897.87949	3215.12958972403	7714.83021676459	111.286788077244	6830.62762973044	0.316259547313313	2241.44118707678	124.023711451476	14668.5266008944	0.334956576844214	3454.58076058858
"305"	1652251297.58718	4806.97752712369	7759.08709677981	155.50586920367	9608.67644542082	0.442674354161555	3255.82168196745	127.594962731205	14987.9841233125	0.364575876986481	3256.00006254177
"306"	1652253696.34872	4886.11556319429	7550.76640063427	144.739316460189	8967.25195863589	0.507968911708102	3409.13586264543	116.640659434876	13555.3428559344	0.263417837707593	3257.82242984331
"307"	1652256095.0141	6148.51676366767	5210.91500717883	142.875024855817	9097.98873746722	0.483733049282052	3987.55787537378	87.0438861333038	9364.25477032678	0.216244277211024	2193.0430265124
"308"	1652258494.47564	4738.24088355428	7139.08379512746	116.323328462882	7387.49017416546	0.415398689361423	3186.17501685804	197.170336281061	21975.777738738	0.456677373763638	3720.89263111607
"309"	1652260894.40641	5307.55967138967	8615.9702645637	114.465564201495	8306.15662630931	0.442611225948844	3345.88152820986	134.019401406343	14744.3552567961	0.383781092294571	4003.77991983509
"310"	1652263294.15128	5492.89328522812	9170.23675577134	103.942659725155	7948.922144015	0.392824934053557	3369.09690083099	141.584279964964	14661.7020768928	0.401718205526424	4160.62817525951
"311"	1652265692.69359	7620.5226087842	10020.6883893076	138.702891205475	10767.2017693746	0.538914432753795	4701.92821680072	136.756371176237	18091.5754156162	0.367493293981091	3819.62320428273
"312"	1652268092.03718	7794.73156279708	7689.11814062735	116.978503231531	11753.6541516606	0.500591291723526	3969.14705420492	102.629783302823	13273.2788395792	0.291499431974369	3228.96365630275
"313"	1652270492.31667	5527.77188040267	7822.13597138629	80.8854409633156	7762.70468610255	0.349391633362658	3061.33721818155	120.233638996707	15589.5521800588	0.349995474360057	3356.33712126734
"314"	1652272891.50897	7413.70594243025	10105.8663383058	112.649868636408	10942.0818051741	0.501771514866668	4319.92378839723	134.878058964368	16986.5501575453	0.334472000177068	3806.47821448899
"315"	1652275291.16154	8905.36899258149	11417.0279486568	105.592506537181	10342.5009474609	0.542883348039326	5174.88221787083	150.745868209266	17870.6442224213	0.426995527668339	4565.84165754345
"316"	1652277690.67308	8233.14860925158	9760.37624692592	98.5529285993835	9682.82612252268	0.385896753579724	4171.93835380791	119.881810393185	14458.1785014963	0.33286371154294	3695.15602465886
"317"	1652280088.54103	7434.54360358873	9399.52109687603	98.2235889979928	9807.25979317434	0.39811643666242	4050.34018296898	115.665023842037	14265.4273265546	0.320238510414706	3678.53893314356
"318"	1652282488.78974	6443.16082693077	9195.42916171614	78.4484449174235	8206.67542556444	0.322118672384913	3270.11774739889	124.417239501794	14837.778504401	0.323404186133768	3909.34482743681
"319"	1652284887.34231	6383.52714495974	11038.1490037029	88.0932175718021	8968.99732109759	0.374614085611441	3419.67259058052	149.217196439569	17324.5504755936	0.391928814386683	4734.97104829445
"320"	1652287288.14231	6832.47747335156	7641.59556687405	95.5345209229257	12164.940105754	0.283328787633378	3087.43394173372	98.2264765334791	12442.5677599775	0.245469644997799	2862.00618403015
"321"	1652289686.06282	3919.94805398197	7637.68030962138	62.2884001174473	6682.31762983578	0.218016603885823	1953.77572356692	112.557846063361	14413.2443142007	0.31159596388826	3191.9480440128
"322"	1652292086.82308	3389.49568363267	7857.6534745517	72.4481664567185	7416.03701613427	0.270233397043195	2028.658853642	131.015705351573	15443.6736998855	0.286017687040877	3277.18678530327
"323"	1652294485.68077	4172.33587323554	7363.70687605187	97.494770276902	9572.60793529642	0.325702766543411	2677.4681514398	110.330511807462	13561.9508893249	0.256670100377737	3037.14157261787
"324"	1652296884.85128	4506.84094689536	7763.48932157771	80.240864887189	7145.6706214596	0.298129964454332	2594.71052460298	126.25915181483	14900.7536058813	0.362688866827705	3457.83243829162
"325"	1652299284.52436	3234.33351690672	7534.75131756713	67.1120129482682	6230.85733453989	0.259363506433898	2000.07873481402	137.793655186346	13770.2684029139	0.311090797939515	3375.70278765118
"326"	1652301683.5641	4453.16523418813	7235.39129966052	97.3732633948408	8310.64365573118	0.336435777317931	2885.15110821529	121.547286036309	12950.1619910366	0.295084567552795	3386.7061025997
"327"	1652304082.62564	4723.57240238056	8757.46297770092	99.4484721704376	8396.54707291141	0.391846240609353	3234.08591100769	159.362278482647	16574.613772529	0.361825568749105	4257.79387751261
"328"	1652306481.34872	6676.18119986668	8028.8018268632	103.590200759351	10673.4689029451	0.324064207834966	3327.67031054489	123.80760210381	15225.5395541201	0.313453787634686	3545.99847113587
"329"	1652308881.31795	6148.25941193346	8007.41133607815	126.085779012168	12543.278679939	0.441112084813332	3768.69126906961	131.39700337066	15821.5018487581	0.300962251126573	3586.50427220816
"330"	1652311280.30128	5620.58075127577	7986.02856872432	148.514220349113	15093.5066172761	0.522784540262451	3858.80923848514	127.146322006543	14875.2053362552	0.337979401626985	3704.71212534109
"331"	1652313679.88333	5092.46434876108	7964.65286213469	132.677816206869	12363.8636453721	0.492706985905938	3573.33754054317	159.537954178163	16491.609771756	0.316324278176406	3636.35480852861
"332"	1652316080.20641	4564.68809875264	7943.25016924764	100.796343179075	9200.46019170365	0.329692784703569	3004.53431432457	125.716481010674	14804.6517945222	0.336244465258181	3685.92605120365
"333"	1652318479.09872	4036.84528489202	7921.87567372986	90.5543031503805	8053.61562400359	0.320167068635342	2647.27906592186	132.451013677197	15063.2570204552	0.267008179832528	3521.48890924355
"334"	1652320878.61026	3508.78924111932	8206.04049694139	77.3065406797466	7034.62096539191	0.250613918321358	2318.69517358602	129.784505114576	14730.7786696603	0.308402101464899	3690.88230791603
"335"	1652323277.82051	3685.94327343239	7777.08034244226	81.8143302172173	7455.333595844	0.28901380050519	2572.13446825772	123.772257664764	13237.2557633261	0.342005861982666	3531.92925690373
"336"	1652325677.27949	3533.53779553994	7455.57107365915	82.0811442164583	7374.50003473021	0.283580918792036	2511.43291686049	129.950335069075	13320.2355984394	0.242772043097537	3442.66269156786
"337"	1652328077.18718	3446.84914605564	7482.19412060966	72.7980046360744	6587.88509426143	0.28938801495807	2434.48237661903	127.492474972132	12892.2010453787	0.253772542523275	3362.3073556391
"338"	1652330476.30769	4105.41587913901	7755.40288230069	105.143690973946	9625.98558216037	0.401840259596183	3053.2432681947	148.686347132997	17698.7961007319	0.314559247376263	3621.94761467849
"339"	1652332875.71154	3844.68132090712	7241.51228880227	65.0428651485465	7224.80028406849	0.252747825177673	2194.3634017048	118.670062330533	13860.4222335355	0.323709491206871	3186.75760089347
"340"	1652335274.55641	2985.91157278836	8356.59098973097	63.1570208689877	6797.152672736	0.261060607528713	1975.84000173738	130.52597156452	15781.1920795449	0.32148558319107	3689.77611749882
"341"	1652337675.94872	5065.1216001441	8207.68725874791	113.440751287448	12506.6611630777	0.421074822544989	3318.6823554872	136.682956384437	16493.7000639248	0.334816933016003	3575.91683147869
"342"	1652340073.92308	3949.54722755842	7697.42892114279	64.5471181217071	7287.52342487585	0.291105425381854	2441.24130885126	118.648728543969	14083.9587244015	0.352571011996318	3456.86626001992
"343"	1652342473.31667	4244.33086093686	7983.18875750815	87.8765565332458	9352.7518145868	0.401632927581316	2864.84342591788	130.608809342048	14770.550664752	0.370013005300893	3423.58997108747
"344"	1652344871.45769	5949.97432640061	7757.50819774556	104.543254106361	10851.3326772767	0.494542391493317	4260.43894455787	128.932601685746	14284.964869304	0.282564264274119	3368.64111541625
"345"	1652347272.49103	4776.66760192109	7298.36945839947	75.3307102250893	7640.09588162296	0.298885667629149	2893.27017720392	129.180349481511	13596.5806147891	0.334765072147149	3525.46532185786
"346"	1652349670.46026	6331.17777677311	7815.29874697277	110.097948457856	10697.7311312327	0.467380475872143	4089.07995733838	137.887458302253	14746.5669583275	0.406904844288769	3694.73875890936
"347"	1652352070.36026	8639.68096333686	10640.4533508081	149.32288300554	14218.2307841443	0.584102453781857	5311.81182507334	161.893300564538	21246.7136587405	0.324083564167037	4109.13227529347
"348"	1652354470.44744	7900.51069083503	8797.69074983374	92.7204749637903	11033.0489005329	0.317516672049954	3435.90144410344	122.993161538275	15445.8913008924	0.284172218271955	3513.37071857192
"349"	1652356869.90513	5778.28579228604	10203.1673808331	76.6110998129692	9131.48841091596	0.28367416097982	2759.62560780072	138.935438503755	17689.3611582206	0.303146521235866	3900.0398043803
"350"	1652359268.23462	9175.44890407854	15569.997025632	117.670587388931	13955.0927913629	0.403832144780425	4465.69730476176	203.223478284875	23325.3445635079	0.463426183821411	5625.69904374921
"351"	1652361668.39231	11981.9644916462	20969.8300035402	102.786131847478	12352.1113052822	0.356608083453275	4689.64399108744	166.968986501225	22366.8680563585	0.33783761091688	5526.96762659273
"352"	1652364067.83974	8859.2991568458	21082.6495056347	50.3934973886294	5998.67830732524	0.0811215357185441	2272.01620955408	145.2492064793	19663.0053665163	0.331175725171414	4939.25897940532
"353"	1652366466.96795	12204.3384557592	17550.9673526982	88.9369938464629	10636.3090787914	0.221528983368536	4354.41851277499	122.552011397125	15841.0131949475	0.197725757427192	4270.29812396154
"354"	1652368867.13974	10013.7922388228	15468.8721784013	84.1291176215525	9640.63756115571	0.248340315007628	3850.60299786524	127.617277713214	15802.0874248198	0.270331300442273	4381.77904940897
"355"	1652371266	9190.27402265457	14903.657313307	85.9070759802484	10004.4716533859	0.265025258785558	3695.05683207746	103.13396916118	13581.0127026538	0.290007939397386	3813.05915029518
"356"	1652373665.20641	8860.53549438365	9107.56930348165	103.518208609549	13136.1831044711	0.317386694783318	3391.38659577276	83.8507081435023	11236.6766648899	0.195053682971544	2382.90915459894
"357"	1652376064.17949	5609.96959314567	7732.29531740282	76.6132552885663	8632.52713486218	0.26076380025076	2508.39964828827	108.840763929869	14204.5716923327	0.281917143241788	2886.06714737395
"358"	1652378463.28462	3848.24177382367	7829.96838566163	67.8404871737395	8192.63310874168	0.234840299692438	2110.59194849738	128.784705238821	16707.5128568555	0.253340095917998	3003.15470155101
"359"	1652380862.17436	4822.54017141845	7498.38360056388	101.987967802323	11535.8822176879	0.292729279664501	2441.29018426317	120.773752297034	14601.1428984254	0.262173395393554	3014.06470736077
"360"	1652383262.26026	4491.39093670569	7857.52315676478	77.9818487408887	8630.4353949811	0.247030100418397	2400.06566577288	135.008840756113	15398.7166415647	0.302658431597767	3178.60909543616
"361"	1652385661.36923	3908.64423511268	7581.61022373761	79.2489417733783	8614.55131236884	0.253746314674153	2241.3529324067	121.041826162342	13534.455570639	0.27917549292704	3221.99942650501
"362"	1652388060.91667	4837.89309718311	7426.94475355948	119.325071066405	11563.1105893338	0.305891583450175	2723.97971110323	120.479378744767	12926.1722554143	0.322748628195558	3265.33188853242
"363"	1652390459.69744	4631.56184417311	8046.39946611314	93.2558858823511	8973.77762275505	0.28734643553674	2764.41571037237	153.057078086663	15664.0137798998	0.31967632979463	3826.87911803761
"364"	1652392860.3359	5336.81525229613	7431.83318964359	82.732688874138	9091.71280435696	0.240629749883784	2388.63774993789	126.063661294195	14869.1878841271	0.287826704367406	3023.44707261498
"365"	1652395258.32564	2690.34917721879	6942.64904303846	55.3189727842169	6409.87743221149	0.194433171932228	1522.20887120019	118.689438417969	14152.0375188983	0.257336965801888	3052.85401559554
"366"	1652397658.22436	3290.59340706799	7728.25749340242	93.0911900561024	10011.5792632464	0.260575472726541	2050.5119032973	134.582946114169	16195.1411849954	0.299203562848901	3457.97521275279
"367"	1652400057.09487	3349.84874505053	7326.98291836397	78.6143780699113	8371.92585180678	0.26554543896423	2056.34767374027	123.108931624188	14205.1641909321	0.288684676428985	3047.20619331879
"368"	1652402454.98077	3752.30520986947	7195.23075810019	94.3731888176857	9062.77353899217	0.263266608195642	2308.15937642413	122.806497640911	14107.8167686353	0.295948419905506	3183.50457391078
"369"	1652404855.9359	4679.22555154787	7173.31073236745	122.965579074811	11909.6686840629	0.376827030643079	2917.61123398026	123.281487667362	13449.2998367705	0.231279598247562	3138.76969618973
"370"	1652407255.35256	3796.79955641297	7594.91742193049	80.2336737205897	7906.99108989799	0.241937452923834	2196.30191297816	130.39900885501	14147.2486084395	0.266305861352225	3363.41426231087
"371"	1652409653.92436	3632.54530767402	7305.09043034488	86.0325985761914	8316.06496397955	0.267066144925487	2180.07762859728	125.749784543171	12983.5228039658	0.284947696175524	3294.13275990524
"372"	1652412054.48077	4397.72302921023	7811.38146379614	101.058707345362	9539.48237573932	0.304108107961176	2555.84691253428	126.708466912614	13232.8523494915	0.261235235805262	3296.39429393948
"373"	1652414452.97692	4007.55692703208	7595.79203552062	91.8875575578785	8325.04931960663	0.263093123340846	2465.95635778366	130.094388785324	12990.793878197	0.265633764201259	3400.17348540336
"374"	1652416851.19359	5582.43464205404	7762.1196192749	138.896290668999	12348.3910171972	0.38393963872382	3286.05200147755	166.723624600478	15387.1636433811	0.338281662317986	3577.84952961734
"375"	1652419251.78974	6190.26523322311	7882.83287283885	93.4004891202208	9974.19998579734	0.274219296148493	2815.08615113173	140.154720950974	16329.1527748487	0.300054541454318	3292.79579165808
"376"	1652421651.14872	4528.6963525088	7732.62296802682	88.1588922674255	9255.2084338171	0.30109670995452	2437.08128124288	125.955514786945	15336.7457253128	0.351599411454835	3205.38610945132
"377"	1652424049.31282	5497.3748808457	7735.64987182382	106.883257927417	11253.2392117217	0.338674334223047	2878.95602849023	138.798269937918	16020.0847499481	0.294546470375485	3289.4277127896
"378"	1652426449.17308	5873.16986462214	7613.73801350937	102.901499695979	10719.0799630327	0.327921534773468	3040.85527252523	127.129355520032	14456.4100009335	0.253624661313961	3206.6547970083
"379"	1652428848.14872	7591.70480933714	8306.08320029937	129.208810499936	12790.0325496451	0.440830409551584	4167.70929549489	147.800424107218	15111.5865434675	0.30651635536081	3451.59150846268
"380"	1652431247.47051	6491.06790332782	7863.75530310135	98.3737407217263	9677.95195851663	0.311528625541182	3328.51470678003	155.882829561129	14426.4898293277	0.305900342273705	3398.7453062465
"381"	1652433646.55256	6152.15333863678	7635.69142609001	103.702873549816	10365.2052886835	0.293888312993145	3024.14262876787	138.615626369015	14175.4530128923	0.313277035570503	3437.05252642743
"382"	1652436044.82308	5954.02475852397	9652.06414172726	96.1674478192934	9855.05135567708	0.255814631948305	2943.30751508669	167.490928437547	17430.5088170792	0.311578897373444	4085.80084956299
"383"	1652438444.73846	9796.77076778302	11518.7962493058	163.639699611118	15944.64566668	0.477093532156422	4904.30543189612	171.137309019826	19689.5543673035	0.323126469721527	4016.51189762744
"384"	1652440843.6	9413.66798192909	8937.96257734878	102.485898269061	11597.5477236268	0.283798884339879	3487.11600595627	126.827193731597	14551.727001245	0.254016363626898	3082.82543326069
"385"	1652443244.16154	7153.97793394739	9684.25546269564	87.2026157294839	9823.24612205435	0.246605849829723	2879.39188102511	147.717297356223	18013.4252550464	0.2856040483394	3597.9638569395
"386"	1652445642.21026	10645.451777968	12053.9785646297	131.986065747588	15907.1430910675	0.314229049964599	4234.66998849612	168.998303852319	19351.6703480383	0.259269636424356	4012.04903590799
"387"	1652448042.33333	10629.9467497958	15774.4775390854	102.678195216763	11979.0872588979	0.253742171676952	3787.72361938316	167.432661992531	21896.1966955423	0.236792733324575	4669.34860398414
"388"	1652450441.88462	11983.226341123	19489.0820688209	116.058670395548	13356.4202606937	0.328906594955481	4147.39166450483	161.497160127717	22072.5764877622	0.33951873509527	5144.94718399591
"389"	1652452841.40385	10316.0882697467	19879.943848524	92.4954825732177	11506.5596014847	0.239179348888358	3495.05445145684	149.580880638836	18819.4869391637	0.3063184000648	4980.13785717605
"390"	1652455241.52179	9919.5924505891	17376.4392640605	101.453399927018	11640.0513804344	0.254404065050083	3526.18453501049	146.345750408056	17939.2759756884	0.303630391610297	4871.65710484782
"391"	1652457639.91923	8528.82046394478	20337.1171293711	88.3950307714992	10344.5942048942	0.216382876010957	3182.12841027179	182.976386094447	22024.0674339178	0.272188392117154	5697.17342523359
"392"	1652460039.79744	12157.2367681726	15991.406335478	128.130948974168	16526.496892474	0.300580652593574	3725.52471925534	138.431338187779	17717.980353092	0.290107905477501	3706.72676704973
"393"	1652462438.90256	6977.57397746494	8814.25488327819	74.6720354171092	8823.06480246774	0.20562825315126	2502.71662653163	69.8341146007531	9247.18776129058	0.117415481249467	2230.51894297497
"394"	1652464838.80256	5752.47702906512	7369.76245055218	87.6632122399086	10398.459894199	0.228876089004522	2408.27117168003	124.620589189149	15009.2141597121	0.255618891988756	2707.77936426521
"395"	1652467238.12179	5009.41834108453	8333.57760175475	86.3731340630312	10047.9043672055	0.25412529752973	2279.68687907228	146.138592730754	16668.7969430325	0.28746693250679	3094.83555455648
"396"	1652469637.36667	5999.10010271766	8209.98267276864	93.4493320437366	10201.4247416292	0.283648883013703	2682.22323240816	132.52404607106	14930.2600225401	0.267611885877946	3197.59855179649
"397"	1652472036.61923	6696.8595342657	8304.06498113317	120.830836596835	12447.2006117281	0.317326447991032	3060.18512638315	148.110680156435	15178.1110572737	0.274474545790762	3271.88443090619
"398"	1652474436.86538	6703.22621119883	7969.69980591609	94.9645188831157	10065.0043652642	0.231272877138011	3027.60864924867	148.68743209118	14582.61594934	0.283072756570111	3290.16580856225
"399"	1652476836.28974	6937.49585362536	9694.75929315084	120.082398010816	11361.1622529113	0.290095434996845	3405.6963086922	182.37810800377	17690.013707905	0.33410048006598	4302.06349822738
"400"	1652479234.69487	8007.81104758795	7465.66084472991	103.879390927492	12173.9787277606	0.235191492597362	2914.34529250189	119.175482091917	13471.7932885799	0.190584137679943	2692.67042769362
"401"	1652481634.1859	4837.13057305533	7570.10378039527	72.0487832771002	8303.44816815201	0.192287811736499	2034.32553066968	135.603268217651	15842.2411853631	0.251847473438884	3036.5219163625
"402"	1652484032.93077	5631.29872922023	7737.81456902986	121.598127218099	13683.289849839	0.309827140674763	2739.17140867345	134.246593430909	16071.4023613221	0.245103706280126	3125.10227736093
"403"	1652486432.52179	5502.59448179962	7636.45107364292	91.6814187527626	10523.7969129731	0.261730871976613	2543.52767543012	130.151862364105	15092.4429198607	0.263351416050394	3103.45468949558
"404"	1652488831.05513	5348.79095823743	7720.96693754426	91.3169451207018	10091.0429275644	0.255416909630483	2526.78700955633	149.006736837381	15526.5137066999	0.23747072133445	3276.43605032824
"405"	1652491230.79872	5813.22067991279	7516.7445680346	95.4871576795877	10095.6376849461	0.245030440789259	2703.89838235414	136.052421404895	13552.7405947518	0.235669235896775	2928.81475149698
"406"	1652493630.75	5457.22958122417	7423.1267035688	90.8403296696439	9851.76819133293	0.225951632165156	2612.46381112537	125.031675164674	13391.9844907892	0.272329792191949	3099.63009470514
"407"	1652496029.53462	5761.51488504396	8006.7214308124	97.8115335670713	10071.9905084554	0.257363516394812	2688.45932847894	141.895347680278	14462.7246214815	0.220531822483139	3352.37255479522
"408"	1652498429.1	5867.94471615506	8085.18316033181	101.45888413631	10456.5855838611	0.235443708384713	2740.56253071558	146.951244473154	13833.4296578776	0.223583307567195	3499.66408602232
"409"	1652500828.69103	4654.11550993566	7476.38165389132	82.5612288120769	8434.18824708546	0.214341925002728	2328.0829487282	130.301166211893	12648.7988619456	0.224358601261245	3247.55052569496
"410"	1652503227.88718	5539.41830679256	8284.18455735489	107.422652346294	11089.1257775129	0.276443016401165	2949.2700127001	172.278757291333	17028.7251793798	0.334008223155414	3624.44871839074
"411"	1652505627.57308	5624.49550325321	8125.25089103963	85.3503775938861	10088.3753666231	0.233039682734483	2345.87097110756	142.62069925003	16578.2500951955	0.271626031735541	3283.27236465092
"412"	1652508024.77308	4889.05622899875	8184.59879646082	87.6680009504479	10360.8918217228	0.223250816640915	2269.91590577536	143.750741312488	16600.3268143809	0.269746344792809	3597.95692585203
"413"	1652510423.3859	4995.25500010166	7718.39083458646	86.426822968169	10646.9651374607	0.262272085462535	2424.17678703471	140.954011521824	15729.7656653784	0.255789864010315	3289.08035644081
"414"	1652512824.94872	5429.07294717271	7772.3077463208	110.0594307628	12652.7811532556	0.326607680345289	2902.91356486352	137.54582162999	14895.5832016076	0.348570637711743	3295.20735822973
"415"	1652515223.59103	5486.38944119615	8128.70526074867	93.0564162220219	10281.800670763	0.288626872423998	2645.11262331021	149.607459608332	14570.0562462657	0.319177516578303	3491.44579267997
"416"	1652517623.27308	5029.15321819214	7509.32532823218	92.7540314102186	9773.69762279401	0.246924172990463	2490.78584894892	149.321835113815	14472.7998657984	0.361077148212889	3454.79778823915
"417"	1652520022.54744	7408.26023193486	9486.68585296179	130.66084925386	13030.9647724844	0.363472516428123	3516.52487895555	177.235557831496	17503.866866493	0.407023151219408	4102.06804805098
"418"	1652522421.85897	8844.27626727221	10531.0191742533	110.206156939426	11750.1419760051	0.357014685148271	3855.51628379464	162.476250628946	15418.64953869	0.360288669768779	3888.87367333953
"419"	1652524821.02949	12014.5787235731	14958.7013086717	148.049338186445	15875.3386747827	0.409092768132518	4790.73483178396	204.821437248268	25804.179843001	0.418704073022732	4972.47516489112
"420"	1652527220.13846	9302.91592636687	14172.9569289433	91.7988383068192	11998.9618864115	0.278453571982171	3121.18261172762	138.06715615516	15951.1272114837	0.250206189499182	3736.23713131109
"421"	1652529619.19231	9295.94008056882	15464.1241009777	108.900741687455	13701.7580500825	0.278233984128925	3344.00170768924	121.166875235021	15844.744919585	0.281214911599963	3425.05273766181
"422"	1652532018.49744	11502.5506999442	16813.3537265566	105.416521856468	14242.0489288318	0.406729636833169	3826.7885313116	131.530323266865	17683.2009414928	0.327457834995034	3852.22342475069
"423"	1652534418.54487	12055.3606551128	16447.9793634747	103.656742548742	14428.8847891491	0.285028072039087	3793.61041333406	147.576179798837	17835.5965445406	0.243377610888934	3968.73852274797
"424"	1652536816.67308	13947.2463045436	18325.817901992	114.396924571906	15220.7561726974	0.238445784954829	3968.08419532731	150.058936609541	19024.2639020221	0.284889273481983	4272.8559546533
"425"	1652539216.09872	13448.8	18610.6685374587	98.5636134407792	11852.8630891722	0.125621316297685	3307.95613744758	154.687013598041	19865.9790201593	0.375519483310883	4587.51065227236
"426"	1652541614.7359	12799.0032409185	17051.357903557	93.7056246894383	12169.7631074769	0.247840844388631	3170.93332649827	136.996467138712	16187.1231920094	0.311585469666108	4136.77868829645
"427"	1652544014.83333	11552.4995657558	17047.1258505512	101.009079568452	12818.8105048531	0.305194171471948	3669.30123952977	132.040782198099	16676.7478275681	0.247585835025276	4227.36302428182
"428"	1652546413.64487	11565.1341121144	14174.2847254161	99.7251824202189	14665.3821425322	0.202403333255999	3201.38509107058	105.639169379371	13748.0150293018	0.181226141373866	2805.907212984
"429"	1652548813.89103	8447.70615195724	7405.96972654193	81.2093516786226	11097.7504665401	0.219607219264321	2740.13471161559	105.466009084472	12939.2268833214	0.239911367945357	2244.23623974007
"430"	1652551212.04231	6557.0382991635	7873.2727340922	87.4889645454877	11492.9291064762	0.253083439373545	2538.38643953651	134.19203748421	16451.0580085483	0.292795947581926	2673.00859280333
"431"	1652553612.08077	6137.43953092634	8127.55401608494	96.3081129086296	11882.3184731169	0.247366520697192	2554.91028169549	153.149902375928	17081.2488315745	0.268602523723317	3009.77491882039
"432"	1652556011.67051	5785.27292714493	7656.42198986486	84.3551292966665	10176.6718331244	0.238037178828313	2364.72969208132	139.115792804997	14737.2347255837	0.271848383272855	3018.69608399294
"433"	1652558410.72692	4828.89099200219	7295.67362280122	80.145630993016	8810.67100660539	0.190596356905931	2159.33768668386	135.451337633016	13783.3819363175	0.253066728666185	2949.20473121131
"434"	1652560810.50513	4627.62482572967	7772.07684260698	88.8661964437911	9278.89066583116	0.258721311285398	2276.36802379824	137.575332246974	14183.2597541802	0.233760728760738	3163.44670606355
"435"	1652563209.12051	5196.32892182894	8398.6840431714	91.3021626805254	9481.94214374032	0.274877548488123	2416.72030378974	185.037404182196	17599.2184786935	0.364236512458237	3760.95831400304
"436"	1652565608.56923	6212.21528750987	7386.14708585734	106.333523115014	12362.4107269234	0.270426912075547	2427.43723149638	136.004276656091	16839.6945100618	0.28228030561729	2718.06538255029
"437"	1652568008.02179	3487.7175017472	7117.59894487987	69.4623043567481	8002.82920409135	0.166402924484735	1635.21879537287	129.702933838333	15795.4030591176	0.244777002079161	3000.02221148768
"438"	1652570407.18205	4868.50427137552	7475.63565549247	131.105272167197	15006.4017803004	0.320986315705836	2595.44148667108	144.45203468402	16621.2430391838	0.256506348448727	3109.76997457829
"439"	1652572806.08718	4379.58204063506	7489.278093814	96.1303275009617	10639.8860944998	0.219377057703757	2278.2928189451	145.932946134103	16279.1189051726	0.251050139481481	3126.6347368437
"440"	1652575205.98718	5235.8249394642	8057.49543253837	106.013927258231	10827.2563131663	0.222469108482002	2401.42461146333	149.19243831947	16807.4190453239	0.269850753974316	3423.32939362087
"441"	1652577606.02179	4629.27546065637	7868.65791763337	98.2364635597091	10104.5934119148	0.228697240687439	2354.35269878248	163.889781238232	16375.723527389	0.298203390769645	3346.73473137355
"442"	1652580004.23205	4786.16790324138	7644.46827874225	103.051153406485	10240.1738636182	0.240604800627384	2468.60981935429	146.595889059575	14869.0893271629	0.260521700999008	3354.0505478933
"443"	1652582404.56667	6323.44400779466	7770.12861982354	139.989573909747	13083.6783234732	0.32120316193648	3232.37815384612	155.557203636265	14727.3592774486	0.231293579136942	3275.32384234036
"444"	1652584803.24615	5257.70943962311	7687.72514690534	99.7762134646889	9793.92894607627	0.236582908085588	2638.32939936811	157.804513809417	14249.3939200417	0.237882297269219	3313.40631528251
"445"	1652587201.79487	5269.27978675086	7682.87149955997	109.749005684959	10486.2865904136	0.270208558990701	2821.76414013438	152.726473838146	13369.1495886454	0.25737114867394	3356.59460169216
"446"	1652589601.03462	6176.86710884252	7679.54023144192	122.120727413457	10934.2115100445	0.272585051996233	3047.73227848308	153.456427357027	13962.8978393009	0.265186536374505	3586.17222617415
"447"	1652592001.24487	8235.44202221879	8346.90839202557	168.330414165195	16623.9886375736	0.311569239130196	3914.9415506981	156.390316674812	17698.7059961209	0.283066055867242	3006.83499211023
"448"	1652594400.61795	5450.07660742846	7583.32690212692	92.9738226688684	9971.27518104793	0.222196138870034	2366.4575697492	140.580245111617	15411.0500950736	0.27640402379888	3417.36370320761
"449"	1652596801.21667	5898.17148699503	7780.32397677686	105.388993234014	11496.1534402484	0.246875314208309	2635.29903924879	150.70959802262	16686.9483653571	0.307808788996052	3359.6204270141
"450"	1652599198.84615	7312.39816659981	8873.19921882848	118.233609711268	13214.881676381	0.2820693876782	3408.84499349173	183.847829561527	18897.3516184178	0.337284268417844	3883.0999202818
"451"	1652601598.56667	10453.0394321823	10075.5385017966	148.733989260937	15725.5385079691	0.405991993111554	4617.73032706145	178.756859758387	17715.6763073412	0.338123037594906	4037.09093385383
"452"	1652603997.29231	9840.09183908273	11678.2409234775	115.305117786727	11607.2693406894	0.218662566020069	4828.03467666203	194.272347306082	18391.12065662	0.340374762189058	4404.68110376229
"453"	1652606396.16282	11712.1310677365	11651.6255936619	144.420071853906	14547.2015682799	0.345639823443448	4532.09601962492	180.191780726531	16584.9021466842	0.367988451272695	4472.94223818231
"454"	1652608794.56795	12849.806310862	16362.0759037759	127.31770225709	13343.4260500826	0.317944952068648	4529.52061944007	156.530791841296	14926.2095569244	0.178519552792073	4499.55067567424
"455"	1652611196.01795	13981.8367192805	25249.9294070666	100.972695320113	10539.7591694404	0.150649289897401	3565.5731614306	211.324492312168	26939.0861541375	0.27250609661332	6063.09641290426
"456"	1652613594.67692	14010.0497661917	25520.2883226798	107.419462921931	13163.962334259	0.213967340157853	3441.56808216662	230.20767248697	26930.7258177969	0.296538185945273	5800.59957497341
"457"	1652615994.24872	13946.4800520502	25526.2196286461	103.132947890639	11785.0480798842	0.19134449093226	3212.86584683352	204.216067260172	25486.7028554268	0.286356788311948	5833.13024982499
"458"	1652618392.5	14037.5879746854	25883.9702701469	99.4441285941851	12404.0741704348	0.103721014397844	3259.42247906447	217.353790436097	25187.1803163196	0.401779788289846	5674.75316308426
"459"	1652620793.47949	14016.891783384	25440.838712746	106.234655741561	12930.2878175994	0.189192057832401	3173.72849443751	217.173158970939	25778.0786723064	0.437380466179771	5803.76183132052
"460"	1652623192.05128	14016.2625696794	25264.6351959255	105.869588662853	11991.1397961313	0.160909196437748	3103.10137462646	220.726528007991	27528.5943073584	0.437321184014737	5861.78787180187
"461"	1652625591.15897	14103.3134024796	25290.3321169106	104.108910003203	11896.108044049	0.265259576823331	3129.22386752901	215.662829385219	23655.1447735975	0.228459919162254	5647.1056113827
"462"	1652627990.40513	14065.4416060724	25647.6641813063	107.965400019833	13247.9478844606	0.202802534261255	3644.05376115786	209.520222190663	21569.69620951	0.192831166173151	5502.40986637805
"463"	1652630390.44359	13942.3282349228	25111.4123827218	105.259501678805	11335.912381243	0.317706386278174	3414.41911562356	203.146259173717	22779.1063272471	0.39509776295196	5981.19522347602
"464"	1652632789.73974	14030.3353195181	21598.9955422942	107.961124453862	15109.4028166982	0.295867822604779	3158.66467308046	175.58764976973	20020.533328434	0.343115557186954	4461.89985753147
"465"	1652635189.31795	14063.5622940761	17294.0277759226	104.363492624633	12138.8459254251	0.253047977999552	3244.78839581047	161.003279039872	18472.9467739054	0.36939475110363	4007.67008750339
"466"	1652637587.92564	12368.1763341554	15621.6431590711	82.1530136905422	9121.50837321413	0.164419567422766	2680.73404176933	138.486519784123	16222.4182962436	0.231517877959701	3536.76954294955
"467"	1652639986.86538	12177.4037765892	14246.7598677644	128.243935141374	14845.2998637602	0.301350355084329	3789.02288879224	131.563098450249	15458.4942661392	0.251934532488093	3374.80478068617
"468"	1652642385.82436	8493.70931755117	9170.31941792357	104.160300386964	10878.9571513098	0.235238894661244	2994.01990320437	128.046830384457	13151.7799944962	0.184807176433392	2809.13504900678
"469"	1652644786.10385	7192.91349842312	7885.38043111478	103.100411247945	10827.0533002196	0.240382724905552	2733.30855309992	147.315895490498	14962.1013232731	0.323529917811622	2951.39833577735
"470"	1652647184.87692	5052.47621545504	7576.2588550321	90.7438150665345	9701.11428153396	0.210261809617623	2310.65464611671	161.272673196535	14894.5927478509	0.22611825701971	3108.25645395316
"471"	1652649584.50513	5632.35836077123	8386.85113244286	116.916052852418	11586.8633689714	0.310699723980576	2819.9151957139	180.1703973831	17292.4415228742	0.307677030011863	3617.6097409858
"472"	1652651983.57179	5532.53027964882	8059.0525713237	93.8160502932368	10905.3567216682	0.180194860503452	2106.40915033546	161.46583138597	18575.092487584	0.254338808835908	2846.15886255664
"473"	1652654383.34487	3002.42930301203	6860.85033464031	66.1920558200021	7924.53017464381	0.152245951135824	1366.75052433729	140.911456080315	15864.5027189131	0.236468501982782	2873.81211559307
"474"	1652656783.27949	4141.80367128752	7191.01516059543	118.967589556959	13673.2107591499	0.234560004227802	2049.50481434822	155.266758119049	17323.9086382201	0.29943147524774	3146.652080098
"475"	1652659182.31795	4696.32384720812	7966.06939057545	112.874010578355	12929.3189289183	0.289600837635394	2377.6930296179	161.106052110251	17706.1015317955	0.250255814214693	3511.90497865016
"476"	1652661582.03205	5307.56548678246	8103.9084629037	116.695434586441	12082.3461070791	0.229680991706246	2565.50110404456	165.75457225001	17460.482479399	0.273663355087459	3499.91814886107
"477"	1652663981.17308	5115.53030290363	7958.13701690413	101.172282280163	10450.2782502451	0.239605916230673	2345.20468981133	174.600016004963	16282.4337131302	0.24534197877572	3551.10565527066
"478"	1652666380.66538	4792.3157290232	7903.85883571433	114.689011547605	11369.8762935297	0.260544681957801	2493.95510895453	162.853030749029	15922.8990111063	0.302644909473085	3508.04976312499
"479"	1652668779.93462	4584.93449911497	7909.45453066856	105.065814140963	9628.20020682504	0.216253408477723	2301.93113352677	165.077707784923	15197.8765457163	0.292841240875712	3558.10888090182
"480"	1652671179.14744	4958.62552234511	7799.9641352676	124.89823964336	11520.5553218249	0.276428332905348	2663.53465671164	168.082701175031	14961.7793667581	0.313603972481364	3540.53747452354
"481"	1652673577.65641	4276.56371053335	8258.1979380878	101.002093128985	8999.02091359456	0.237370892392281	2284.02734708143	171.432299472357	15593.6173871136	0.323268532375297	3694.27848340058
"482"	1652675976.76795	6300.99957962279	8227.88155835215	133.975207286321	12541.6263341297	0.314286046032042	3225.55592866542	203.352430180208	17611.728270936	0.36576775574588	3798.93459414108
"483"	1652678376.03077	6492.61962280679	7519.35927273676	115.100321651882	12255.1342336031	0.311629460651127	2725.60144254279	158.780091359078	16075.1173670733	0.325750997343553	3106.36715904518
"484"	1652680775.14103	6042.30441948396	8269.39614629476	101.337086564597	11180.7949201179	0.307176845957992	2649.86589649076	168.276935823362	17761.8853818242	0.368814154972593	3549.83403782063
"485"	1652683175.55513	8220.0297867554	9401.55237716157	131.638858067179	13834.506616751	0.316735375834346	3527.16754017658	187.298857839139	19572.7923370772	0.359082747606692	3873.83347638954
"486"	1652685575.07051	11133.8494026737	10907.587532865	144.411592710245	15332.4801130803	0.382059260821206	4154.51358420246	187.18295750518	18632.5949875712	0.335480014118476	4238.41088275912
"487"	1652687974.35128	11572.103147925	14921.2786492756	132.932208130464	13366.7546535485	0.320982726827777	4140.47900947685	246.354939705404	21570.9578472266	0.412166506320347	5135.52749969667
"488"	1652690373.12949	12412.9656861036	17575.269470866	156.39955010695	13868.5994643419	0.391106088443548	4600.34371528345	207.0281974956	18841.2453474922	0.311052920838524	5230.13147696406
"489"	1652692773.03077	14015.7562798549	22671.0158743231	161.827909750413	16021.4983846979	0.410107570352585	5098.01354843293	183.873988283395	18309.1018899986	0.268174103550218	5338.07835496522
"490"	1652695172.47051	13825.3536041304	20946.9791437283	120.395107980329	12358.2614444194	0.379598483593785	4981.46501633545	172.405036353739	16262.1132142859	0.289310025580887	4708.32130796912
"491"	1652697572.7782	14045.7470921289	24538.5100892629	121.835587504421	14316.2277938468	0.200291466920201	5050.46456301765	201.433665158168	23669.5170760424	0.333306817095131	5189.10199345204
"492"	1652699971.51026	14088.2407421953	23149.6889803085	107.953456778975	13183.4631104648	0.21464117467246	3180.56483732103	204.990541362547	24232.4105807755	0.304849069875971	5123.86156915083
"493"	1652702369.79103	14140.8150614577	25677.4935954048	134.798608670869	15883.3077210726	0.20879148792181	3441.45371797398	200.843591770522	25624.3363739756	0.303809929466151	4932.09991105721
"494"	1652704769.71795	14037.0190650232	24843.6926949102	113.145294213712	14363.5793862844	0.268764007572456	3020.51166973487	204.419851774164	24684.5851840447	0.318720089433014	4880.10354008001
"495"	1652707169.42564	14142.9729866917	26047.0763764632	98.8889835303334	12365.5866231248	0.208092822823743	2816.22610846852	230.135913618912	27635.7700815929	0.431201058758743	5674.07661544211
"496"	1652709568.26026	14083.3985250098	25749.238744615	102.806146982979	12620.2835305972	0.173885923461427	2944.81698630458	205.596869320836	24927.642577707	0.434838733195809	5451.20678910097
"497"	1652711967.28974	14092.3706654062	25865.6131018802	98.193912344426	12314.1708980327	0.177932937496171	2972.07545320256	215.334407350286	23964.7445544094	0.30714924338592	5420.53769519846
"498"	1652714367.53718	14128.9146980871	25826.0529335721	100.695106292805	11945.0632778934	0.255769958447848	3193.95147061755	237.453433234294	23776.4025086547	0.4819479298964	5666.48384566567
"499"	1652716766.93077	14159.3103863153	23752.8677920734	109.490631632052	13865.3234394473	0.343180746726268	3442.07214586722	200.562540391646	20798.1101131217	0.396169017703734	5200.01073320402
"500"	1652719166.89487	14156.9149775835	21255.2756252829	109.421928765652	16039.3120410933	0.213529211764866	3024.61262461244	172.696364950716	21315.0610831715	0.252898020341852	3976.10883172718
"501"	1652721565.99487	13448.9126928237	17392.8183773079	81.4813655789034	11829.0570153616	0.184711827590714	2712.68216753981	163.85211733545	19436.196483343	0.341680589026788	3651.32189122365
"502"	1652723965.23077	11250.9079563821	16058.1691431412	120.897748745995	13194.5932622838	0.333706129127516	3141.94958736384	172.845738987653	19609.0353695098	0.259141249729127	3970.98291278332
"503"	1652726364.52564	11405.0669047749	16011.0732471279	151.633248752789	14826.7598247657	0.456739403579451	3658.91044998078	166.369948604904	19615.7913207047	0.35191648628569	3804.29151677193
"504"	1652728763.87436	10822.6760990145	14746.0794738007	127.93750675231	12367.761035087	0.373138365018519	3285.2403329484	122.978181362593	14976.694677154	0.238797121340942	3131.02584648229
"505"	1652731163.76282	9528.54301067092	11579.7431781122	122.12011173714	11262.6140072531	0.315161525267213	2925.66261402637	142.121336024993	14404.8932850452	0.288377862118047	3070.10420975148
"506"	1652733562.60385	7139.72402866647	8376.52326146869	121.098131036049	10406.2197515699	0.221743089885971	2672.10701545322	155.938978736915	13379.1599131245	0.204165988971474	2839.00714567821
"507"	1652735961.68205	7139.53478463737	8765.09485901307	128.421312855321	11637.5234795661	0.242484209707957	2851.18785400507	173.795073942302	16933.3132610124	0.227764534372108	2671.99420204486
"508"	1652738361.47821	7883.33904471542	7705.35359763745	133.967201276925	13477.6228353418	0.265813066786174	2585.50499595203	162.921736539834	15974.2059978827	0.254360772255277	2547.75037289255
"509"	1652740761.68846	4781.82781738399	7647.53310455424	96.9049537712109	9977.64433285069	0.215973397689036	1834.79779545135	199.766035829361	17255.7116188608	0.201358048862433	2930.380927305
"510"	1652743160.57692	6714.98850314166	8725.35431777787	148.42868424289	13313.265170944	0.255426550371471	2782.99103825386	197.291697755927	19213.7977195759	0.31474474999455	3415.33102672315
"511"	1652745561.01795	6378.78411446976	8042.03278432476	145.117520197947	13288.0802175932	0.278744035039205	2581.94789925146	190.182972130989	17044.8053943889	0.309656995914985	3225.24578568537
"512"	1652747958.97692	6977.04574502844	7930.29308431454	145.718500274807	12605.0111357629	0.317401805955587	2894.75779752293	210.807808083413	18546.3782526542	0.335066044174749	3177.83622006094
"513"	1652750358.35385	7108.90907537772	8437.18573842017	134.356154203636	10989.2183707737	0.295084465047943	2625.27250871894	200.208216373174	17816.288612085	0.231057711665029	3464.63417160609
"514"	1652752756.72692	6047.222699427	8159.18052003133	131.238777102206	11899.3307789548	0.257937609353495	2624.97477307635	192.507138037381	16559.5789354021	0.310182785089076	3451.90051210855
"515"	1652755155.55128	6206.81203096518	7963.87067472706	137.828050479491	11850.2990402835	0.28294392402479	2710.6891577014	186.586719112254	15857.2195387005	0.289244676259641	3463.61082232928
"516"	1652757556.53205	5629.01224818392	7588.08890300817	125.42784926336	10666.5983411229	0.277553631618165	2535.01594794313	182.970432397699	14913.5553662038	0.285840391588908	3297.1599037678
"517"	1652759955.75128	6069.24602512126	8215.42960165751	139.734379113792	11121.5015179751	0.297037597119114	2657.89023957173	177.810923374179	14308.6856712127	0.227286703719721	3256.28955190313
"518"	1652762354.16282	9505.8803407174	9937.64080801517	290.846950755995	18000.8908925019	0.671735614168525	4611.05075204179	250.726883380063	19549.3494359396	0.415407580591173	4302.12756569748
"519"	1652764755.24231	7126.03679343184	8080.30982066294	126.206623173151	11280.8383080371	0.270584870868734	2678.27196402604	162.918822833461	15274.0072699478	0.252221876866726	3047.68668998678
"520"	1652767153.98333	6624.32295532604	8706.80243771093	131.677862316621	12140.0009200072	0.311401360851254	2763.08773412881	201.27033936937	18326.4929141414	0.334898705413922	3441.73626012852
"521"	1652769552.64615	8303.64907576288	10139.0862162435	168.666070033153	14757.2658107007	0.399278646195701	3592.30195592237	209.366292534767	18547.7849310547	0.348223241487844	3800.07174212605
"522"	1652771951.8359	10313.7023246028	12882.9789768664	187.692837625487	15262.3760317999	0.371105067823052	3686.89787335899	247.246362212117	21335.945130455	0.396072268495358	4692.9312520625
"523"	1652774351.09103	13352.6161671018	17931.0370075072	209.235059117546	16254.971928226	0.43120541843511	4581.26508893406	205.869992474156	19738.3645831431	0.372140431594491	4557.86968887902
"524"	1652776749.96538	14287.5751060238	26180.2045627876	129.195194222566	13923.266705631	0.334397197620553	3806.00679021188	236.452223340376	25003.5213631681	0.340233731722266	5835.6597948638
"525"	1652779150.07308	14303.8900110211	25975.1136578705	118.370107302575	13337.3434893167	0.243569487719552	3485.25525304066	226.981094886873	24239.1524654144	0.697755781574647	5940.38392904328
"526"	1652781549.27179	14305.9461635515	26163.566106794	120.924322498516	15232.0060080346	0.374138961364173	3591.56306453464	143.328735413443	17315.3708492067	0.47763979455023	3939.76365163903
"527"	1652783948.98333	14270.5886723424	26166.1755571278	106.636140765383	12137.2223467265	0.468690474132891	3000.7663218489	243.605296711347	26986.9696430692	0.668688196036016	5463.52479494857
"528"	1652786347.62308	14212.1782081512	26110.4901644778	93.0078142111593	12180.0206531603	0.299847309972108	2523.93362192253	219.886101398367	24277.3062169137	0.521426297034556	5059.72920179713
"529"	1652788746.06026	14344.3901770247	26009.4050948533	99.8623933230073	12710.4255806401	0.536721849147742	2769.78706469652	240.273564301295	24568.1741417205	0.635566321459875	4669.08931611529
"530"	1652791144.10256	14462.6541841978	27662.5558976392	146.225929714901	16187.5142635519	0.47442515502623	3637.51002330129	229.799953090599	22836.7783488078	0.336714524554586	4312.91167821846
"531"	1652793545.52436	14506.4166572971	27867.3064830918	121.021825820783	14990.486651687	0.18814139683681	3380.51321512974	171.193950093836	20067.4604119085	0.237974760776036	4958.898712886
"532"	1652795943.88846	14546.9650566283	27172.531835442	122.037117153765	14961.0029761917	0.265709479075186	3296.79414542429	162.679401817468	19116.6239188474	0.278767234271189	4460.35943738047
"533"	1652798343.13846	14479.6217403245	27682.7810476406	126.000679591449	14749.6937465719	0.422259870214363	3751.14268009065	151.048670181847	15427.8688882658	0.38180665145701	4080.56958292841
"534"	1652800743.64615	14503.6666676733	27524.0321859955	122.349832737616	14576.7386091739	0.440403975011081	3446.27206681837	222.655326209586	22119.3558000133	0.585471181942812	3827.06242100875
"535"	1652803142.12692	14548.3117066313	25754.5022380984	118.794079894536	14445.7657442866	0.421798276586458	3525.83352076049	188.145908611345	18243.1401416193	0.342518560023547	3350.80912777027
"536"	1652805541.53846	14266.2805539474	26182.9085336812	132.130467432803	17808.4489593863	0.406727743666286	3328.75038844743	225.226375992695	25158.776034457	0.45888086519048	4392.1443541335
"537"	1652807941.92179	14312.7132251581	26021.9466972141	100.503738181967	12325.9512671458	0.326782347627372	2578.01612799705	227.119823558055	22814.0175670989	0.562673633387861	4995.20784815472
"538"	1652810340.87821	14291.8579101535	26355.2499718264	134.950093857522	14989.0123619573	0.31800867405363	2999.9100317841	250.797444187995	26966.6635942352	0.527625904802827	5463.0461253073
"539"	1652812740.69103	14182.0011009423	25136.8708580073	106.099699497762	11958.1696369582	0.422302879880138	3131.83980627995	222.764530830867	22179.0877014094	0.587335756724394	4971.12018022111
"540"	1652815139.77308	14138.1353382912	21712.6436092692	119.068465022688	13629.2488077528	0.315748748242749	3158.96707967196	180.982952121314	17882.4976639868	0.433276971453681	4336.59930198726
"541"	1652817539.58462	14180.8761973887	18300.2049729786	106.296064775786	12745.8618354529	0.420201054159226	3464.78590010302	163.239017768144	16459.4190983305	0.466141816682866	4027.30845744856
"542"	1652819937.82179	13460.8419020922	15975.8517137931	110.07417652476	12331.2397969437	0.424290942164841	3470.4542925235	134.562179375651	14294.7667897198	0.329701078853773	3493.67354845073
"543"	1652822336.42821	11205.5724234024	15104.2109557607	108.401281638703	10825.9542212439	0.302119346531487	3080.51358497796	157.339500565994	17492.6909279058	0.151834418062255	3035.45836821396
"544"	1652824736.59103	10958.3696292436	10078.6958582183	157.456225690269	16131.2678122789	0.300992084229499	2968.05923763433	142.829701729448	14832.0850983477	0.230221162539769	2765.05049892395
"545"	1652827135.46667	7247.16422025428	8417.83981666485	123.416611422356	11747.2296464665	0.28232533155247	2521.87673141209	180.69137886345	17049.157846245	0.311711572940096	3053.68790299437
"546"	1652829535.06667	7153.47232493952	8860.99385370605	153.153372572178	15327.8156066659	0.478162208394575	2826.17741654204	181.429619307352	17282.9924286862	0.503307936351882	3185.74775645157
"547"	1652831934.84231	7978.95225756452	8370.3411361016	167.227944681328	15672.769343306	0.621391374256853	3172.82716911726	187.914909374804	17254.9911205405	0.594640255685642	3348.53045078312
"548"	1652834334.36538	7842.28156167011	8049.12390859309	139.537637415672	12552.901084436	0.589133110575503	2975.41315834446	191.239080915097	16630.2494352482	0.647265654786559	3463.81800545509
"549"	1652836733.54872	8230.89157003734	8110.03823998656	159.089868222638	13999.0844999571	0.653651290790874	3347.59122670614	189.814429469191	16787.8877179432	0.619283553010899	3564.85388135987
"550"	1652839132.21795	7936.17587638865	7825.61147234507	155.209404779653	12453.3976669292	0.660003831526033	3235.91374004962	189.903251706724	16021.8705937309	0.656939338298189	3436.26039872609
"551"	1652841533.34231	6500.39986086181	7698.38973086818	135.403616584173	11568.8063821299	0.53554413262451	2760.804447506	191.066815801332	15546.4462619214	0.565475111383906	3432.78495849416
"552"	1652843931.19359	7227.7220897212	8556.99966645961	155.108723554232	12576.2048508131	0.610956268676063	3171.0095885682	207.422087738799	16242.0582372494	0.614069472081809	3834.99996113494
"553"	1652846330.25897	6498.21927036454	7928.64424276878	138.846758571775	11084.2222807552	0.559585296052446	2931.5897428938	193.148991321667	14352.1660726203	0.665224847402558	3436.66356706936
"554"	1652848728.89872	9590.52228627605	10744.2565790995	362.86782356497	17554.7497767805	1.05888988039262	4396.89234285378	270.493990455372	19953.1276593788	0.922264169613346	4808.67087220273
"555"	1652851128.8359	8226.6732291126	7710.16049340923	178.315352526706	12579.8589978209	0.620479708016604	3048.7069328746	176.530739033571	14774.8672813623	0.597628980645985	3325.93811606114
"556"	1652853530.04487	7811.06062275807	9324.99217733864	177.074744195605	15676.0105351808	0.708710068719335	3331.8107621778	232.539787200326	20002.6458962061	0.77858007266806	4240.37213451773
"557"	1652855927.03718	10630.5074873994	11896.942595377	193.607359620699	16782.5552107603	0.757192685508498	3972.93031418252	233.730612592365	20881.170707094	0.924261080156393	4985.26840422039
"558"	1652858327.46026	14360.2697588181	17689.741965553	182.065388753295	15091.7629749503	0.504928226666622	4141.72288587426	198.56942234874	18925.4427967291	0.514192886983773	4557.49038333668
"559"	1652860727.77821	14382.4989761797	26224.5132123505	107.530304843619	11560.6337176727	0.436391374165593	3035.2472592861	238.160637375965	24481.6589062289	0.659822870664892	6628.92875305016
"560"	1652863126.25256	14337.9988982372	26001.197398662	158.354101339118	13423.9210369828	0.298899068671901	3762.14040175385	270.100662444856	25275.9096305904	0.42446696077032	6421.36010108238
"561"	1652865525.74359	14577.8080367147	27655.0936562968	124.639795460985	14193.0693800561	0.233982060759401	3484.28786163173	283.630796147912	27156.2672402761	0.417832139913947	6859.70046903382
"562"	1652867924.41282	14576.5090963739	26919.9869220684	125.082480061059	13984.9086268748	0.186554017881021	3527.5289163282	158.082878371597	16445.8817732958	0.26198013957179	4936.74635465409
"563"	1652870323.20385	14562.350295627	26762.5871362689	143.941353121285	14491.1508405411	0.321762079600266	3592.14264699579	171.405434123176	18238.9249763559	0.365349240797477	4930.7503692632
"564"	1652872723.77051	14554.1992513483	26507.0210993133	147.350770019951	15281.9242451957	0.383719585104884	3335.9737450159	179.408563345335	18897.7770551456	0.446257307588525	4982.03736258043
"565"	1652875122.2218	14665.9295036346	26803.2337354701	126.561103102201	14150.0384053709	0.337587169407857	3171.93737131293	170.348602517316	17638.7996140522	0.440862022901977	4358.61611065501
"566"	1652877522.00641	14502.2812933116	27255.8953112444	132.036902437945	15898.9158300139	0.346908960323401	3370.10605877524	175.429257976041	17864.6742324592	0.426883778440206	4880.30266076748
"567"	1652879921.53205	14567.6504243959	26837.4632549333	155.903987365867	17549.6342405249	0.417906976552664	3646.64995218725	198.584397682309	18849.0830761599	0.321495732035856	5247.61423725015
"568"	1652882320.49872	14594.626401689	26719.0901265675	140.153044678218	16442.501185116	0.382624175847096	3785.26730103	181.044590352255	17833.423215538	0.236997081423123	4932.13267839737
"569"	1652884720.5859	14607.877228654	27305.4283296495	150.127522275049	16914.5719084057	0.265498959706374	3971.1050050059	167.754094236989	15591.8236907074	0.0896901323152099	4501.2552622375
"570"	1652887119.37308	14558.9695425209	26090.425072068	149.481603482398	16371.4428124998	0.282678011423573	3707.41940361737	183.143180629687	16674.953472148	0.189949131725206	4805.65522698325
"571"	1652889518.65	14749.8219522592	26966.7881259787	143.878788430273	15352.9589290881	0.310716938294565	3979.98447660573	178.992412400915	18281.9577395814	0.276147187955955	5104.82486294415
"572"	1652891918.45769	14653.6578673309	26652.5152268601	156.081647763612	18722.2935748292	0.307942728678577	3824.03192705963	174.642476791682	19292.256037752	0.166709848167622	4767.02039845009
"573"	1652894317.86282	14634.3316158387	26069.8115088926	130.843283780079	15243.8514739323	0.254168617805831	3593.57094723292	147.332955211334	17941.0901756982	0.0693487528461806	3214.48696966965
"574"	1652896718.84103	14633.6495351749	25898.0929942202	119.04938701591	15038.1560708212	0.173089176537751	3366.18086721383	268.629385822241	27335.1134770507	0.270836517654242	4845.29945320169
"575"	1652899116.66667	14234.0637759804	25364.1826099929	142.843651124187	15076.1741000714	0.324888649578835	3652.05066877833	254.353365005898	23632.9508171911	0.271538792284392	4798.46975041129
"576"	1652901514.78205	14498.6492464545	25889.855249868	149.164315872211	15256.2893353574	0.339097305307014	4111.63577701496	256.292637105141	24853.1338185506	0.489628037232582	5930.97196104616
"577"	1652903914.76667	14224.0543962997	25980.2144637654	161.298686685184	15000.4036385093	0.391591440894253	3386.10497524108	272.193528277245	24522.293779726	0.471817115608768	6111.51021079401
"578"	1652906314.45	14207.1856537014	25606.0648960125	125.835444711435	11950.8666845979	0.270026399210262	2952.29908220551	247.364325053166	21341.0796016341	0.388015662675509	5155.83164311742
"579"	1652908714.30128	14263.9269495993	24712.1983555407	140.866283724188	13646.0063458746	0.236067526095975	3453.07701698556	246.478084818078	23212.8501403476	0.365792085922027	4917.87558570715
"580"	1652911112.80385	14222.2870668611	23230.9218486548	130.474887559983	16116.5123152975	0.205113568055152	3066.02843893637	226.59224714131	21146.7237811891	0.256215086887626	5047.31934497654
"581"	1652913512.6141	14165.4452141502	21853.8552464033	133.350715139942	13916.4011293472	0.17167871232737	3644.24174534162	236.033334626035	20872.6846282871	0.422317788642483	4782.23045160542
"582"	1652915911.56538	14278.7517156107	24380.5765034725	130.257409980769	14666.5784416473	0.249469347061462	3460.8255998728	221.492856171345	22966.0985941752	0.354220285417871	4850.6526798512
"583"	1652918310.87564	14239.558731147	20311.577137517	136.387263853649	15024.3348029321	0.231764469562131	3712.76112918114	265.486388795586	25165.3164065003	0.401436233941232	5663.94769249592
"584"	1652920710.03333	14240.1126616588	20652.7017561369	189.621474269003	16249.111834824	0.358095705064235	4344.18915439712	239.172072523005	22354.8106344769	0.367333502729247	5021.61859262109
"585"	1652923107.81923	14257.6942312394	17998.2261670649	144.888980493857	13654.9798985801	0.222784604100049	3861.49980349753	205.459309963221	18134.964698209	0.286717638157465	4431.63085092142
"586"	1652925509.59487	14184.3995464022	19109.5606028735	145.864631361256	13235.7646063981	0.405999119566956	3545.7071902095	227.170866062159	18871.0423476861	0.317387545782855	4663.20559287698
"587"	1652927908.98333	14244.3543294646	18780.6467661015	149.653972529862	13301.1916205378	0.367501229360735	3942.88268914723	200.930994090127	17539.0556311171	0.223432039175951	4471.46525717779
"588"	1652930309.10769	14145.8998592523	17940.1048451204	119.10772728117	12420.0825594266	0.189854112008753	3280.58304719441	190.366772702619	15832.1018457938	0.175330068256174	4212.98643980279
"589"	1652932707.17308	14210.0362214434	17145.3588172464	132.486050286115	13615.5032067266	0.207835416606091	3597.72660456201	184.215058019365	15258.9342335384	0.222109635967336	4068.22139493435
"590"	1652935106.93974	14247.0747359279	23341.6224682309	149.005128032997	13801.1771164396	0.234541369300481	3727.67658943195	279.035691546321	22426.0304711895	0.347146052445815	5761.34055897061
"591"	1652937506.84359	14265.295682275	18638.9173612651	118.038549215398	13330.1070682169	0.196509734693665	3295.75622638667	207.520140647907	19410.9123775645	0.372753958390733	4475.94181227437
"592"	1652939905.49487	14259.4711895673	18773.4228206954	113.404375485132	13694.5014454703	0.242159492060025	3512.03347675971	236.12704385392	22299.8820375234	0.377911712102018	5220.0312018474
"593"	1652942303.88077	14373.7276937497	22021.4690832098	124.595895766962	15466.7622079088	0.261753899046813	3465.89252233821	223.329493342796	22088.1921465082	0.391395403567681	5495.32631145403
"594"	1652944704.8641	14346.004798757	23636.8682469535	109.374705706701	12804.2616452776	0.199551520778627	3400.15777869485	288.561504424146	24811.6510589963	0.384096198450327	5876.55246090044
"595"	1652947104.52821	14353.0676778463	22122.2919874633	144.909713241233	12798.2749031317	0.205667174846693	3846.98329697983	238.372615226318	21658.0824307969	0.290208091523626	5237.77553839623
"596"	1652949503.24103	14359.246925383	20597.8711440475	145.634728355356	14503.5189214427	0.289568476465639	3869.78752614894	230.459544108385	20485.0146367545	0.353930541050823	4999.69837555238
"597"	1652951902.51923	14296.2683146926	24293.7785820775	130.877443526672	12754.0928958202	0.188828838576593	3486.80900142745	249.867935735876	23447.6928296812	0.460944403845344	5869.15168062416
"598"	1652954302.82949	14304.1105311423	25432.8309478474	137.242681135654	13223.1727826711	0.325136766278387	3608.28159540674	259.227446587857	23453.8490038055	0.337215280720066	5802.88579187146
"599"	1652956701.92949	14300.2010485298	25160.6104556133	133.165964369309	13364.5028593344	0.207453683174075	3403.27842760776	294.059329558515	29422.1145366591	0.429737766539893	6651.65484303519
"600"	1652959100.93077	14173.0966268813	25684.7149239547	109.726501155939	14934.0608665697	0.160698059210648	2995.18454161633	239.784997260053	25756.8635675359	0.322168442945404	5829.24871826759
"601"	1652961499.69872	14199.4175967716	25493.3079682419	158.855659471014	17261.374660866	0.19175850163566	3411.06920661807	271.258719511476	26578.3818774561	0.415296438555537	5864.75743704731
"602"	1652963898.88718	14298.7020447347	25792.8297072628	130.943052305365	14165.2585968443	0.282588128328485	3307.2625370543	289.522591505952	29381.823713687	0.52450560871852	6299.66829432344
"603"	1652966298.90385	14256.6106173706	25560.2310220236	149.787097870233	15907.8410161158	0.294250816102684	3410.18916880199	281.288594209938	25792.5117301447	0.354208072725784	5444.4427798046
"604"	1652968699.22436	14278.1536732552	25180.8844052197	151.514104966355	16547.0456785801	0.220572067297897	3627.35319663578	275.548391321682	25319.4600818916	0.234789187467312	5670.40112116914
"605"	1652971098.04359	14296.9084110205	25951.1879430737	147.154953855522	15036.4408259824	0.250983153094649	3564.96831619025	266.722925460583	22345.4286332727	0.332076260903614	5067.08145668722
"606"	1652973496.9859	14610.7441373152	25253.2057163183	153.884315658808	15689.8477127634	0.290379176212029	3718.79140723532	287.720940906796	26016.6512768319	0.368055596963807	5524.29491995114
"607"	1652975896.43077	14637.7528175278	24887.3462407614	155.223948370776	16429.1084625223	0.352492751098353	4141.16347032029	290.636135506651	23851.8200820937	0.407159453254038	5894.04751768137
"608"	1652978295.02179	14268.0711196203	25505.0997137505	152.284198189399	18989.1586503982	0.311510250320347	3666.82543503253	265.047466771433	28767.9824472523	0.221947492300526	5247.43575356235
"609"	1652980694.35385	14238.9077426758	25290.0531267929	146.078526542421	15408.9254733843	0.186370318750147	3252.53774022834	290.606245360121	26275.5591991301	0.510139152425542	5911.80799147361
"610"	1652983094.03462	14319.3227537378	25461.8179377361	142.784808903766	15377.3241470613	0.202593277576114	3341.08751195181	288.04864496028	27634.3047876893	0.572189873714521	5900.14968293765
"611"	1652985492.76923	14375.2955833453	25006.6472826557	143.842340575248	15014.7076504147	0.265890297474449	3399.57112643427	258.465706246494	23990.0661288895	0.397612118150854	5467.26590899224
"612"	1652987892.35513	14423.5886129724	22201.9537069695	151.287926700866	15082.3557640502	0.28334776020029	3539.3140720128	247.28675087723	20813.6576839308	0.400664802493402	5220.70237412848
"613"	1652990291.96154	14370.5752679146	21011.3823385955	152.07349594528	14674.7327706489	0.365563127225004	3800.16354548203	228.558842120014	19520.8295406159	0.352075543736666	5110.15833306124
"614"	NA	14438.0928435084	NA	152.501930071513	13202.1115731859	0.322213821817739	3838.68126978826	NA	NA	NA	NA
"615"	1653053674.39487	14416.1635213828	25478.3592475347	-1.19746466015375	731.080229825004	-0.0342008588402692	17.2743672267889	253.190230937567	24328.8787608639	0.211590015325939	4856.00107618065
"616"	1653056073.7141	14573.8407912955	25238.1162463663	127.097143200271	13998.4039623819	0.187783074367032	3126.84428433934	261.878903779354	23104.5911384807	0.207202400182081	4722.27646704856
"617"	1653058472.29615	14438.6243560087	26036.3511043788	138.117871723859	13581.0555928993	0.343634293066791	3270.45729325443	273.939799702526	23628.509121243	0.505638887376412	4948.45994329127
"618"	1653060873.24103	14477.8664084101	25198.32679906	144.107974598329	14192.5507382533	0.244737326038758	3853.52162379444	269.861815868357	21998.1700335184	0.401746758917926	4741.91670052596
"619"	1653063271.19231	14438.5099667679	25525.0778405708	180.724974573002	18286.2196796842	0.475566894735221	4425.19488600945	292.337742676122	24450.8874159931	0.412360825893674	5400.51983810247
"620"	1653065670.76154	14376.0541164727	23326.2749545371	143.68829701407	15506.3589871635	0.322417077546011	3550.78532039394	240.471044729933	22995.4476216542	0.33811053395263	4257.7162791939
"621"	1653068071.31538	14433.7901164821	22701.9646555088	144.780863400528	15083.406597082	0.247648010659984	3395.47881386989	244.044684656894	22518.3508679522	0.321237047675829	4513.49228268002
"622"	1653070470.16154	14349.3051197761	23408.5212892458	144.307205010113	15842.0605922247	0.337755286558892	3586.48944664796	264.920841130711	25003.705068758	0.574944856440575	5192.92296175877
"623"	1653072868.25385	14363.8139689896	21822.806680248	166.81667697618	16445.9409633267	0.380837032331655	3815.91531740133	254.959446403729	22462.9400288932	0.475146452027235	4948.81655721355
"624"	1653075269.23462	14394.5731480055	20545.8503581062	138.292092214518	13675.4805713491	0.306915937501134	3550.98764595323	261.840241404995	22610.8381061953	0.417371323898032	4720.62104231341
"625"	1653077667.3	14373.1758083299	16860.2679075385	156.637234403015	14289.4283389203	0.454243228388744	3865.82939659744	208.003950967006	17455.7082268268	0.486561118114935	3929.42798517339
"626"	1653080067.82564	13967.9207789035	18774.4283187953	128.297210289716	11723.1870393907	0.384102373905668	3242.60516568771	276.760911370123	20501.0170295579	0.507456009024374	4814.30650107261
"627"	1653082466.52308	14482.3441703608	15972.3526762353	172.011185786904	14757.4447120531	0.458210400503019	4012.45499535775	190.503300458082	18931.7651949684	0.30176125495959	3417.04302622491
"628"	1653084865.54487	13236.8293067741	14267.479290486	144.436508893249	14291.6255539265	0.43363570177638	3185.91023188969	201.252788771562	18427.3587041863	0.353882798388685	3484.06744022647
"629"	1653087265.82436	9576.66406897965	14195.8480940752	145.194441353967	14054.3964492286	0.393753435555146	3302.60629169393	242.345120688278	21967.7933584094	0.475335859179258	3907.56367884805
"630"	1653089663.52308	9381.20875064095	14221.6110164001	154.216175143083	14797.9170071936	0.429524623669178	3247.78942625054	NA	NA	NA	NA
