""	"Time"	"Flow_S5"	"Flow_S6"	"Mean_CH4_S5"	"Mean_CO2_S5"	"Mean_N2O_S5"	"Mean_NH3_S5"	"Mean_CH4_S6"	"Mean_CO2_S6"	"Mean_N2O_S6"	"Mean_NH3_S6"
"1"	1659317957.79699	0	0	NA	NA	NA	NA	0	0	0	0
"2"	1659320356.79825	0	0	0	0	0	0	0	0	0	0
"3"	1659322755.38722	0	0	0	0	0	0	0	0	0	0
"4"	1659325155.08897	0	0	0	0	0	0	0	0	0	0
"5"	1659327554.71178	0	0	0	0	0	0	0	0	0	0
"6"	1659329953.58145	0	0	0	0	0	0	0	0	0	0
"7"	1659332352.48622	0	0	0	0	0	0	0	0	0	0
"8"	1659334749.91228	0	0	0	0	0	0	0	0	0	0
"9"	1659337150.02381	0	0	0	0	0	0	0	0	0	0
"10"	1659339548.84586	0	0	0	0	0	0	0	0	0	0
"11"	1659341948.46867	0	0	0	0	0	0	0	0	0	0
"12"	1659344347.29574	0	0	0	0	0	0	0	0	0	0
"13"	1659346746.8584	0	0	0	0	0	0	0	0	0	0
"14"	1659349146.47744	0	0	0	0	0	0	0	0	0	0
"15"	1659351545.14912	0	0	0	0	0	0	0	0	0	0
"16"	1659353943.77068	0	0	0	0	0	0	0	0	0	0
"17"	1659356342.01128	0	0	0	0	0	0	0	0	0	0
"18"	1659358741.88471	0	0	0	0	0	0	0	0	0	0
"19"	1659361140.93358	0	0	0	0	0	0	0	0	0	0
"20"	1659363539.34712	0	0	0	0	0	0	0	0	0	0
"21"	1659365938.37845	0	0	0	0	0	0	0	0	0	0
"22"	1659368337.82331	0	0	0	0	0	0	0	0	0	0
"23"	1659370737.62907	0	0	0	0	0	0	0	0	0	0
"24"	1659373135.23559	0	0	0	0	0	0	0	0	0	0
"25"	1659375534.3584	0	0	0	0	0	0	0	0	0	0
"26"	1659377934.33709	0	0	0	0	0	0	0	0	0	0
"27"	1659380332.59524	0	0	0	0	0	0	0	0	0	0
"28"	1659382730.32331	0	0	0	0	0	0	0	0	0	0
"29"	1659385130.18421	0	0	0	0	0	0	0	0	0	0
"30"	1659387530.19424	0	0	0	0	0	0	0	0	0	0
"31"	1659389928.97494	0	0	0	0	0	0	0	0	0	0
"32"	1659392327.10777	0	0	0	0	0	0	0	0	0	0
"33"	1659394726.47995	0	0	0	0	0	0	0	0	0	0
"34"	1659397124.89223	0	0	0	0	0	0	0	0	0	0
"35"	1659399525.5401	0	0	0	0	0	0	0	0	0	0
"36"	1659401922.8985	0	0	0	0	0	0	0	0	0	0
"37"	1659404323.41479	0	0	0	0	0	0	0	0	0	0
"38"	1659406720.4198	0	0	0	0	0	0	0	0	0	0
"39"	1659409120.54637	0	0	0	0	0	0	0	0	0	0
"40"	1659411520.11654	0	0	0	0	0	0	0	0	0	0
"41"	1659413918.59399	0	0	0	0	0	0	0	0	0	0
"42"	1659416318.72556	0	0	0	0	0	0	0	0	0	0
"43"	1659418716.86717	0	0	0	0	0	0	0	0	0	0
"44"	1659421116.19799	0	0	0	0	0	0	0	0	0	0
"45"	1659423515.39098	0	0	0	0	0	0	0	0	0	0
"46"	1659425914.70927	0	0	0	0	0	0	0	0	0	0
"47"	1659428313.4812	0	0	0	0	0	0	0	0	0	0
"48"	1659430714.3584	0	0	0	0	0	0	0	0	0	0
"49"	1659433112.32331	0	0	0	0	0	0	0	0	0	0
"50"	1659435512.2594	0	0	0	0	0	0	0	0	0	0
"51"	1659437911.28195	0	0	0	0	0	0	0	0	0	0
"52"	1659440311.41103	0	0	0	0	0	0	0	0	0	0
"53"	1659442711.00125	0	0	0	0	0	0	0	0	0	0
"54"	1659445111.15288	0	0	0	0	0	0	0	0	0	0
"55"	1659447509.10025	0	0	0	0	0	0	0	0	0	0
"56"	1659449907.4812	0	0	0	0	0	0	0	0	0	0
"57"	1659452308.55013	0	0	0	0	0	0	0	0	0	0
"58"	1659454708.21178	0	0	0	0	0	0	0	0	0	0
"59"	1659457106.95363	0	0	0	0	0	0	0	0	0	0
"60"	1659459506.03634	0	0	0	0	0	0	0	0	0	0
"61"	1659461905.53509	0	0	0	0	0	0	0	0	0	0
"62"	1659464305.31328	0	0	0	0	0	0	0	0	0	0
"63"	1659466703.98371	0	0	0	0	0	0	0	0	0	0
"64"	1659469102.99499	0	0	0	0	0	0	0	0	0	0
"65"	1659471501.95489	0	0	0	0	0	0	0	0	0	0
"66"	1659473900.8985	0	0	0	0	0	0	0	0	0	0
"67"	1659476300.04261	0	0	0	0	0	0	0	0	0	0
"68"	1659478698.90977	0	0	0	0	0	0	0	0	0	0
"69"	1659481098.74436	0	0	0	0	0	0	0	0	0	0
"70"	1659483499.16917	0	0	0	0	0	0	0	0	0	0
"71"	1659485897.26817	0	0	0	0	0	0	0	0	0	0
"72"	1659488296.37093	0	0	0	0	0	0	0	0	0	0
"73"	1659490695.12531	0	0	0	0	0	0	0	0	0	0
"74"	1659493095.17794	0	0	0	0	0	0	0	0	0	0
"75"	1659495494.03634	0	0	0	0	0	0	0	0	0	0
"76"	1659497893.9411	0	0	0	0	0	0	0	0	0	0
"77"	1659500293.63283	0	0	0	0	0	0	0	0	0	0
"78"	1659502692.83835	0	0	0	0	0	0	0	0	0	0
"79"	1659505091.26942	0	0	0	0	0	0	0	0	0	0
"80"	1659507491.27945	0	0	0	0	0	0	0	0	0	0
"81"	1659509890.66667	0	0	0	0	0	0	0	0	0	0
"82"	1659512291.79198	0	0	0	0	0	0	0	0	0	0
"83"	1659514689.62907	0	0	0	0	0	0	0	0	0	0
"84"	1659517089.00376	0	0	0	0	0	0	0	0	0	0
"85"	1659519489.4787	0	0	0	0	0	0	0	0	0	0
"86"	1659521888.99373	0	0	0	0	0	0	0	0	0	0
"87"	1659524288.3584	0	0	0	0	0	0	0	0	0	0
"88"	1659526687.44737	0	0	0	0	0	0	0	0	0	0
"89"	1659529085.86967	0	0	0	0	0	0	0	0	0	0
"90"	1659531485.7594	0	0	0	0	0	0	0	0	0	0
"91"	1659533885.61905	0	0	0	0	0	0	0	0	0	0
"92"	1659536285.79699	0	0	0	0	0	0	0	0	0	0
"93"	1659538684.03133	0	0	0	0	0	0	0	0	0	0
"94"	1659541083.54386	0	0	0	0	0	0	0	0	0	0
"95"	1659543482.94486	0	0	0	0	0	0	0	0	0	0
"96"	1659545881.74436	0	0	0	0	0	0	0	0	0	0
"97"	1659548281.0802	0	0	0	0	0	0	0	0	0	0
"98"	1659550680.24687	0	0	0	0	0	0	0	0	0	0
"99"	1659553079.91604	0	0	0	0	0	0	0	0	0	0
"100"	1659555479.01754	0	0	0	0	0	0	0	0	0	0
"101"	1659557879.1203	0	0	0	0	0	0	0	0	0	0
"102"	1659560278.00376	0	0	0	0	0	0	0	0	0	0
"103"	1659562677.17419	0	0	0	0	0	0	0	0	0	0
"104"	1659565076.8797	0	0	0	0	0	0	0	0	0	0
"105"	1659567475.32707	0	0	0	0	0	0	0	0	0	0
"106"	1659569875.30827	0	0	0	0	0	0	0	0	0	0
"107"	1659572274.61779	0	0	0	0	0	0	0	0	0	0
"108"	1659574674.46617	0	0	0	0	0	0	0	0	0	0
"109"	1659577074.53509	0	0	0	0	0	0	0	0	0	0
"110"	1659579471.71554	0	0	0	0	0	0	0	0	0	0
"111"	1659581873.0188	0	0	0	0	0	0	0	0	0	0
"112"	1659584272.98371	0	0	0	0	0	0	0	0	0	0
"113"	1659586670.78446	0	0	0	0	0	0	0	0	0	0
"114"	1659589070.59649	0	0	0	0	0	0	0	0	0	0
"115"	1659591470.86341	0	0	0	0	0	0	0	0	0	0
"116"	1659593868.55138	0	0	0	0	0	0	0	0	0	0
"117"	1659596267.21679	0	0	0	0	0	0	0	0	0	0
"118"	1659598667.09524	0	0	0	0	0	0	0	0	0	0
"119"	1659601066.88471	0	0	0	0	0	0	0	0	0	0
"120"	1659603467.07644	0	0	0	0	0	0	0	0	0	0
"121"	1659605864.37594	0	0	0	0	0	0	0	0	0	0
"122"	1659608265.14662	0	0	0	0	0	0	0	0	0	0
"123"	1659610664.81579	0	0	0	0	0	0	0	0	0	0
"124"	1659613063.6203	0	0	0	0	0	0	0	0	0	0
"125"	1659615464.07519	0	0	0	0	0	0	0	0	0	0
"126"	1659617864.09524	0	0	0	0	0	0	0	0	0	0
"127"	1659620262.06892	0	0	0	0	0	0	0	0	0	0
"128"	1659622661.6416	0	0	0	0	0	0	0	0	0	0
"129"	1659625061.41729	0	0	0	0	0	0	0	0	0	0
"130"	1659627460.14411	0	0	0	0	0	0	0	0	0	0
"131"	1659629859.66667	0	0	0	0	0	0	0	0	0	0
"132"	1659632257.88847	0	0	0	0	0	0	0	0	0	0
"133"	1659634659.31078	0	0	0	0	0	0	0	0	0	0
"134"	1659637057.24812	0	0	0	0	0	0	0	0	0	0
"135"	1659639457.43734	0	0	0	0	0	0	0	0	0	0
"136"	1659641856.63409	0	0	0	0	0	0	0	0	0	0
"137"	1659644256.24937	0	0	0	0	0	0	0	0	0	0
"138"	1659646655.85213	0	0	0	0	0	0	0	0	0	0
"139"	1659649055.81704	0	0	0	0	0	0	0	0	0	0
"140"	1659651456.38596	0	0	0	0	0	0	0	0	0	0
"141"	1659653853.57769	0	0	0	0	0	0	0	0	0	0
"142"	1659656253.64411	0	0	0	0	0	0	0	0	0	0
"143"	1659658652.56516	0	0	0	0	0	0	0	0	0	0
"144"	1659661052.86717	0	0	0	0	0	0	0	0	0	0
"145"	1659663451.95739	0	0	0	0	0	0	0	0	0	0
"146"	1659665849.71178	0	0	0	0	0	0	0	0	0	0
"147"	1659668250.03258	0	0	0	0	0	0	0	0	0	0
"148"	1659670650.0213	0	0	0	0	0	0	0	0	0	0
"149"	1659673049.17043	0	0	0	0	0	0	0	0	0	0
"150"	1659675449.43985	0	0	0	0	0	0	0	0	0	0
"151"	1659677848.27694	0	0	0	0	0	0	0	0	0	0
"152"	1659680247.82832	0	0	0	0	0	0	0	0	0	0
"153"	1659682646.95363	0	0	0	0	0	0	0	0	0	0
"154"	1659685046.61404	0	0	0	0	0	0	0	0	0	0
"155"	1659687445.22055	0	0	0	0	0	0	0	0	0	0
"156"	1659689844.78195	0	0	0	0	0	0	0	0	0	0
"157"	1659692243.7995	0	0	0	0	0	0	0	0	0	0
"158"	1659694644.33584	0	0	0	0	0	0	0	0	0	0
"159"	1659696235.63659	0	0	0	0	0	0	0	0	0	0
"160"	1659698474.83835	0	0	0	0	0	0	0	0	0	0
"161"	1659700874.44987	0	0	0	0	0	0	0	0	0	0
"162"	1659703272.46617	0	0	0	0	0	0	0	0	0	0
"163"	1659705671.67669	0	0	0	0	0	0	0	0	0	0
"164"	1659708070.19424	0	0	0	0	0	0	0	0	0	0
"165"	1659710470.75815	0	0	0	0	0	0	0	0	0	0
"166"	1659712867.60652	0	0	0	0	0	0	0	0	0	0
"167"	1659715268.4386	0	0	0	0	0	0	0	0	0	0
"168"	1659717666.91729	0	0	0	0	0	0	0	0	0	0
"169"	1659720066.08521	0	0	0	0	0	0	0	0	0	0
"170"	1659722464.95865	0	0	0	0	0	0	0	0	0	0
"171"	1659724865.07018	0	0	0	0	0	0	0	0	0	0
"172"	1659727262.22306	0	0	0	0	0	0	0	0	0	0
"173"	1659729660.96115	0	0	0	0	0	0	0	0	0	0
"174"	1659732060.73308	0	0	0	0	0	0	0	0	0	0
"175"	1659734460.50501	0	0	0	0	0	0	0	0	0	0
"176"	1659736859.4198	0	0	0	0	0	0	0	0	0	0
"177"	1659739258.76692	0	0	0	0	0	0	0	0	0	0
"178"	1659741656.5213	0	0	0	0	0	0	0	0	0	0
"179"	1659744057.13534	0	0	0	0	0	0	0	0	0	0
"180"	1659746453.74436	0	0	0	0	0	0	0	0	0	0
"181"	1659748853.73183	0	0	0	0	0	0	0	0	0	0
"182"	1659751253.2995	0	0	0	0	0	0	0	0	0	0
"183"	1659753651.52506	0	0	0	0	0	0	0	0	0	0
"184"	1659756051.18546	0	0	0	0	0	0	0	0	0	0
"185"	1659758450.302	0	0	0	0	0	0	0	0	0	0
"186"	1659760849.8396	0	0	0	0	0	0	0	0	0	0
"187"	1659763248.87343	0	0	0	0	0	0	0	0	0	0
"188"	1659765647.08897	0	0	0	0	0	0	0	0	0	0
"189"	1659768046.74311	0	0	0	0	0	0	0	0	0	0
"190"	1659770446.3584	0	0	0	0	0	0	0	0	0	0
"191"	1659772844.6416	0	0	0	0	0	0	0	0	0	0
"192"	1659775242.83333	0	0	0	0	0	0	0	0	0	0
"193"	1659777642.81328	0	0	0	0	0	0	0	0	0	0
"194"	1659780041.75815	0	0	0	0	0	0	0	0	0	0
"195"	1659782440.49248	0	0	0	0	0	0	0	0	0	0
"196"	1659784839.51128	0	0	0	0	0	0	0	0	0	0
"197"	1659787240.03759	0	0	0	0	0	0	0	0	0	0
"198"	1659789639.20677	0	0	0	0	0	0	0	0	0	0
"199"	1659792035.75188	0	0	0	0	0	0	0	0	0	0
"200"	1659794434.42732	0	0	0	0	0	0	0	0	0	0
"201"	1659796834.70802	0	0	0	0	0	0	0	0	0	0
"202"	1659799233.3396	0	0	0	0	0	0	0	0	0	0
"203"	1659801632.61654	0	0	0	0	0	0	0	0	0	0
"204"	1659804031.22807	0	0	0	0	0	0	0	0	0	0
"205"	1659806430.92481	0	0	0	0	0	0	0	0	0	0
"206"	1659808828.78697	0	0	0	0	0	0	0	0	0	0
"207"	1659811229.33333	0	0	0	0	0	0	0	0	0	0
"208"	1659813627.84211	0	0	0	0	0	0	0	0	0	0
"209"	1659816026.97368	0	0	0	0	0	0	0	0	0	0
"210"	1659818425.75689	0	0	0	0	0	0	0	0	0	0
"211"	1659820825.61153	0	0	0	0	0	0	0	0	0	0
"212"	1659823223.58271	0	0	0	0	0	0	0	0	0	0
"213"	1659825623.04637	0	0	0	0	0	0	0	0	0	0
"214"	1659828021.8208	0	0	0	0	0	0	0	0	0	0
"215"	1659830421.16917	0	0	0	0	0	0	0	0	0	0
"216"	1659832820.16416	0	0	0	0	0	0	0	0	0	0
"217"	1659835220.11153	0	0	0	0	0	0	0	0	0	0
"218"	1659837619.4599	0	0	0	0	0	0	0	0	0	0
"219"	1659840018.34837	0	0	0	0	0	0	0	0	0	0
"220"	1659842416.66917	0	0	0	0	0	0	0	0	0	0
"221"	1659844816.16165	0	0	0	0	0	0	0	0	0	0
"222"	1659847215.36466	0	0	0	0	0	0	0	0	0	0
"223"	1659849613.62782	0	0	0	0	0	0	0	0	0	0
"224"	1659852012.66792	0	0	0	0	0	0	0	0	0	0
"225"	1659854412.07644	0	0	0	0	0	0	0	0	0	0
"226"	1659856812.13283	0	0	0	0	0	0	0	0	0	0
"227"	1659859211.26441	0	0	0	0	0	0	0	0	0	0
"228"	1659861607.11028	0	0	0	0	0	0	0	0	0	0
"229"	1659864007.13158	0	0	0	0	0	0	0	0	0	0
"230"	1659866406.04762	0	0	0	0	0	0	0	0	0	0
"231"	1659868805.99875	0	0	0	0	0	0	0	0	0	0
"232"	1659871204.19298	0	0	0	0	0	0	0	0	0	0
"233"	1659873604.52381	0	0	0	0	0	0	0	0	0	0
"234"	1659876002.5589	0	0	0	0	0	0	0	0	0	0
"235"	1659878400.7619	0	0	0	0	0	0	0	0	0	0
"236"	1659880800.38471	0	0	0	0	0	0	0	0	0	0
"237"	1659883198.96366	0	0	0	0	0	0	0	0	0	0
"238"	1659885598.698	0	0	0	0	0	0	0	0	0	0
"239"	1659887996.97744	0	0	0	0	0	0	0	0	0	0
"240"	1659890396.66416	0	0	0	0	0	0	0	0	0	0
"241"	1659892795.54261	0	0	0	0	0	0	0	0	0	0
"242"	1659895195.01629	0	0	0	0	0	0	0	0	0	0
"243"	1659897593.06892	0	0	0	0	0	0	0	0	0	0
"244"	1659899992.24311	0	0	0	0	0	0	0	0	0	0
"245"	1659902390.97744	0	0	0	0	0	0	0	0	0	0
"246"	1659904790.24185	0	0	0	0	0	0	0	0	0	0
"247"	1659907190.67293	0	0	0	0	0	0	0	0	0	0
"248"	1659909588.96115	0	0	0	0	0	0	0	0	0	0
"249"	1659911987.91604	0	0	0	0	0	0	0	0	0	0
"250"	1659914386.63033	0	0	0	0	0	0	0	0	0	0
"251"	1659916785.07268	0	0	0	0	0	0	0	0	0	0
"252"	1659919185.54135	0	0	0	0	0	0	0	0	0	0
"253"	1659921583.59524	0	0	0	0	0	0	0	0	0	0
"254"	1659923984.39975	0	0	0	0	0	0	0	0	0	0
"255"	1659926382.87093	0	0	0	0	0	0	0	0	0	0
"256"	1659928781.28571	0	0	0	0	0	0	0	0	0	0
"257"	1659931181.25313	0	0	0	0	0	0	0	0	0	0
"258"	1659933579.58521	0	0	0	0	0	0	0	0	0	0
"259"	1659935978.63784	0	0	0	0	0	0	0	0	0	0
"260"	1659938378.53759	0	0	0	0	0	0	0	0	0	0
"261"	1659940775.64536	0	0	0	0	0	0	0	0	0	0
"262"	1659943175.16541	0	0	0	0	0	0	0	0	0	0
"263"	1659945574.15163	0	25763.5956456358	0	0	0	0	555.469419105956	6206.61066785736	7.77420451552951	48206.8901149945
"264"	1659947973.37719	0	15199.2733311017	0	0	0	0	185.585706872365	3099.18396779186	4.36262635276151	25676.9377697949
"265"	1659950374.09649	0	7184.15493251295	0	0	0	0	141.025108279776	1910.4393986587	1.84378066875975	11884.7663665258
"266"	1659952771.96241	0	7758.55874671349	0	0	0	0	145.310558830235	2187.84529018367	1.80960536671742	12648.7189561592
"267"	1659955170.7193	0	7463.50828833037	0	0	0	0	128.058206812717	2032.54039894684	1.48280235762175	11586.685555392
"268"	1659957569.50877	0	7567.70455817394	0	0	0	0	122.968307579247	1715.99279337234	0.878591089462404	9487.97041438438
"269"	1659959970.03759	0	7894.70771508162	0	0	0	0	133.313427012428	1557.96077852895	0.904617173781807	8735.4979418206
"270"	1659962369.30827	0	9829.31226016094	0	0	0	0	142.421989616023	1622.6798246336	0.860520891946482	8876.33508415094
"271"	1659964768.61404	0	12072.9197134059	0	0	0	0	155.779830021996	1515.77288496334	0.531416345141496	9510.04259805965
"272"	1659967168.61654	0	11212.1061571913	0	0	0	0	126.108779635974	1263.617671422	0.331987346096427	8014.50827907832
"273"	1659969567.09273	0	13784.9107936848	0	0	0	0	145.108438385485	1855.10309442172	0.835525921980116	8673.79023606363
"274"	1659971966.55013	0	10032.3218626236	0	0	0	0	117.046717797982	1385.7603888163	0.493270820135108	6902.87841503342
"275"	1659974366.30451	0	7738.70407326019	0	0	0	0	107.836738360707	1454.9846578516	0.660771974332525	5996.98062821383
"276"	1659976765.66917	0	7409.30262423309	0	0	0	0	109.209198665391	1334.21090164031	0.503820459440808	6242.56861517352
"277"	1659979165.80201	0	7287.53853589203	0	0	0	0	125.875982772988	1330.80590224747	0.787990099351869	7049.58819919938
"278"	1659981564.10276	0	7635.29270360552	0	0	0	0	124.247540642735	1503.18384284658	0.908525945692631	7961.99599429663
"279"	1659983965.0188	0	7385.80382766022	0	0	0	0	115.565835803459	1214.37351552662	0.572855551391799	7717.2090755064
"280"	1659986363.82581	0	7585.44729796272	0	0	0	0	135.602001016802	1539.66800507403	0.960714426550818	8474.76367001543
"281"	1659988762.77068	0	7638.45545958164	0	0	0	0	114.860079761541	1275.47969793269	0.589363882639582	7976.20025850919
"282"	1659991162.34336	0	7382.1561495847	0	0	0	0	126.401568361227	1690.29797673129	1.14992520229358	8616.64225100714
"283"	1659993561.54135	0	7707.44525840466	0	0	0	0	138.129696991497	1635.33314409557	1.09496791356027	8573.0277579395
"284"	1659995960.52381	0	7381.87146777823	0	0	0	0	119.121557825786	1413.7473368812	0.794539714472858	7945.73117658642
"285"	1659998360.61779	0	7618.65618862451	0	0	0	0	140.023473391119	1534.44903270203	0.863730062105903	8553.8989545795
"286"	1660000759.74311	0	7376.01755830638	0	0	0	0	129.658127006483	1398.34593273986	0.998850555875653	8069.35141947985
"287"	1660003157.96366	0	7611.99964038762	0	0	0	0	122.033156938028	1306.93056711284	0.789736683351345	8535.69985509542
"288"	1660005558.51629	0	7657.45391511749	0	0	0	0	113.323145033142	1456.51342611003	1.07531439912028	7644.38933377449
"289"	1660007957.40226	0	7348.27622996882	0	0	0	0	133.477406673918	1497.56739442523	0.999402421497191	8164.80160015373
"290"	1660010355.79323	0	7359.52371190314	0	0	0	0	127.463972879404	1466.85816388224	1.0534511710374	8059.86839475241
"291"	1660012756.73434	0	7387.99549042362	0	0	0	0	122.304955281539	1526.92618401665	0.936320463184605	8126.58703617487
"292"	1660015155.45238	0	7599.34148139601	0	0	0	0	137.439359464411	1504.50516386173	0.832839204151817	8121.01787116418
"293"	1660017554.88596	0	7194.79451199079	0	0	0	0	107.414469028279	1335.06722134474	0.78211116098527	7086.80645010843
"294"	1660019954.96115	0	7405.17308861938	0	0	0	0	108.502950607113	1351.19437857194	0.856444858896937	7263.58575598079
"295"	1660022354.01629	0	7486.77416918307	0	0	0	0	105.720383449191	1303.36160253494	0.813146120662898	6811.89792743985
"296"	1660024754.40852	0	7459.31343133322	0	0	0	0	83.4343648099611	1292.65070875023	0.562003208003643	5586.04547990146
"297"	1660027151.66416	0	7525.86453872859	0	0	0	0	223.051771055504	2055.91093942446	0.680374357838909	6495.87089237861
"298"	1660029551.58897	0	7335.46682579077	0	0	0	0	78.6625755625352	1899.6448524071	0.332575414952824	4702.0549693628
"299"	1660031951.6604	0	7222.76788989679	0	0	0	0	83.3432650593131	1654.41998168128	0.383631795896233	4107.16340742798
"300"	1660034351.07143	0	7469.86471439161	0	0	0	0	96.7015838873639	1952.75031065603	0.446962948098287	4191.40478122345
"301"	NA	0	NA	0	0	0	0	NA	NA	NA	NA
"302"	1660037977.35464	0	7278.53029541721	0	0	0	0	-3.32448065625716	-4093.32868910101	-3.57978310610267	-27.8591421846727
"303"	1660042190.90727	0	7314.8722201475	0	0	0	0	199.863480333523	2686.13604322099	0.697261835409731	4593.30186060903
"304"	1660046574.65915	0	7164.01289878867	0	0	0	0	171.875200894986	2172.70071420487	0.349810795862795	3739.72684910395
"305"	1660048973.30702	0	11125.8154335824	0	0	0	0	79.8776517375395	1141.73311567841	0.348675584587852	3718.95467980705
"306"	1660051371.91855	0	15369.7143459735	0	0	0	0	39.8288857488617	508.703508842446	0.16240657865229	4081.8811873065
"307"	1660053771.29699	0	23636.6735482171	0	0	0	0	105.740566228176	940.987706507316	0.407373815746133	6520.96050440895
"308"	1660056169.61153	0	25187.987973886	0	0	0	0	110.077920735497	900.630169357323	0.0418352999786505	6924.49419848221
"309"	1660058569.50125	0	22447.018947071	0	0	0	0	90.0948943926543	957.86669827557	0.0919993125744954	5780.47105026999
"310"	1660060968.20301	0	23129.4478689558	0	0	0	0	95.3788640383086	942.415361945911	0.245103969930331	5987.83290428779
"311"	1660063367.02256	0	20479.0243507877	0	0	0	0	98.0844427207724	958.320085455232	0.18087301086167	5728.76190130929
"312"	1660065765.80326	0	16199.8526399686	0	0	0	0	57.3651428093681	940.329641471536	0.0650711488156883	4341.13962951415
"313"	1660068164.55764	0	14482.1081476219	0	0	0	0	51.4689622516661	1254.77052915497	0.206793374851449	4587.88102578227
"314"	1660070563.67669	0	7508.16162510199	0	0	0	0	90.806902870248	1999.47996091482	0.521946797523401	4275.21041184648
"315"	1660072962.49875	0	7343.87725527833	0	0	0	0	89.9429880785963	1593.33519178767	0.254076228574498	4120.18229170121
"316"	1660075363.19424	0	7274.57734329291	0	0	0	0	89.4934576201163	1646.64465851327	0.530623927788006	4411.69191490626
"317"	1660077761.22682	0	7128.54374363649	0	0	0	0	87.2192477168859	1688.72594486506	0.412874305058202	4289.11273573108
"318"	1660080160.44737	0	7073.48494707081	0	0	0	0	91.2552641521077	2181.23367219392	0.620666012374334	4620.56349178223
"319"	1660082559.07519	0	7244.88475061608	0	0	0	0	88.8369742647115	1450.90171849257	0.181850092319178	4777.09761206179
"320"	1660084957.79574	0	7094.20497570824	0	0	0	0	82.824948682871	1425.16568987637	0.359612487579133	4675.28807532961
"321"	NA	NA	3768.54749527702	NA	NA	NA	NA	58.6434309459489	1280.42419601771	0.2548610736924	2933.9004835753
"322"	1660091949.0614	0	3331.07809156066	0	0	0	0	54.0357520249052	1185.94404350636	0.168537132037111	2801.85815869144
"323"	1660094348.18296	0	3013.23360259286	0	0	0	0	51.6613835217316	1167.54104094543	0.226355927944442	2756.43132732052
"324"	1660096747.46617	0	2641.49790321744	0	0	0	0	49.2767537779185	1205.61579865862	0.204744873807938	2655.32649230634
"325"	1660099146.01378	0	2229.64004433066	0	0	0	0	46.3978942154494	1155.45460766443	0.276347770654059	2316.14476125526
"326"	1660101544.95614	0	2216.52717487477	0	0	0	0	43.1648837005611	1110.802334324	0.292026735057585	2363.47917341114
"327"	1660103945.05514	0	2136.40353239077	0	0	0	0	44.9494980161569	1241.00773114896	0.295372713106349	2498.73338281531
"328"	1660106343.01128	0	2083.15617932568	0	0	0	0	39.5040852265656	1070.27169386055	0.297142001017915	2315.03251277843
"329"	1660108742.35714	0	2730.80367765249	0	0	0	0	54.351557605006	1283.1186463041	0.325671940956712	2649.67260674036
"330"	1660111141.91228	0	4079.25635446846	0	0	0	0	61.8295864480865	1258.58339117831	0.308328363857699	2997.92682719376
"331"	1660113539.61654	0	7705.86035779635	0	0	0	0	88.3343057232819	1738.32927445246	0.301851612473618	3688.73276934897
"332"	1660115939.65539	0	8708.56458229668	0	0	0	0	78.3017470108735	1751.27265062787	0.326777829394496	3956.65602950918
"333"	1660118339.30075	0	7371.22150310967	0	0	0	0	59.9092028974614	1370.32347254293	0.201825833130048	3269.7889084832
"334"	1660120737.62531	0	7156.87870915663	0	0	0	0	88.4664945229108	2077.29466181542	0.526728787633319	4293.74250962357
"335"	1660123136.12907	0	7200.98633484107	0	0	0	0	71.6180817803887	1159.38359999695	0.252108607653328	2949.6505391473
"336"	1660125534.10276	0	7206.96615465176	0	0	0	0	62.9268848767788	912.076436663065	0.249465972530136	2659.84365121731
"337"	1660127933.54135	0	7688.22232532663	0	0	0	0	56.7881531713776	1000.14494002021	0.0640040094848073	2418.87121131213
"338"	1660130333.75313	0	15535.7895231003	0	0	0	0	89.9529235964118	651.131759782527	0.0777861453167204	4595.11655766559
"339"	1660132732.80576	0	25106.4034703683	0	0	0	0	60.3318073219301	663.712263625466	0.0788629070642163	4999.69703036964
"340"	1660135132.02506	0	24989.2752151149	0	0	0	0	34.0791349745707	526.416570586019	0.0512212488465185	4013.6368051091
"341"	1660137530.97368	0	24910.9970036955	0	0	0	0	38.7544848774538	595.41678260341	0.197961504972317	3937.81478613253
"342"	1660139930.60401	0	24804.5595122198	0	0	0	0	61.9756722449558	485.29760047029	-0.0659300210598714	4237.59267627397
"343"	1660142329.92356	0	25008.7546806757	0	0	0	0	74.5161861269431	720.365860634885	0.179334652258023	4399.00223676342
"344"	1660144729.61654	0	24975.0192968493	0	0	0	0	79.2648770975096	905.065470522136	0.535896661330776	4378.70380442778
"345"	1660147128.33459	0	24774.30594809	0	0	0	0	91.6704446255688	958.976662998977	0.425947284250568	4650.54477350807
"346"	1660149527.26692	0	25416.4560970532	0	0	0	0	101.865337877423	900.306478043354	0.521192758640184	4915.30091177657
"347"	1660151928.12406	0	24481.7900264315	0	0	0	0	117.453952071923	1465.04646388593	0.746452196805949	5911.64873068439
"348"	1660154327.50752	0	21234.1274722041	0	0	0	0	114.793347559993	922.824857192612	-0.100973032524438	5821.18097592646
"349"	1660156725.9787	0	17525.554681613	0	0	0	0	62.9004262277626	690.730358513748	0.101112252217676	4175.56424799613
"350"	1660159125.802	0	14831.1511431946	0	0	0	0	65.6986658633678	1098.9593942996	0.162121879825997	4785.3170394411
"351"	1660161524.5401	0	7647.33615259813	0	0	0	0	97.1753956059107	1404.91286097715	0.184128595458251	4035.00314975553
"352"	1660163923.56892	0	7548.30764790813	0	0	0	0	99.1029308205443	1431.77395018429	0.252187925710638	3737.89677034506
"353"	1660166323.46115	0	7034.23203327281	0	0	0	0	86.3138655764916	1478.49890488021	0.264850362941317	3494.96791109734
"354"	1660168723.23935	0	7636.78080135416	0	0	0	0	104.873868204269	1723.33830702022	0.22794160515035	4655.77636899649
"355"	1660171123.05013	0	7626.77607153417	0	0	0	0	102.19747832085	1359.72290178484	0.288791824527234	4783.75834973858
"356"	1660173521.67419	0	7616.7810981445	0	0	0	0	124.513865141885	2775.828075267	0.635389453955507	5977.19968528374
"357"	1660175920.77694	0	7606.7759609356	0	0	0	0	141.288533653638	3167.66350807263	0.661650523480787	6347.97192384132
"358"	1660178319.42481	0	7596.78394372452	0	0	0	0	142.904407082774	2660.14443491704	0.542511775455699	6651.58646141087
"359"	1660180719.5213	0	7586.77996600545	0	0	0	0	149.933914025229	3247.20631253492	0.908855700132232	6149.67294089875
"360"	1660183119.49499	0	7576.77738803105	0	0	0	0	115.188457990022	1581.06861466398	0.594008539406629	4957.45792758729
"361"	1660185519.38596	0	7566.77461158609	0	0	0	0	128.384140684831	2169.96046450223	0.358409084015461	5349.97282252928
"362"	1660187917.70175	0	7556.77516736918	0	0	0	0	125.626014437366	1782.76332754576	0.631341565694649	6314.61189411388
"363"	1660190316.69424	0	7546.7744905417	0	0	0	0	131.038292731126	3443.5645295668	0.675316780409153	6398.50935148389
"364"	1660192715.02256	0	7536.78609804358	0	0	0	0	122.869735651347	2185.90355068174	0.657228986579326	5980.59866663773
"365"	1660195115.09148	0	7526.78180694896	0	0	0	0	90.7379555041501	1822.36244710962	0.327883713244734	4190.09623945458
"366"	1660197514.77068	0	7516.78115101312	0	0	0	0	90.2541785447172	1910.41352294925	0.424917488557832	3777.83818493666
"367"	1660199914.29198	0	7506.77847902635	0	0	0	0	101.075364149555	1679.97210715307	0.46340424563386	4263.2533672088
"368"	1660202314.42481	0	7496.77230767744	0	0	0	0	92.8956854368235	1735.70170380293	0.329202219999941	3506.1231140003
"369"	1660204713.42356	0	7486.77374091227	0	0	0	0	98.566568260822	1776.68072507931	0.328311068265391	3069.12404968116
"370"	1660207112.0589	0	7476.7782034474	0	0	0	0	96.9360273527195	1136.95819716456	0.367608397591731	2956.55547234608
"371"	1660209512.46366	0	7466.77063235284	0	0	0	0	97.7183475142289	1362.0116004079	0.253658251241916	2761.51611182842
"372"	1660211911.23308	0	7315.9499972726	0	0	0	0	109.556713533292	1395.40690862964	0.342639936752974	3467.96083255276
"373"	1660214309.82707	0	5745.876711868	0	0	0	0	75.6558378158808	1416.83821690758	0.207433912304284	2345.33996886345
"374"	1660216709.93484	0	8303.85707929454	0	0	0	0	50.9316698547571	770.294217985428	0.0924135097143248	1943.28946122943
"375"	1660219108.099	0	20795.5102073534	0	0	0	0	152.295680897414	1553.77787420682	1.11031367959902	6510.97281248153
"376"	1660221508.38972	0	26625.7540877279	0	0	0	0	148.814938956686	2018.29576033087	0.777977741799457	8965.9419480078
"377"	1660223906.96617	0	26087.447009388	0	0	0	0	-15.2708335038948	14463.2080494436	0.645406510768295	9224.64210988617
"378"	1660226307.3584	24500.6500480962	26705.2688937184	68.9189393666215	7924.10303806144	3.49104764213537	24968.0910568245	51.0851707792965	8647.72373284221	0.0227198025478268	7129.65926241608
"379"	1660228707.43358	25530.0869216579	26883.6802462646	109.252632987893	5200.82572338061	1.27631684644612	17468.1538223991	51.8224944528776	9730.82556977203	0.239761756450798	7597.45596078956
"380"	1660231106.18922	25565.4105278516	26450.7545374204	108.010489757816	5653.02430712133	1.08935468594063	15417.3118096884	60.053964378838	11542.1612833711	0.434351894402875	7724.70087583689
"381"	1660233505.83083	25496.0669039395	26509.8833326413	102.568989120671	5046.28114247864	0.71285239986102	14347.408419925	62.3667083987993	14583.8613273138	0.327914434008365	6850.88950174024
"382"	1660235904.45614	25768.1480468245	26349.3915262661	101.952395595886	6086.60490987697	0.78915984348481	12954.293159755	48.1159098651649	9941.34950112475	0.194613067089714	7628.2829301927
"383"	1660238304.62907	25504.6567998494	26453.3288119224	90.0878884092693	5374.82921825009	1.12571847449118	12083.9344895422	54.2340699375535	10219.8878666877	0.704959005476249	7585.94908946168
"384"	1660240704.41103	25236.3740338029	27130.3320657398	93.0208216664265	4516.23872166738	0.326052076544965	11558.7109198835	48.0975890809	13182.5369734914	0.335266377599036	5354.36886978322
"385"	1660243103.37719	24533.9416608972	26061.5616449218	157.134942324586	6646.67182894615	-0.0254846040293632	11940.5000231368	44.848746959776	10150.7627965578	0.315451396892059	5134.90007501566
"386"	1660245501.99373	24229.8469491709	25496.4218083044	160.135437439423	7526.82201036218	1.93511601140746	13028.2885974464	43.2626087158621	10630.031283667	0.524779985275036	6095.88056703547
"387"	1660247902.03258	23780.0457758947	25766.7605082843	126.993136629973	7004.33490153987	1.20408759327782	11400.7914556598	49.4970206688367	10278.2249359446	0.45209943808523	6839.32597037629
"388"	1660250300.61404	20835.1408318137	25110.188545147	102.805128548533	5599.93545797743	1.14359843302698	10573.9975722854	38.5581628966742	9434.53585154265	0.71919499201324	6629.93854172776
"389"	1660252701.26441	16736.0651826825	24361.7888275426	102.905229731094	3410.70013793904	0.68865810475771	8708.29775213764	52.1226287854588	9596.3829930939	0.454164962347923	7053.32391401889
"390"	1660255099.63659	15416.7774516579	21624.9569653327	92.9538114495482	3968.06622346435	0.981373970200955	8509.90390329968	41.6921034840932	8866.0225597338	0.25322484943031	7213.31538959446
"391"	1660257499.48246	11982.6847435139	16429.6415741428	125.80374787785	3353.24863989554	0.535980300872595	8986.88913071604	38.2970561165686	7395.23648474131	0.152686070019184	6335.04014728816
"392"	1660259898.46491	7451.68451274822	15213.4138590575	107.668900129906	4145.26713861375	0.903503271584515	6894.60310377745	40.4986906698359	8443.05695966998	0.593521300424652	6970.54513466573
"393"	1660262297.89599	3158.37162201499	14135	67.4296998638404	2551.85719890672	0.457580932509687	3532.91016798662	37.3156695568226	8104.68438346578	0.521573933131138	7027.79665885287
"394"	1660264697.08271	1986.68525937434	9928.55045803155	58.1450189704936	2013.02292328826	0.349558301738675	2485.63375938453	88.5019723876302	9204.78385287983	0.834538764341282	6221.08137242372
"395"	1660267096.94486	1907.16356059193	8624.15199741017	55.9550104365589	1980.35131670006	0.38471791363868	2547.36238239411	84.3211806691431	8292.00482718064	0.602940564455868	5638.91538977533
"396"	1660269495.75564	1788.44995183104	8425.98633452464	53.3562660950494	1931.91284606263	0.400785679213709	2459.72669008713	79.0976578678823	8204.6961067592	0.685234854627521	5597.24025058845
"397"	1660271894.74185	1885.69348360465	7365.61981987254	58.7961593926739	2025.61486426963	0.425028207084482	2654.23166733103	77.8739768928856	7895.73906958405	0.687034769113929	5298.83422869597
"398"	1660274295.72807	1745.24798807055	7492.84204674086	57.4947045548099	1946.91834793439	0.463227382405944	2484.60975640145	73.1664508412345	7465.4279740735	0.616348884504579	4996.43182533736
"399"	1660276693.92105	1799.32307751428	7508.00928511533	59.4213280968363	1987.21684779832	0.494498292122726	2604.75572655034	84.8472622204902	7787.52413715551	0.605331771417518	5619.7586758093
"400"	1660279093.17043	1790.99617315891	8616.23487355887	55.4654614032051	2075.57177024977	0.502563410701474	2659.48882571343	93.6551124071974	8467.65040391411	0.7359401558608	6136.4225839216
"401"	1660281492.75313	1500.31114913217	8632.46155288206	52.9624250857829	1802.22135184418	0.365708554946361	2263.96221565791	107.879653185105	9604.08839058748	0.863979753554984	6364.70519519927
"402"	1660283891.42607	2496.87768886226	14070.201626528	63.4119925999885	2528.41572279338	0.534840493424364	3123.81906178079	29.5739782044073	9288.84385819724	0.680539776155736	7756.99677922245
"403"	1660286292.69048	3675.34126997034	14989.2938891312	62.9867082578429	2345.12462430282	0.388019725604575	3933.99165099878	18.3911971869616	8476.56245664894	0.831091052501991	7918.69226524599
"404"	1660288690.44486	8534.43556558089	17732.839666076	101.407682280252	3928.92619304641	1.03139928026603	6949.91154471634	55.3787324337694	8466.61545012632	0.77848477674278	6701.71150643727
"405"	1660291089.5401	11547.5244001706	25496.9966006334	148.146268151946	4698.22696475149	1.04647854226313	8472.8254951061	71.6725453730143	10563.7640311995	0.723488240547579	9006.12160014913
"406"	1660293488.71053	13617.7206384923	25153.3485757092	100.07698658132	4251.14153515436	0.878346016719999	7687.51402068752	60.668313199728	9719.07603966164	0.664934529578932	7437.53731914668
"407"	1660295889.56642	21308.4736014147	25393.7279543469	163.092214700756	5894.92266362263	0.922519166599861	10196.3026791038	47.1578951856861	7348.80214521626	0.521912952349474	7769.22754737581
"408"	1660298288.55013	24970.7090432744	26362.7998467287	147.582608592984	5012.17246162154	1.5547017430534	14664.3650571828	61.1246674032846	7451.42725290194	0.252702597492766	7727.33963653712
"409"	1660300687.91479	26107.5392363962	26586.4745119645	99.4979383397373	4205.63893600536	0.619902753857666	10376.8267133948	54.5960728823717	8155.14171093022	0.677624369860763	7440.19981912005
"410"	1660303087.50752	25762.3006653499	26310.7628878305	111.027935584662	4873.93601638388	1.27296172774448	10500.3129440872	49.1237965701756	8186.76020445498	0.606489712714688	6696.0808771703
"411"	1660305485.67043	25828.2136893031	26810.1819729346	106.345398135847	4614.83867277679	0.767620507078959	9474.4330042842	53.1512715291961	6775.76526198437	0.514159381877446	6239.00917658375
"412"	1660307885.57769	26576.6341031048	26277.1354113573	100.956844480369	4285.53480653219	0.578500169771011	9606.48724414863	58.5538238067407	7921.36542248851	0.825051207192165	7047.42754576766
"413"	1660310284.46617	26521.0230250972	26702.7319858374	97.1734153047284	4502.91687990943	0.570856167057027	9278.16509934805	51.2728775571446	7775.85315164281	0.46552423851039	6363.59397516959
"414"	1660312683.72682	26589.0598052673	26540.8848653097	90.5959714336953	4999.39094669826	0.500274614922931	9451.40264057797	63.91846730347	8122.92588395027	0.513789942885351	6693.21512754704
"415"	1660315083.04887	26223.0025765475	26336.683430454	99.9494273662152	4625.5653399967	0.749171253412457	9080.43964172758	59.0306153148178	8026.97486202703	0.540164503579049	5990.87216465197
"416"	1660317483.71554	26230.2006570785	26421.3138056002	93.1839256830624	4187.00395684598	0.187879424081081	9021.332292123	67.4690296965331	7862.68855441441	0.135657814496935	6386.10727327171
"417"	1660319883.94361	26568.816562862	26737.4270219338	94.7003886438443	4871.39905785293	0.740636094993811	8728.71067346346	66.60865988457	8251.54478504388	0.0332934624177222	6585.61354134395
"418"	1660322282.78571	26623.1015121234	26362.0599162957	89.6045811017249	4570.91802461464	0.607509746664315	8817.14052468533	56.7776373268882	8027.10787931811	0.400245329959852	5999.68428872831
"419"	1660324681.25439	26391.2792041946	26811.6680805318	95.1316569425606	4359.43733764965	0.702114263127164	9029.58943903826	60.3717540433787	7771.61603439576	0.858595240515099	7090.60562850195
"420"	NA	26827.7311196643	NA	114.031780287721	5109.46665098992	1.15655567058782	9586.82893374302	NA	NA	NA	NA
"421"	1660329615.38346	27051.2241091583	26779.1083882892	95.7517489716479	4330.55506901323	1.37827711021347	8952.71932166021	51.7208089930262	10349.012377687	0.494287217245884	4280.97074286741
"422"	1660332014.64411	25227.5002765789	25524.2634092198	162.21859634565	6214.0480947698	1.33467842788296	9724.97105211347	57.4726272337119	8477.7002421993	0.570199487098844	6088.4922917671
"423"	1660334414.51128	24748.2848979667	25432.8059935571	149.149121263044	5457.75083874795	0.870637547525189	10177.6723911735	52.0449507696701	8548.14623632402	0.568919787271984	6088.21783294888
"424"	1660336812.30576	24989.1131499946	25840.6958634011	148.569372196258	4959.4393180341	-0.23342058452228	10656.8656672385	50.3316439762417	8459.18696945162	0.366677537625009	6378.93459322794
"425"	1660339212.78947	20478.3874519474	22997.6451313509	102.614813850567	4059.38186556467	-0.0827734034589771	8153.77543011369	45.1181990922713	7747.88466958507	0.462211380984993	6037.23466709747
"426"	1660341611.76692	19697.6577024218	24701.7683608011	103.172532948739	3806.81069961278	0.154556132208565	7733.34194889696	51.3380609140039	8771.04492391077	0.775483577162667	6324.97669215342
"427"	1660344009.1416	15209.6934494123	16833.4703556222	77.5867143398568	4362.19819008407	0.619718389440147	6178.43132586926	42.7909264077967	7241.86358526027	0.739221428888702	6043.7487028531
"428"	1660346408.61654	11313.3857014889	15817.9701919833	116.326997065828	3596.65995928401	0.333074771656157	6912.60021465505	35.9293354201546	7512.11815704682	0.502916118524835	5665.96986653797
"429"	1660348807.7381	6656.96043426174	14692.1455118308	99.0361104173228	3784.77710315107	0.63752619895507	5073.02977003922	37.3890495111861	6967.05120662614	0.398127602740969	6957.86026258188
"430"	1660351206.82832	3636.17194784504	11606.0471628573	63.9344792175221	2351.09732294595	0.265342371340532	3050.67847304088	56.8957124841456	7312.99320889251	0.448582575195303	4199.86637691849
"431"	1660353604.67794	2455.86079786384	11035.3121002781	58.2566216258302	2058.89518998502	0.373048804456104	2363.7770156244	92.6198767413835	7791.66882434545	0.570515286034666	5840.36361272906
"432"	1660356004.90226	2223.10143561607	10468.4288149141	59.5891632910923	1894.01859138942	0.283424334857355	2157.79538323503	93.4525588054866	7834.35895694541	0.703375513726928	5501.62596568273
"433"	1660358405.33459	2128.71772900884	9388.06714332426	60.0127713387015	1945.84680627054	0.319638180658035	2192.79318359008	79.7843470412805	7426.72676141711	0.455196348769122	4930.08163176757
"434"	1660360803.98371	1774.56806627178	7605.18650349812	54.3586361469198	1672.1016383221	0.258983252018174	1933.66235320227	67.0459511220482	6245.46469403543	0.359576492122034	3726.4175467428
"435"	1660363201.73559	1633.84991857237	8118.92240954421	56.8344921924996	1741.530865332	0.304625282290515	1837.63122096333	72.1960324213096	7173.96740612762	0.519274738589727	4281.29867122953
"436"	1660365600.88095	2033.18262896972	8196.901385357	60.6947038403001	2023.69813171831	0.378103154406526	2255.91649067857	79.462538170408	7245.01996887956	0.510516010050127	4085.61454402068
"437"	1660368001.61529	1911.54478837321	10045.3285854283	58.1747451088256	1972.12769045663	0.377708965791504	2098.43566936868	84.9470180536024	8179.32580507788	0.699519912510583	4732.91739500133
"438"	1660370399.98997	2757.82120825181	14716.587333527	68.5454549541295	2375.9386010685	0.435451019239171	2696.41963710322	57.3289991023915	8345.43206542367	0.549087015508294	6369.80110428356
"439"	1660372799.42231	6578.38866202328	17692.478350694	97.288489779254	3606.92460915002	0.73150243740488	4879.21612007882	44.500627228865	7638.45481033611	0.466524408631863	4738.60691957258
"440"	1660375198.24812	11615.2238353304	25803.4408757322	106.075520287276	3632.95177466312	0.539247572176023	6289.91174240659	91.1191840009792	11109.8825918495	0.555883672839833	6926.49115882336
"441"	1660377596.63033	14905.9993473082	25473.2895977527	111.089989922091	4065.60673641788	0.292286376881969	6182.48747588136	69.1024751966367	11479.2881459724	0.499798169053192	5833.01239538132
"442"	1660379996.27318	24975.6097447226	25358.1602462046	127.618931468206	6035.34032146529	0.986947314476668	7425.72451835609	91.5887955309117	11237.6319013487	0.37524467112859	5553.32726468457
"443"	1660382395.86341	24990.3820680034	26602.5557324783	218.605109413115	7534.02599074446	0.822531946636532	7871.01893410166	57.8782024317016	7863.30274531142	0.215195504982114	6431.26720713466
"444"	1660384794.61905	26089.6440895812	26642.134135902	84.223437629152	4172.59375636239	0.539825214721434	8791.85493801439	48.1883478009466	7518.51458913777	0.199864201148323	6061.50691133088
"445"	1660387193.03133	26581.4058454754	26829.9958740614	108.812573855604	5886.89128130074	0.407954305266592	8863.32252370039	58.8385043144553	9152.44819270355	0.172626264599957	5465.62859889517
"446"	1660389591.14035	26449.586645499	26325.271062292	101.244224575888	5283.62123243676	0.839185017835189	7874.14314132966	68.6434502429564	8831.06647653221	0.496161607709428	5290.11467589183
"447"	1660391990.84336	26025.4096779308	26564.4566265123	105.991565253009	5216.59473030168	0.490092111102622	7734.19964007867	70.6941314946121	9420.91733555203	0.354766596505192	4970.89383688001
"448"	1660394390.53634	26262.6813481042	26823.3613297612	103.089328060902	3856.32059063266	0.290538019996304	7485.88881755318	68.8994403466898	8218.89439412499	0.664276347120837	4897.46681492705
"449"	1660396789.41729	26316.0005084751	26786.5433639825	96.2904612995066	5373.73193786888	0.478588303153131	7103.05044469729	56.2059118870058	9150.3583927416	0.261202110773747	5116.12025687372
"450"	1660399188.12782	26219.4523913084	26804.1738378806	106.117154636087	5768.88428502483	0.511507562055063	7845.92504764488	72.0866511979104	9397.64784250876	0.563849500038859	5085.24432059094
"451"	1660401587.56767	25804.5134380985	26687.7482287657	99.6199252302687	5012.63359967438	0.637809848911147	7181.26248419198	54.7675324375551	8850.80088780046	0.516734210684342	4874.97291659146
"452"	1660403985.46992	26607.6257252558	26685.5347662181	92.379312043945	4718.28177036606	0.340983426753872	7429.07837960785	68.4468463094918	8704.09315787238	0.362358498221188	4439.8746895836
"453"	1660406385.80702	26221.9666869254	26363.7255934799	94.71426435507	4546.93087331033	0.369214459735618	7254.10103763032	70.7727260292171	9390.86370071979	0.276987749282084	4240.96635560227
"454"	1660408783.67794	26018.4337269649	26650.3906209254	98.5755160781391	4996.24721484336	0.76068776419205	7441.66461437283	62.247731453424	9098.69897534711	0.304116753799517	4309.28338953065
"455"	1660411183.54135	26501.1198125307	26649.1184315174	96.2141566598735	5099.14531166082	0.402277221818863	7057.74070593062	62.403165310239	8993.20887854035	0.34800878895731	4595.63093363273
"456"	1660413582.5213	26415.5570725312	26605.2249451831	104.970102506213	4907.9422671046	0.309150304035926	7563.71799865504	64.5867563169366	8854.36126890054	0.119830935598489	5096.70184186852
"457"	1660415982.16291	26251.0980521971	26734.6077443106	98.2381055747215	5218.63573509439	0.734630075703557	7698.84547590899	73.0380839270354	8619.34051932947	0.19214981096878	5046.17054543755
"458"	1660418380.26942	26620.0160049012	27317.1679761662	100.135228211742	4174.90170949649	0.412314159109551	8224.006153512	74.1037576558845	9004.30909555979	0.430969119104921	4548.95643314292
"459"	1660420779.7406	26664.2874836171	25817.7065879688	105.775103222422	4364.73833891783	0.568776603057913	7727.60257318448	69.6335189477309	9482.76649406463	0.70280417754141	3843.03309954216
"460"	1660423179.03509	24736.2369000511	25370.2923379523	179.394349163546	6479.95626204784	0.930355854408686	7874.04179833722	83.2007791461323	9953.04172475803	0.470613348833885	4206.08265637399
"461"	1660425577.86591	24853.5586081883	25249.9757534607	160.080127604131	6412.15127433124	0.58527373292617	8312.01793459931	68.1576374463826	9720.44904424584	0.315840284708283	4637.57605730978
"462"	1660427976.68045	24857.1010828388	25708.0125793939	162.896533367941	5789.22246761848	0.134338487243698	9156.55306661041	76.6270759245045	10402.3958356608	0.204466961809963	4479.26868624158
"463"	1660430375.84085	24483.1933182503	25469.2893600597	143.021471942214	5804.7671733392	0.728700078521867	8238.63851744988	60.4258493158555	9605.25286614748	0.383302682658222	4611.59559490993
"464"	1660432774.56892	23809.4375828982	25446.9864789464	124.726123901522	5497.88106305894	0.459089523718195	7992.36271656865	55.2914428176222	8503.35583179977	0.435382549831238	4701.01925570671
"465"	1660435172.96115	18803.463169242	21292.4523916363	77.5733542177744	4062.53501171327	-0.00919386828065811	5888.7579870145	53.3051137091125	7591.10399468439	0.407638984367571	4516.04285920516
"466"	1660437571.79825	14611.1102857941	24344.4230777467	69.2164305588282	3294.39306257715	0.544244342743991	4752.11962722111	56.6583954635442	9646.92339566461	0.370070122508891	5182.06753863549
"467"	1660439969.70927	11405.0141181044	19482.2496053328	107.469752114593	3220.13910624585	0.573913189714417	5835.48918227531	63.76982678567	8658.97769545595	0.299955203110529	4538.54099012988
"468"	1660442369.39098	10307.7634073077	23097.8044189021	113.445251296067	3932.16451230859	0.541935179490401	5032.98082595197	64.3555090911815	9606.51866714299	0.256475959082254	4629.90261295861
"469"	1660444769.06015	12047.3137436898	16674.7516744421	120.56033484163	3530.70043635038	0.648946106895448	6489.63980700737	43.4379662857192	7576.55345302399	0.407892851416807	3958.83631294248
"470"	1660447167.53634	6983.75887748293	15556.7033296354	102.990714513727	3421.18762194535	0.223913409023931	4215.47621425038	63.9713606646075	8747.158214492	0.455434642183404	4501.75528795374
"471"	1660449567.15163	3446.15012275265	14286.7555404959	64.6948796069077	2530.44046942516	0.22963642593188	2398.50313234292	65.5425855480803	8338.62142260472	0.544762098836691	5396.70052872958
"472"	1660451966.01253	2527.94524625679	14939.8203267579	58.1873132947854	2197.31259852059	0.178229406270702	1850.57484552435	60.6977276222235	9076.21839990925	0.309733021833534	4830.07642293534
"473"	1660454365.69925	4716.08004514918	16344.0556240953	80.7433220713827	2939.65258423195	0.274218994754963	3047.6224109617	60.8256236428755	8561.21103255978	0.246156827052141	4502.70222529094
"474"	1660456764.63784	8674.52088524387	24900.0943311333	114.611852388634	4205.66442310641	0.603214198180548	4758.19055809282	83.3947954068022	11133.8225284848	0.424732876000601	5052.23197332846
"475"	1660459163.06015	13721.2771549186	25105.218771752	90.2011058685684	4617.51920762892	0.45147484623245	5512.56743204921	87.5361761273093	13286.0464505394	0.415953983254191	4653.84383893438
"476"	1660461562.77694	16694.582739995	25424.1973918376	100.171851850888	3890.97168655489	0.166701149770641	4940.58520483168	101.561298876598	11667.3894780705	0.290257344724714	3798.42142563639
"477"	1660463962.06767	24085.9260380419	25355.2577895514	183.98604754776	7404.76165664573	0.490152638904024	6442.61814973946	102.06966273159	13168.3957829465	0.334571189767324	4240.01834416536
"478"	1660466360.55764	24438.8292069155	26342.1068897486	213.383344178755	9091.44602201286	0.859885762545509	6410.10089289359	65.2983740433707	9419.27364668419	0.256430088494555	4530.03156678526
"479"	1660468759.59023	24337.8756012784	25912.1693464337	205.964506556213	8123.3027288046	0.47017944302064	6603.03830733932	69.8124563171603	9256.33934974943	0.457121900525119	4062.92254490429
"480"	1660471158.90476	26042.2429870135	26677.9068811363	111.135340433753	5022.03542490439	0.906689452086684	8598.6343893251	76.8713979392252	9728.97350461311	0.465420506534685	4191.44383408105
"481"	1660473557.7995	26043.448398476	26777.4057049852	101.735448559377	5722.58065586995	0.234859407800088	7172.23654764151	67.0529705232887	9568.45744425975	0.202944800386715	4306.11496325928
"482"	1660475956.74185	25751.5136452062	26165.3041509389	106.892334485404	5678.93439087278	0.236903147914248	6943.31015614227	66.840101894418	10016.6797367567	0.306830526579787	4153.21768855357
"483"	1660478356.40852	25924.734035948	26862.0702997643	75.8508647828184	5087.21475387798	0.439290721467317	6324.13193095796	40.2317822125262	9021.70986876318	0.408770343867356	3589.81137612025
"484"	1660480754.99749	26321.3983365731	26354.0336570325	75.6395560112681	5115.79386888981	0.360102341338269	5912.45648184024	52.4785630672098	9019.87218842615	0.33370851148317	3412.66651486055
"485"	1660483154.42481	25969.2255130189	26184.9808877548	95.3594171774266	5284.92862887506	0.524765263120003	6360.68429856978	66.5286777886485	10062.9293310381	0.336488057741073	3869.54716012905
"486"	1660485553.12281	26161.6130418527	26536.3133257231	107.669004779078	5524.1373387803	0.438171196674139	6399.73239120874	64.7876634710739	9452.78457302484	0.303705867229703	3587.74952458338
"487"	1660487951.90226	25636.0106648002	25756.879331082	113.269005959531	5049.17085121033	0.363157185321024	6344.00714492068	58.1197698646789	9129.36287498671	0.271404599140168	3496.27750682739
"488"	1660490351.64536	26271.407473394	25982.1938642955	99.5087054075219	4460.65032068035	0.373461900571536	6040.27829242368	75.526420710369	11762.5779355807	0.369481203713623	3659.75403209037
"489"	1660492750.48246	26171.7639546433	26218.7513421256	89.0435156008921	6398.04462059943	0.24485837429404	6833.71044800383	68.3103003044489	10145.326725977	0.291772267986466	3617.00612140681
"490"	1660495148.57519	26347.5430361254	26632.6333072663	96.6199867797864	5154.47739258391	0.3036451234842	6481.72860676199	64.9515747529161	9571.13009969198	0.428958359268587	3474.09590853964
"491"	1660497548.19925	26295.4770856068	26699.9225133198	96.1083945198449	3864.05531201536	0.302321437376729	6536.89918582127	74.0125626874526	10349.4286004519	0.352357877673105	3680.6017035523
"492"	1660499947.95739	25773.373983938	26603.1754572668	91.6143542913369	5156.97993220816	0.435218432603702	6527.56340921901	80.287691979671	10411.6091379455	0.315791686350855	3756.41345482665
"493"	1660502346.30952	26084.6695331508	26509.4588252983	101.396970329787	4989.64183968481	0.494396536921757	6966.61354836873	82.5966282116433	10101.0375039202	0.256544496176943	3898.20059399846
"494"	1660504746.02757	25924.7847359333	26837.8747803758	100.232979782579	4761.5937034205	0.245359281190994	7211.28396828696	72.8609908581679	10615.2810852884	0.421066692065704	4103.70770384953
"495"	1660507143.74311	25645.8107875286	26538.3451359835	99.9086201346596	4336.24576774622	0.500235964486951	6845.07463112032	74.0993684275502	9988.58578812809	0.56788950533181	4074.24508799607
"496"	1660509543.89724	26138.7638399601	25338.2722519315	93.0126947405157	4259.65723691178	0.461470957284	6780.07955007723	63.4539250899666	9198.68465598126	0.440838484712538	4377.50756619758
"497"	1660511942.39223	24767.5161390866	27156.1945483039	169.480542377217	6924.96506844994	0.478687654662359	5674.79322449356	61.8465694579166	10288.8995241505	0.29336670811097	4039.66746243655
"498"	1660514342.28195	24542.9553676907	26083.7454922153	155.044926059639	7390.76300820585	0.721522037566468	5868.55882193904	87.3673473812707	13276.8619993696	0.168606758769997	3346.05286019466
"499"	1660516740.15038	25206.7060278439	25435.6761542411	154.833689563331	6782.08666421869	0.380077213522107	6698.23659852601	88.625109816039	13017.5889819648	0.386265514596383	3668.41380201945
"500"	1660519140.4198	24933.893358945	25857.1304446779	139.784846952269	7054.71295664225	0.687699170596505	6919.24588598671	71.1478451221473	12179.7097480199	0.415771982054584	3895.31604292606
"501"	1660521539.93734	25241.0273941696	25696.1127492672	137.592482505461	6669.83481308814	1.02024437238919	7576.09954484584	74.8858505643675	11500.8015405854	0.422617863546278	3881.49614273111
"502"	1660523938.1203	24681.1479858129	25827.870510374	130.142494775777	5686.41967240829	0.672386086869452	7566.84572445812	77.9621515459463	12147.7441863732	0.292361919463905	4071.02354468102
"503"	1660526336.17168	24722.033602956	25971.841163482	135.487582735223	5640.88999532803	0.252097992768901	7534.28872794668	81.1118816527708	11772.2216057136	0.504374359862288	3946.45285507275
"504"	1660528734.99248	24833.0783436802	25557.4002092221	132.811820734987	6090.50985314079	0.482201427476099	7069.46954920731	88.990177289407	11467.5815033403	0.652383929152561	4236.99806639238
"505"	1660531134.88972	22707.0018117992	25508.1977494158	133.906218275058	5628.29439920597	0.737236520184661	7154.93904251245	109.204492401058	12144.0881522739	0.684410246925061	4739.82615258359
"506"	1660533534.81203	22395.6536558473	25214.4655526476	109.339161133401	5103.68779774836	0.611209873643465	6792.7224071728	79.7999165380698	11072.5321949236	0.487405428209387	3936.90137998013
"507"	1660535932.61028	16971.9659984946	22355.4278465319	92.4200640156707	4055.48164447007	0.59484792149502	5230.30975191768	73.2560929453711	10377.5424666572	0.307443036796563	3788.62086527685
"508"	1660538333.02632	14489.3778328059	24737.4364346778	89.2825548918357	4017.70166406421	0.39273042729524	5099.36422354175	80.6080552541791	10508.888593135	0.495156661794813	3911.24484801361
"509"	1660540732.12657	14216.3000478751	25372.9326392813	81.5905286139925	3939.95568017971	0.344099859530728	4463.36634736564	100.84436559839	13338.5623661191	0.290079861207572	5181.77164916117
"510"	1660543128.91855	14354.8778997336	25428.3346773453	72.3266174427651	4068.77825391234	0.364561533341185	4212.06980802756	86.6141171136592	12738.983393709	0.355641151364654	4208.97494420465
"511"	1660545529.5802	16152.0192041355	26022.8347251928	84.9075332255607	4103.80668544791	0.648804630426817	4519.32555560732	73.9345877263635	13328.715717677	0.309076791403105	3909.65050569025
"512"	1660547928.22556	24806.1152418783	25658.5493819913	158.655995003513	4992.08556319866	0.484854236006986	5313.44013582376	66.936638717705	14803.3823141296	0.490052544475929	3698.99356760185
"513"	1660550328.57268	26169.3888968155	27207.7628021087	475.732468974018	21090.7175251491	1.40359555515776	6948.24706974429	20.6549835537637	10695.6397901945	0.439086889165429	3836.01066159788
"514"	1660552726.07143	25902.0608907509	27048.104351193	76.7083558866495	9747.27832934104	0.351366744886336	6647.54121245021	71.8743434027628	10291.9446331369	0.186976537308159	3763.81435851713
"515"	1660555125.77569	26199.6299843235	26679.3163052604	250.493383426026	13523.9730605835	0.389345184332396	6182.41997796373	59.7854078172477	10096.4886612305	0.392629599790556	3668.09505873887
"516"	1660557525.39098	26296.1016203161	26654.6323525852	107.751981300156	9724.87813642925	0.580532681595981	5715.54081939196	70.5897133528532	9288.45523495458	0.426150440900972	4095.24508938612
"517"	1660559924.77444	26196.2750748533	26797.6995462196	107.889665055062	9685.5278242478	0.598710922429265	5675.52090310913	73.0114503114342	9642.12872528642	0.256391421011352	3954.1450546822
"518"	1660562322.46742	26422.3035223117	26690.9424315407	107.332412612391	8887.61563064424	0.506141750000931	5813.32202072047	94.5026945441329	9426.97020920363	0.260794379481783	3497.28851493663
"519"	1660564721.66291	26475.5154612581	26268.2588749671	127.089042284263	8789.17877324019	0.499652844891115	5869.15901280393	90.6310894565977	9365.65284515267	0.416569906695472	3400.44675160097
"520"	1660567120.61028	26162.974991211	26290.4052274714	124.073619981201	9840.39891189142	0.259245069550163	6208.78930382627	79.4340418714711	9965.96524246065	0.233763946579994	3687.96245586974
"521"	1660569520.72682	26351.7410832922	27037.7857308774	130.912919298142	10796.8208892825	0.409111250659661	6265.87907591807	88.710641847376	11373.1154793325	0.529454748014811	3444.53659101512
"522"	1660571918.54637	26372.2142068242	27037.7577322723	112.423962134534	9921.25270293328	0.680532289086171	6195.80042497781	79.4417516221091	10962.2815645179	0.22659225809042	3686.70235001241
"523"	1660574318.08521	26503.6588886903	26891.0515403085	118.35969251469	10563.0021343313	0.458806741546969	5813.98535915303	65.729795128418	9449.45195127716	0.104666499940467	3290.95498115
"524"	1660576715.82707	26330.9250951379	26991.3044550816	106.917568869194	10156.4982702905	0.345780984175189	5942.08280287727	83.4967646931201	10953.2556986967	0.256910066628434	3558.82178615159
"525"	1660579115.91479	26285.9416821739	26327.6791084637	134.159223825848	11675.9497176616	0.358868244155843	6007.1109517861	89.6530832316791	10784.1288973662	0.315328618311492	3376.75152291746
"526"	1660581514.34962	26135.677110563	26196.3994514234	108.597637001944	10390.3707893442	0.312092626459949	5864.8286402681	81.7589353269722	9959.87992429334	0.291486726618075	3576.67487600612
"527"	1660583914.57769	26473.5138173146	26917.7268178859	106.210141927956	9939.7516531718	0.385568417351528	5367.59351981295	89.3465950327726	10254.8454402582	0.329979432581248	3427.49390928433
"528"	1660586313.49749	26563.2971839111	27119.4508106152	125.637955821793	10523.9244717716	0.512564829985523	5902.66660511734	92.7467835967223	10506.8361137914	0.277596563805037	3754.66729704951
"529"	1660588712.06015	26499.7840291438	26820.4080949578	116.469878340189	9752.0544712003	0.286579881255869	5808.21744560169	98.5281605562174	10305.796715893	0.117562249284177	4496.12190017739
"530"	1660591112.59023	26117.4033340846	26943.4060040147	117.473825413768	10136.8708051163	0.548593407326323	5683.36384170829	96.5401556263576	10648.2095644672	0.264469690109361	4009.99515306309
"531"	1660593511.51629	26281.2615133091	27139.4709187774	121.815619641781	11054.7761946779	0.359345557679259	6122.02872760751	86.4981169886836	9635.44128022853	0.330464503656149	3856.88352358529
"532"	1660595910.17043	26441.4854984775	26927.6758160731	91.4811803232963	10454.1227105512	0.47873609362576	5743.79499484951	74.3452722443036	9757.1884656826	0.431893406623051	3483.21422845208
"533"	1660598308.38471	26266.1517377072	27232.7131964085	117.127840057232	10966.5077763518	0.602235993749818	6293.16323299735	102.231764778105	9937.24585265344	0.402696232401858	3896.26863767494
"534"	1660600707.64286	26652.5078043872	26639.2469542058	130.314608409506	12648.084203285	0.674788708473189	5784.47909470718	110.90199905052	12277.1665378317	0.4119073074014	3662.57444222599
"535"	1660603107.65789	26405.3867775616	25407.7538249677	134.941919394877	10793.3601667319	0.474854016361616	4481.54771129469	102.578809050322	13189.1633059145	0.285009932252558	2478.19246755782
"536"	1660605506.19925	24610.1377168317	25557.4067974576	149.399151410866	11334.6767263934	0.722155212978385	5058.87426609548	NA	NA	NA	NA
