""	"Time"	"Flow_S5"	"Flow_S6"	"Mean_CH4_S5"	"Mean_CO2_S5"	"Mean_N2O_S5"	"Mean_NH3_S5"	"Mean_CH4_S6"	"Mean_CO2_S6"	"Mean_N2O_S6"	"Mean_NH3_S6"
"1"	1667263882.57143	5431.73906913889	NA	NA	NA	NA	NA	NA	NA	NA	NA
"2"	1667265680.96241	4727.48078041011	NA	291.715844027822	9037.18939339411	0.449184641187875	3108.92532030807	NA	NA	NA	NA
"3"	1667267478.95739	5507.12954459403	NA	304.58300206501	9311.97151394234	0.505372839508452	3619.55500419288	NA	NA	NA	NA
"4"	1667269280.51128	5985.73905161833	NA	312.945444383274	10208.6127620755	0.613643537528739	4071.22575241556	NA	NA	NA	NA
"5"	1667271080.58145	7639.76283681121	NA	412.605587102711	11406.2984708521	0.670291948691943	5028.48039492536	NA	NA	NA	NA
"6"	1667272879.96241	8621.40854696984	NA	413.368457463548	11645.0972855238	0.644661218838814	5079.66078283589	NA	NA	NA	NA
"7"	1667274678.04511	8938.68726020926	NA	444.75343284563	10923.2929080748	0.624395029236354	5098.4342642201	NA	NA	NA	NA
"8"	1667276478.89223	9137.59707828237	NA	405.324309162267	11327.7926301434	0.675203791186641	5212.45684494531	NA	NA	NA	NA
"9"	1667278279.7218	7519.13663413388	NA	397.845006271764	9817.18072636962	0.61874594250055	4579.82660102112	NA	NA	NA	NA
"10"	1667280078.33835	7029.37269541535	NA	342.913714513182	9488.68791415208	0.577273241688975	4248.6424064785	NA	NA	NA	NA
"11"	1667281877.95238	7021.58605610991	NA	346.651112281647	9656.56978891273	0.564622164431695	4421.66587259968	NA	NA	NA	NA
"12"	1667283676.21303	7734.21657031187	NA	402.446484614973	9705.41267752383	0.626901730477562	4733.24722546846	NA	NA	NA	NA
"13"	1667285477.66667	8579.84322145031	NA	385.744937739495	9534.7320846326	0.539505335564958	4717.07474324669	NA	NA	NA	NA
"14"	1667287275.49123	9663.38055608031	NA	434.981549479554	9967.52197048891	0.703319309007959	5524.24461477107	NA	NA	NA	NA
"15"	1667289076.03008	9377.35210200944	NA	374.023829203873	11679.7056262002	0.637707994076685	5145.25534953558	NA	NA	NA	NA
"16"	1667290875.70927	10602.5002770452	NA	413.974493312916	10758.2296856442	0.580410820848245	4965.2732658058	NA	NA	NA	NA
"17"	1667292674.75439	10350.1560769514	NA	429.567033688785	11979.7775789297	0.663894322424855	5294.50651897392	NA	NA	NA	NA
"18"	1667294475.31328	10470.7726784117	NA	405.061671594105	12280.4572469003	0.673110836296717	5751.09113212601	NA	NA	NA	NA
"19"	1667296274.04511	9811.87169036281	NA	429.114844039808	11861.8363027558	0.661193773045231	5239.22005945785	NA	NA	NA	NA
"20"	1667298074.22807	11199.8155651819	NA	451.196479538257	12927.7386753944	0.709171559081085	5743.27149431685	NA	NA	NA	NA
"21"	1667299873.83208	13729.0912481659	NA	443.40711920857	14065.4402982148	0.57703257160223	5699.24697923575	NA	NA	NA	NA
"22"	1667301673.80702	14162.7698701364	NA	451.423581164569	13720.9847960624	0.588889025973588	5595.50192586094	NA	NA	NA	NA
"23"	1667303469.14035	14674.3103576503	NA	384.962797709494	13739.0111895991	0.576521697103373	6040.77623538145	NA	NA	NA	NA
"24"	1667305272.14035	16548.6236305629	NA	326.812681054302	13707.9626594256	0.449568118455838	5280.35876442702	NA	NA	NA	NA
"25"	1667307070.09273	18907.4170529421	NA	251.515325666245	13084.0821273323	0.443056978872538	5479.13470675142	NA	NA	NA	NA
"26"	1667308871.57143	15777.1875276538	NA	337.959995724858	14823.7137149626	0.518119678409787	5367.28757418719	NA	NA	NA	NA
"27"	1667310670.69674	14887.1565324386	NA	331.233118072778	16819.3953018549	0.59420180461316	5783.27572037696	NA	NA	NA	NA
"28"	1667312470.71178	13642.6397766371	NA	325.584536143958	15049.6880592433	0.517656530306585	5387.34440438492	NA	NA	NA	NA
"29"	1667314268.74436	11672.0619672815	NA	290.421683701892	12570.4896910395	0.56838027070386	4842.16688220183	NA	NA	NA	NA
"30"	1667316069.7193	9438.0645459979	NA	297.312000573629	12000.2012594717	0.654003012438988	4990.90462410925	NA	NA	NA	NA
"31"	1667317867.7594	10666.5824384604	NA	319.820221953532	12536.3938143059	0.69354177592824	5230.56260342637	NA	NA	NA	NA
"32"	1667319667.37845	11021.2098873667	NA	319.201115253097	12507.8009919325	0.701159868378346	5412.75507621358	NA	NA	NA	NA
"33"	1667321467.98246	9298.05338868765	NA	261.208025572313	10053.3900426248	0.652457838552207	4597.05648423332	NA	NA	NA	NA
"34"	1667323266.08772	8499.9866425068	NA	306.627962058577	11584.0607673577	0.698246340517494	5128.46716778118	NA	NA	NA	NA
"35"	1667325066.96241	7950.72043397858	NA	303.113141271308	10983.0048560323	0.677531759113763	5019.45009392578	NA	NA	NA	NA
"36"	1667326867.50877	9191.09936970162	NA	373.539256239733	14523.9154234174	0.714566378992306	5288.38428013534	NA	NA	NA	NA
"37"	1667328667.6015	10050.1178524691	NA	335.558099311361	12684.7971979291	0.689530201392955	4852.36224699604	NA	NA	NA	NA
"38"	1667330464.58897	8948.04346184837	NA	340.740899366373	11877.2219571703	0.626603603855748	4761.48180235927	NA	NA	NA	NA
"39"	1667332264.31579	8973.91206521772	NA	331.391084213605	12200.5485639687	0.665453045645122	4734.55736278235	NA	NA	NA	NA
"40"	1667334065.29825	9976.60262066566	NA	348.88716947111	11372.3206197423	0.650955205583616	4896.55787169024	NA	NA	NA	NA
"41"	1667335864.16792	9624.52329725635	NA	384.093394636153	11958.9657814724	0.672204197227329	4856.08518790421	NA	NA	NA	NA
"42"	1667337665.05013	9228.575005479	NA	319.913157283663	10388.7664784155	0.621600011309236	4769.8530039046	NA	NA	NA	NA
"43"	1667339463.74687	10379.4021172758	NA	336.740659992358	10346.7438063339	0.633627179670943	4986.69517722523	NA	NA	NA	NA
"44"	1667341263.11028	9300.9652460626	NA	336.217559270983	9961.80364350081	0.550043121379558	4721.74740761327	NA	NA	NA	NA
"45"	1667343063.47368	9498.04881819399	NA	388.595583703497	11435.4363256871	0.777733427345269	5708.17840564806	NA	NA	NA	NA
"46"	1667344864.44612	8547.88863656259	NA	345.643155444596	9967.105489425	0.604938846894618	4836.66554990817	NA	NA	NA	NA
"47"	1667346662.36341	8981.52796809209	NA	395.974007231921	14504.3136581176	0.757642869284423	5519.14842206514	NA	NA	NA	NA
"48"	1667348459.84712	9269.91238352068	NA	402.343312219306	13037.8759562768	0.735580733376643	5263.67241731521	NA	NA	NA	NA
"49"	1667350261.50877	8332.05182360152	NA	394.310542418243	11967.9500411227	0.60916073087453	4504.98794606403	NA	NA	NA	NA
"50"	1667352061.61905	7674.05910015912	NA	362.202497196857	11842.3267832353	0.648979286051165	4460.09563521689	NA	NA	NA	NA
"51"	1667353859.01003	7091.5889577023	NA	325.489588421273	10913.3128372572	0.600845759862543	4403.46671397331	NA	NA	NA	NA
"52"	1667355660.31579	7465.77450077603	NA	351.40552447506	11339.7524197272	0.595000906591721	4372.02614742302	NA	NA	NA	NA
"53"	1667357459.82456	6969.58900632917	NA	334.04009206333	11023.8214009231	0.634989240073903	4536.22019012338	NA	NA	NA	NA
"54"	1667359261.27569	6818.11750124633	NA	342.314770260383	10128.0327812133	0.533011030190638	4315.156345452	NA	NA	NA	NA
"55"	1667361059.82707	6784.55397226229	NA	329.949362808106	9998.57937245466	0.540559880080863	4223.99892270766	NA	NA	NA	NA
"56"	1667362860.03008	6193.04362016273	NA	327.61078534129	9845.52420781639	0.570946482675592	4264.86707287672	NA	NA	NA	NA
"57"	1667364657.12782	6776.53014758191	NA	316.80827135858	9542.86825356026	0.551847062393598	4358.92480213625	NA	NA	NA	NA
"58"	1667366458.20551	6448.722365078	NA	338.453012485058	9344.57015663393	0.579533175693801	4400.98580593181	NA	NA	NA	NA
"59"	1667368258.63158	5746.42509798165	NA	321.382591610314	8963.72945559426	0.541027494347922	3986.59517756255	NA	NA	NA	NA
"60"	1667370057.59649	5165.65292976581	NA	284.086686797067	8264.9174192867	0.535054929523279	3835.98658348199	NA	NA	NA	NA
"61"	1667371855.69674	5167.30233356985	NA	311.499614388102	8445.40856070512	0.527731778624311	3815.57773205879	NA	NA	NA	NA
"62"	1667373656.98747	4690.70852540933	NA	262.13080542005	7478.52202129191	0.436370867360504	3465.66885833506	NA	NA	NA	NA
"63"	1667375456.28321	6331.74776231181	NA	306.064909861418	10291.9203643591	0.516900136382034	4132.39701448564	NA	NA	NA	NA
"64"	1667377256.02757	7179.12279900836	NA	329.283377936724	11494.6222475407	0.525328199808311	4301.85210356244	NA	NA	NA	NA
"65"	1667379055.52381	5089.22008036362	NA	285.049515120108	10478.5596232093	0.454856986738927	3568.04539070657	NA	NA	NA	NA
"66"	1667380855.34837	4971.61345090816	NA	216.247571647925	9946.09649736055	0.416273988969764	3495.74990333481	NA	NA	NA	NA
"67"	1667382655.2005	5080.81607184516	NA	219.922063010211	9985.01334016925	0.420656889787064	3642.44826362677	NA	NA	NA	NA
"68"	1667384455.21303	5020.39715767731	NA	217.002714863024	9564.24691149734	0.465543617441084	3559.96346322275	NA	NA	NA	NA
"69"	1667386254.88972	5670.88154681983	NA	204.632623017077	9256.60930630856	0.441268385803688	3815.60990065681	NA	NA	NA	NA
"70"	1667388052.55388	5993.65731363026	NA	211.170185350883	9540.57840557602	0.423167154642926	4020.88080509679	NA	NA	NA	NA
"71"	1667389853.68922	7019.43725589704	NA	232.059528676918	10184.5504419717	0.507841746996699	4438.31160693302	NA	NA	NA	NA
"72"	1667391652.34085	8156.21805245147	NA	236.256670543092	12168.5682190083	0.471678749877374	4234.41067864191	NA	NA	NA	NA
"73"	1667393451.3985	8449.01326701948	NA	246.359363799198	12449.9526564569	0.539823521348219	4649.07154268317	NA	NA	NA	NA
"74"	1667395251.11278	7618.7988691266	NA	254.127354916969	11771.0022038436	0.44649638157263	4149.61049353881	NA	NA	NA	NA
"75"	1667397052.05514	6905.08852062622	NA	193.238012490739	10365.7711822505	0.399926909266603	3698.2866692005	NA	NA	NA	NA
"76"	1667398851.02506	6217.06335214067	NA	207.555738378082	10911.8611488454	0.441826110264279	3652.40931342158	NA	NA	NA	NA
"77"	1667400650.23308	5994.00433288672	NA	236.30995360362	11577.2378311694	0.538955071569762	4172.59282758931	NA	NA	NA	NA
"78"	1667402448.72932	6424.32382886204	NA	203.164853199129	9755.58288765681	0.415782938227466	3985.84708995096	NA	NA	NA	NA
"79"	1667404247.58145	5598.52124523535	NA	222.135780799658	10958.0089820767	0.420062893757887	3625.45077936857	NA	NA	NA	NA
"80"	1667406049.09273	5484.12797192531	NA	243.616523716223	9901.38300823001	0.479311240778554	3797.69990622028	NA	NA	NA	NA
"81"	1667407847.71679	4866.86589948236	NA	214.115077824341	9535.02383150591	0.46755767760895	3580.54849185255	NA	NA	NA	NA
"82"	1667409648.49875	4531.5860181808	NA	226.483581992066	9613.0370262037	0.455229467870619	3425.59290528645	NA	NA	NA	NA
"83"	1667411446.49123	3918.46818339589	NA	203.631731574096	8033.26963081596	0.40396965783766	3000.560639957	NA	NA	NA	NA
"84"	1667413245.64912	5076.86966904096	NA	223.743321362081	11739.3813734782	0.517559642382304	3773.76587258697	NA	NA	NA	NA
"85"	1667415046.68421	5883.12906317948	NA	300.383559180308	12413.2388054503	0.609512249250117	4289.59187399273	NA	NA	NA	NA
"86"	1667416844.92982	4207.98824677311	NA	266.129985986488	10638.0898845287	0.482841425095153	3419.81330178533	NA	NA	NA	NA
"87"	1667418644.09023	3498.65613479851	NA	253.78996245522	10053.3365356045	0.485456860603587	3090.07789947359	NA	NA	NA	NA
"88"	1667420444.89474	3257.30665008336	NA	249.546535338939	9660.83425683715	0.479232572910749	2894.61220127929	NA	NA	NA	NA
"89"	1667422245.41103	3801.88624574773	NA	266.653517529642	10280.865119865	0.591276564741988	3431.90922248929	NA	NA	NA	NA
"90"	1667424043.51378	4193.64668281131	NA	286.913042621394	10854.8644212601	0.644736536601199	3784.50144806905	NA	NA	NA	NA
"91"	1667425843.68421	4121.53878574555	NA	303.783477215529	8990.30292274687	0.594079857919746	3659.15658050754	NA	NA	NA	NA
"92"	1667427642.38596	4841.03770937554	NA	308.865481951892	9794.19018460017	0.603875729667521	3976.24779873684	NA	NA	NA	NA
"93"	1667429443.54637	3617.38999950169	NA	238.964426922794	7853.00750238255	0.551584655862359	3225.04387444252	NA	NA	NA	NA
"94"	1667431241.5188	3784.48981187201	NA	267.323577864481	8424.34989158148	0.571026197124047	3399.21392110953	NA	NA	NA	NA
"95"	1667433042.13283	3763.50268774783	NA	250.277998505435	9784.83563563259	0.534187220270235	3327.30930655915	NA	NA	NA	NA
"96"	1667434841.37845	5742.88842427777	NA	307.000787313738	11428.6211854177	0.65045812956427	4334.74218052312	NA	NA	NA	NA
"97"	1667436639.44862	4544.21790130044	NA	281.672280221694	10172.6367411936	0.585945334688099	3685.08878677108	NA	NA	NA	NA
"98"	1667438440.5589	5896.88199977779	NA	314.756389009967	11449.3476411913	0.677313908442839	4596.9815629096	NA	NA	NA	NA
"99"	1667440240.41604	5846.2413571407	NA	329.396052920541	12536.4450330266	0.732975671859389	4728.83458392645	NA	NA	NA	NA
"100"	1667442039.76441	6677.08607223101	NA	348.002267586116	11808.7513464597	0.77351496860161	5159.37440382974	NA	NA	NA	NA
"101"	1667443836.43609	6384.7482265391	NA	297.429346757273	10044.9643415366	0.66044073318422	4631.58175356328	NA	NA	NA	NA
"102"	1667445639.11779	7105.78028052166	NA	356.264369861069	11430.4659519143	0.717250499497939	5143.72490949258	NA	NA	NA	NA
"103"	1667447437.20551	5926.67359279567	NA	315.395861062174	9934.65702504771	0.636705327937011	4537.79862260704	NA	NA	NA	NA
"104"	1667449236.82456	5744.62170392318	NA	285.83376073888	8722.3996851155	0.582080124596184	4083.46577787642	NA	NA	NA	NA
"105"	1667451038.03759	6847.39859651382	NA	291.472099880608	10104.3424899089	0.660057912036347	4760.20234113739	NA	NA	NA	NA
"106"	1667452834.77945	5912.44510658278	NA	312.482265783802	8983.3221209767	0.632687390156882	4318.83847087458	NA	NA	NA	NA
"107"	1667454636.06767	6230.65285472906	NA	312.583919481102	9540.69652983766	0.684438865719768	4703.63324197016	NA	NA	NA	NA
"108"	1667456434.0401	5803.04716148865	NA	314.939793389377	8497.22460311588	0.612713010768499	4383.96616982392	NA	NA	NA	NA
"109"	1667458234.7218	6943.62940352553	NA	320.700356909862	8622.51475909771	0.617198094973571	4838.03620039846	NA	NA	NA	NA
"110"	1667460034.96992	8834.91031741208	NA	378.555759098755	10983.22163695	0.729539155133543	5878.46218083149	NA	NA	NA	NA
"111"	1667461834.50877	8924.70889286924	NA	349.971648706583	11061.3265469188	0.633022994017025	5391.17990864061	NA	NA	NA	NA
"112"	1667463633.87719	9803.16527546011	NA	361.124066296558	14279.5745313971	0.652106304915519	5399.60250184597	NA	NA	NA	NA
"113"	1667465431.39348	6720.74699470458	NA	315.848691995935	11251.400354606	0.636479622276424	4608.28345106959	NA	NA	NA	NA
"114"	1667467232.85965	6030.68156149761	NA	316.45646952443	12384.4350496609	0.662766606329115	4658.36590180305	NA	NA	NA	NA
"115"	1667469032.78196	5701.54334025409	NA	313.934996088678	10432.4665261886	0.551773888104035	4217.98531612899	NA	NA	NA	NA
"116"	1667470832.61905	6793.11874634434	NA	289.629772240346	10040.5226313297	0.565296981443981	4575.0598123356	NA	NA	NA	NA
"117"	1667472631.12782	11634.3474483014	NA	419.410166518474	13298.114085808	0.767968370923437	6832.66879640369	NA	NA	NA	NA
"118"	1667474429.6416	13448.8	NA	422.149948753589	16539.500929106	0.810791762539412	7156.05976206498	NA	NA	NA	NA
"119"	1667476229.71679	11552.2832560767	NA	308.208130783886	11341.015677243	0.683260691706233	5919.29472139863	NA	NA	NA	NA
"120"	1667478030.12531	13765.4202369637	NA	407.5146041913	17440.5347405409	0.623186248762175	6414.83364001653	NA	NA	NA	NA
"121"	1667479829.3584	11021.8308692492	NA	340.244388865102	14981.4408079494	0.658286918793397	5747.86535687493	NA	NA	NA	NA
"122"	1667481628.41855	7732.13124285565	NA	276.962636769962	12213.5613029033	0.589833858891752	4720.01732353745	NA	NA	NA	NA
"123"	1667483428.85965	7548.96254190273	NA	286.416108505982	11062.5418111545	0.50786556449696	4235.27067016872	NA	NA	NA	NA
"124"	1667485229.29574	9087.76585331484	NA	305.488630573006	11200.7901699591	0.516938455043721	4772.40933659009	NA	NA	NA	NA
"125"	1667487028.06516	9543.43506180052	NA	295.981201109611	11872.5071133468	0.464604907019079	4736.87164086749	NA	NA	NA	NA
"126"	1667488826.97243	9865.95935277274	NA	373.363017079347	13557.8107764585	0.591112081424812	4949.97047633798	NA	NA	NA	NA
"127"	1667490627.4386	7098.5095151885	NA	290.882982949356	11504.9580165264	0.539363546519959	4350.83169944359	NA	NA	NA	NA
"128"	1667492427.38596	8364.96305253196	NA	305.018359953412	12128.8007687537	0.528260923066383	4874.74907038032	NA	NA	NA	NA
"129"	1667494226.81203	9419.24483462192	NA	388.196466829434	10391.3936826969	0.504215922946113	4719.55238349792	NA	NA	NA	NA
"130"	1667496026.77694	9893.72436084823	NA	343.973340802206	12107.1958136107	0.635478922161087	5504.75155779491	NA	NA	NA	NA
"131"	1667497824.30326	8843.49969964302	NA	336.067435829165	10122.3484358377	0.495354605506332	4874.13550393732	NA	NA	NA	NA
"132"	1667499625.5614	10765.782914608	NA	359.025235802074	12854.0270124938	0.616418868287987	5141.68439315095	NA	NA	NA	NA
"133"	1667501424.94486	9503.91618848435	NA	359.739241911783	12635.7661026673	0.584256194190617	5005.74594014755	NA	NA	NA	NA
"134"	1667503224.99499	6993.28278552214	NA	339.165543710697	10838.5008980886	0.47822883433582	4137.57976911254	NA	NA	NA	NA
"135"	1667505024.80952	7396.47897489242	NA	314.051782987454	10509.7151937689	0.495741064130082	4369.59846192339	NA	NA	NA	NA
"136"	1667506823.7619	8923.13230808842	NA	341.80915346578	11598.4511075675	0.571798531839941	5159.62906736753	NA	NA	NA	NA
"137"	1667508623.04762	8568.74278915536	NA	334.601309799242	11259.3488243249	0.551252571029589	4857.06489497075	NA	NA	NA	NA
"138"	1667510421.02757	9514.02344277539	NA	376.922369255524	11922.4359561001	0.637716701517829	5259.30599755961	NA	NA	NA	NA
"139"	1667512221.27068	8906.87877638709	NA	387.566462698843	10989.8926368736	0.615201386010325	5348.95537527853	NA	NA	NA	NA
"140"	1667514020.70927	9128.99641598312	NA	351.202667059066	10228.969277623	0.544329595598626	5230.83121057336	NA	NA	NA	NA
"141"	1667515820.56642	8459.52823864505	NA	352.430416955695	10230.8705989577	0.598529873268721	5246.99103343719	NA	NA	NA	NA
"142"	1667517619.47368	7955.25850775082	NA	383.157156260098	9802.48926336512	0.629718858353472	4966.08564360362	NA	NA	NA	NA
"143"	1667519419.94987	7869.58435690364	NA	340.375291643531	11682.022078836	0.624581479052031	5210.51001564473	NA	NA	NA	NA
"144"	1667521218.49123	10359.4879249505	NA	388.897707641118	12528.6411136725	0.599996091846946	5080.25542379656	NA	NA	NA	NA
"145"	1667523018.6416	8627.02289700919	NA	422.250575373496	13060.9890212221	0.572831349538272	4892.01980196854	NA	NA	NA	NA
"146"	1667524818.82456	7072.51991129912	NA	327.289764358116	11971.7644779093	0.597471079977971	4571.44744800109	NA	NA	NA	NA
"147"	1667526618.12531	6833.60131159865	NA	331.915729249775	11283.2094586967	0.567680455344686	4495.02614279261	NA	NA	NA	NA
"148"	1667528417.42105	6397.22433120007	NA	337.594901800204	11134.6356421302	0.525099810559959	4499.96242344928	NA	NA	NA	NA
"149"	1667530217.5614	7549.24410536618	NA	363.503101038269	11168.2864896423	0.564363689162014	4922.72394354303	NA	NA	NA	NA
"150"	1667532017.56642	8178.03124555857	NA	414.162098248259	12216.9477072433	0.672083550259383	5331.5494683681	NA	NA	NA	NA
"151"	1667533816.38095	7412.17956441808	NA	361.441179739273	10862.388595024	0.651783354890778	4853.39263138085	NA	NA	NA	NA
"152"	1667535616.21053	7249.00194134416	NA	355.166183183834	10286.8977536513	0.601910096563267	4817.81109253763	NA	NA	NA	NA
"153"	1667537416.86216	6698.93513424612	NA	348.00836400357	9350.94356274295	0.52466549951657	4305.25242769392	NA	NA	NA	NA
"154"	1667539216.5213	6399.00349425321	NA	345.627023261328	9294.77428760793	0.53543186632218	4172.49581113742	NA	NA	NA	NA
"155"	1667541015.92732	6416.51305515286	NA	305.620510351071	8403.2453716373	0.564045455090671	4324.45801677237	NA	NA	NA	NA
"156"	1667542815.30827	8456.23350004593	NA	404.041253782651	10385.8040899016	0.680807644305355	5374.55693800584	NA	NA	NA	NA
"157"	1667544615.61654	7271.37426466596	NA	317.055118623485	9103.83881920891	0.586761579862537	4671.9001383675	NA	NA	NA	NA
"158"	1667546412.63409	8585.16447461286	NA	416.171829481955	10227.8733167811	0.679227759151796	5468.88645889644	NA	NA	NA	NA
"159"	1667548212.70677	9018.92437573649	NA	370.837783839028	9948.97894101095	0.672558128156538	5409.2984568671	NA	NA	NA	NA
"160"	1667550011.06516	7989.49553265387	NA	354.53000760728	9679.98089871498	0.641883667938437	4989.93149806938	NA	NA	NA	NA
"161"	1667551811.49373	8310.19872746299	NA	386.285626487449	9623.38683280006	0.655077305411695	5302.15238029045	NA	NA	NA	NA
"162"	1667553610.23058	9370.81723872907	NA	356.271682823454	10709.2966538911	0.663032349804042	5430.62375934857	NA	NA	NA	NA
"163"	1667555411.14787	12388.1309071715	NA	445.371129082528	12856.1097484417	0.68215432115215	5778.31601626936	NA	NA	NA	NA
"164"	1667557210.79198	11061.6792092257	NA	393.731559686834	12911.6095238049	0.685381623285664	5741.68676536863	NA	NA	NA	NA
"165"	1667559009.75188	8501.54314514975	NA	336.533814141722	11159.7014308935	0.601207189858176	4649.18675171349	NA	NA	NA	NA
"166"	1667560808.92982	9741.93698149612	NA	393.991166334387	12571.1032271636	0.63197904642291	5317.60404390463	NA	NA	NA	NA
"167"	1667562610.27068	8226.6880733153	NA	294.789018538324	10363.7232185577	0.551924874742988	4478.29304205775	NA	NA	NA	NA
"168"	1667563294.27569	9457.184730127	NA	332.548971047491	12393.471233445	0.892068221825985	4739.32490157343	NA	NA	NA	NA
"169"	1667566516.27068	13411.7524014208	NA	267.940000123051	12355.2033109416	-0.237405583689559	2625.35439582302	NA	NA	NA	NA
"170"	1667570893.68922	10824.1577011932	0	310.075560820211	13835.9288752406	0.978643472315744	5362.32435653651	0	0	0	0
"171"	1667574377.4599	9810.67007840955	0	322.278105051155	12038.6672061614	0.700106211664183	5040.05688432582	0	0	0	0
"172"	1667576777.10777	8662.44879888957	0	339.542088295442	11885.4759616134	0.559898982790306	4711.56905600448	0	0	0	0
"173"	1667579175.44486	9676.35611546997	0	359.605764014532	11690.3914539131	0.673423815171573	5314.11672929488	0	0	0	0
"174"	1667581574.56391	11842.0564975045	0	442.098109647213	13457.3426571675	0.723086471578951	6065.01054696999	0	0	0	0
"175"	1667583974.11404	9594.68621067187	0	408.184491742213	12952.8341357956	0.722077906135986	5627.15726882586	0	0	0	0
"176"	1667586373.67043	9310.11173475138	0	372.018406259326	15324.9329427863	0.649360854946654	5535.94804703404	0	0	0	0
"177"	1667588773.41479	10632.5540549317	0	451.676201992229	14687.180249216	0.669551857823225	5866.66946547769	0	0	0	0
"178"	1667591173.39474	7875.6339190058	0	368.006433810705	13592.0362836958	0.63977046189827	5058.15573851635	0	0	0	0
"179"	1667593570.96366	5022.83689447957	0	311.295360335658	11087.1889770279	0.560793571466169	3649.57506769661	0	0	0	0
"180"	1667595971.33584	4352.34319346068	0	258.45679895149	9449.26784153436	0.507434585016195	3257.05602701341	0	0	0	0
"181"	1667598370.64536	5787.55841002764	0	338.904411707398	10283.2660628673	0.67695784810694	4236.39060322372	0	0	0	0
"182"	1667600769.24687	7495.61471337819	0	345.479637791159	12236.9641107473	0.812517373168696	5447.76748620764	0	0	0	0
"183"	1667603169.58897	6853.71262640625	0	383.172514747062	11033.2588514608	0.830337127734928	5149.66628792084	0	0	0	0
"184"	1667605567.74812	6758.74383031901	0	334.959991138589	10724.9866556247	0.732991509163433	5171.39484765675	0	0	0	0
"185"	1667607967.05013	9064.84021193103	0	466.967373300249	15287.9508109679	0.87468156258215	5580.45362805444	0	0	0	0
"186"	1667610367.099	7400.44925229168	0	346.87135776486	13475.4703866502	0.71166155305528	5085.79038980845	0	0	0	0
"187"	1667612765.88847	6283.73610005768	0	372.788888520604	13243.3351267249	0.987293190768946	4799.2554214966	0	0	0	0
"188"	1667615165.83459	5397.88239719957	0	297.610037165171	11810.7384444227	0.722522315146544	4325.5591159585	0	0	0	0
"189"	1667617564.81579	6776.25066021017	0	395.866459278263	13194.3793199539	0.748110252933767	5142.98347693061	0	0	0	0
"190"	1667619964.09524	6735.34891427503	0	356.882179073782	11936.8478327522	0.702114235024496	5063.00624647351	0	0	0	0
"191"	1667622362.93108	7463.09990206215	0	367.313877956121	11793.8674933619	0.822046330285714	5541.15988310583	0	0	0	0
"192"	1667624761.9198	7485.03399452495	0	383.643585477019	12094.3847831585	0.817624840562531	5481.64899212371	0	0	0	0
"193"	1667627163.13409	7060.17126317683	0	369.071660575473	10720.9658957211	0.751430458300627	5211.11953499806	0	0	0	0
"194"	1667629560.401	6979.30156270918	0	395.774709721291	11053.2514019881	0.770248697443912	5099.73344706471	0	0	0	0
"195"	1667631961.48622	4985.31661020898	0	298.796446090522	8790.01507705361	0.584238566642004	3906.06330213676	0	0	0	0
"196"	1667634361.19549	5250.49760710794	0	332.010684616136	9775.3184175824	0.649033108007987	4172.93006781672	0	0	0	0
"197"	1667636760.30075	7144.12358606765	0	405.230127324622	11224.7926047311	0.867473117951317	5560.04641763755	0	0	0	0
"198"	1667639160.08897	8157.94794150097	0	392.113714242257	14722.874494933	0.726574786598857	5633.12775938372	0	0	0	0
"199"	1667641558.14286	8159.09050253438	0	434.816454254766	13775.9232119661	0.791315105793578	5347.96464833242	0	0	0	0
"200"	1667643957.10025	7795.74894531091	0	356.412716142147	12173.3591714177	0.614527951615964	5033.84108321217	0	0	0	0
"201"	1667646357.38221	9754.82264690177	0	430.343795485746	13682.1176045553	0.761446185718561	5971.22241331947	0	0	0	0
"202"	1667648756.32581	8694.05167726042	0	389.93261444824	12651.7279753959	0.662266502376636	5240.74087856149	0	0	0	0
"203"	1667651155.1792	11487.1314129512	0	366.87569923914	18913.0254222876	0.632082749173853	5449.27130680013	0	0	0	0
"204"	1667653554.96241	11373.4122332449	0	412.539444231715	15119.3690913441	0.659573521737013	5886.06839566602	0	0	0	0
"205"	1667655954.46742	10384.7635161675	0	401.08152921321	14001.5855731932	0.62546653557456	5161.08252753616	0	0	0	0
"206"	1667658353.5213	12681.246846751	0	477.070382671467	16483.5899114643	0.743539092850416	7159.15364218008	0	0	0	0
"207"	1667660753.22431	12067.2307473146	0	393.306002022872	14394.8452231013	0.60356377569332	5916.2265532812	0	0	0	0
"208"	1667663153.0589	7427.1376793406	0	311.786088929112	12658.5668244294	0.608901031436161	4808.01447583406	0	0	0	0
"209"	1667665553.45739	6251.70027770422	0	323.210422729409	10889.6170660524	0.535626851507437	4213.04019426859	0	0	0	0
"210"	1667667951.96742	6442.09929556167	0	314.141610469171	10612.7383717773	0.537217675650917	4371.82937127862	0	0	0	0
"211"	1667670351.19549	6165.45950154647	0	371.03219575499	11710.3611129577	0.627866567658098	4548.33871308418	0	0	0	0
"212"	1667672750.59023	5700.92164652279	0	308.931730789962	11196.1958601016	0.605840903028012	4299.41905317056	0	0	0	0
"213"	1667675150.35965	8230.52156400857	0	378.573720102924	14563.0596984747	0.724731499025489	5431.35091090322	0	0	0	0
"214"	1667677548.33584	5200.66886751002	0	322.028068317321	11740.0430466676	0.672324774665295	4012.30163961323	0	0	0	0
"215"	1667679948.20551	5153.0494115613	0	350.920524155953	11829.7076460112	0.68889099884586	4140.94299349412	0	0	0	0
"216"	1667682347.57644	7217.83133099507	0	421.62419481607	13718.5481485503	0.817501821264925	5412.70111254953	0	0	0	0
"217"	1667684746.901	6595.8035914834	0	366.573780449555	11908.4466130365	0.753718145060558	5145.06619686276	0	0	0	0
"218"	1667687147.00627	6064.94066378624	0	376.813227042473	11216.9359777312	0.724896978838714	4603.54931808909	0	0	0	0
"219"	1667689545.57143	6987.38042890105	0	396.918967001275	11424.2144282813	0.759825886970546	5136.96099497685	0	0	0	0
"220"	1667691945.55013	6576.93075393585	0	378.071661835118	11009.0597171037	0.733777664150881	5283.08602578046	0	0	0	0
"221"	1667694344.49123	8715.80622773638	0	419.191408200188	13485.6381340497	0.711293281193565	5148.99468412076	0	0	0	0
"222"	1667696745.16165	8552.51848598348	0	391.740062634841	13605.4903944802	0.675959965762514	5636.84602500284	0	0	0	0
"223"	1667699144.05514	8141.41867751345	0	431.366402324088	12935.2257655472	0.795402439624775	5495.15442318001	0	0	0	0
"224"	1667701542.6015	7173.6506155033	0	344.061463344774	12069.5874804197	0.712753417913755	5073.85192787591	0	0	0	0
"225"	1667703942.53759	8900.90102353138	0	452.300883936724	12785.9486327761	0.680279578900908	5602.90556976654	0	0	0	0
"226"	1667706340.50501	9450.67651955509	0	373.898375611889	11933.9092538784	0.72857406491322	5851.22637599069	0	0	0	0
"227"	1667708741.07519	9560.2752608041	0	392.058313009844	11385.5675830295	0.746194223209556	5799.98858037721	0	0	0	0
"228"	1667711139.73434	10208.4118906669	0	343.362556806821	10658.3412031673	0.692625356772225	5891.58974142525	0	0	0	0
"229"	1667713538.4787	12058.4300699391	0	396.434383391344	11711.9043620205	0.46870940387886	5656.45852043472	0	0	0	0
"230"	1667715938.5213	13448.8	0	356.120494772172	11841.0901773096	0.496376718947647	5453.33664055214	0	0	0	0
"231"	1667718337.30201	13448.8	0	522.528223408486	13050.0440773567	0.789386701359454	6742.61367678134	0	0	0	0
"232"	1667720738.34336	13448.8	0	425.090271292328	11960.2694459253	0.644883883198576	5821.82003971569	0	0	0	0
"233"	1667723137.41353	11484.4289026702	0	391.872321809617	12083.1624290198	0.622337627863886	5826.34905655626	0	0	0	0
"234"	1667725535.66792	13448.8	0	444.088254600067	13427.546602489	0.806342326425885	6931.28020538908	0	0	0	0
"235"	1667727936.14787	13969.7106560231	0	428.729550161744	21287.1744774182	0.587490709212007	6032.12189720792	0	0	0	0
"236"	1667730336.19925	13448.8	0	433.28343728446	15687.0059569503	0.659124856241284	5850.38362347355	0	0	0	0
"237"	1667732734.57895	10609.8002907179	0	359.791945518655	12333.0371448051	0.568196199519292	5496.13389110811	0	0	0	0
"238"	1667735135.0589	11545.9941253486	0	432.099729517241	12977.8229550437	0.651478818696644	5868.61589383476	0	0	0	0
"239"	1667737533.52506	14269.6962073432	0	454.574665525102	19165.7687707579	0.547550809010114	5490.32183510012	0	0	0	0
"240"	1667739933.03008	14661.4081397262	0	413.206696693016	19942.0783871786	0.605436567684522	6208.32944917834	0	0	0	0
"241"	1667742333.23684	14109.3872358135	0	480.958244820437	20378.3003862146	0.641097114818319	6207.74067195529	0	0	0	0
"242"	1667744731.57519	13941.6852562919	0	480.170157902512	21883.2049169546	0.705600369941902	6524.44075638099	0	0	0	0
"243"	1667747130.64411	13568.892024733	0	484.779066703489	16937.9781456077	0.550159299913301	5942.59590719831	0	0	0	0
"244"	1667749531.47243	11266.2329138977	0	332.020525151623	13403.0145470486	0.479116163196156	4790.2905790899	0	0	0	0
"245"	1667751929.36216	13761.1002098349	0	463.342730050272	17569.9657638763	0.704228781687833	6411.2769606768	0	0	0	0
"246"	1667754329.56266	13507.165987279	0	482.562751433515	18586.4955867753	0.845685548619159	7262.3844625227	0	0	0	0
"247"	1667756727.3797	11945.4571940918	0	370.250130004949	12155.2828985705	0.773035553619505	5688.50266629466	0	0	0	0
"248"	1667759127.36717	10873.3626887141	0	338.429370255108	13260.5147440877	0.660153238959832	5627.22715664238	0	0	0	0
"249"	1667761527.13784	14100.5544189916	0	372.700306932542	17975.756385477	0.509944960244522	6143.44558964968	0	0	0	0
"250"	1667763926.83459	8696.98406320314	0	352.743124844313	12037.5466911378	0.539184203193811	4723.38299311132	0	0	0	0
"251"	1667766323.73559	8322.28178448445	0	392.072172851003	13090.4435448941	0.622096133673799	5134.50489884089	0	0	0	0
"252"	1667768724.87719	7337.36481105986	0	326.482174507455	11856.9027762825	0.56024506710093	4689.60519442162	0	0	0	0
"253"	1667771123.68672	7652.53157350864	0	373.762205930208	11975.6915468534	0.553614871730788	4810.5870324578	0	0	0	0
"254"	1667773523.25063	8064.38537616771	0	359.818351784147	11514.6459491404	0.571111197853722	4980.21755382151	0	0	0	0
"255"	1667775922.83333	8595.92383860547	0	396.538593627684	10879.2234866358	0.572934196203201	5235.21326297977	0	0	0	0
"256"	1667778322.11404	7371.48643514267	0	319.835078144136	9575.54699561912	0.564219918825907	4692.09773043003	0	0	0	0
"257"	1667780721.34837	9681.75715724316	0	453.424205910061	14191.2683362777	0.630441990142637	5641.69126719306	0	0	0	0
"258"	1667783120.78195	8100.11780635659	0	333.678491316834	13944.0530781843	0.656149940549611	5204.50499758666	0	0	0	0
"259"	1667785520.99373	5564.72013264387	0	342.939544963164	12093.603516749	0.575074603151027	4156.91650265815	0	0	0	0
"260"	1667787920.85213	5340.70381325045	0	313.197237099946	11396.3375155985	0.57218644911707	4065.76508151246	0	0	0	0
"261"	1667790319.68797	5873.61467598709	0	357.667925488316	12065.9445419701	0.656404177856591	4397.01660746236	0	0	0	0
"262"	1667792718.30075	6738.77152944946	0	357.895401397935	12220.7903773256	0.706192840409826	4999.9800258338	0	0	0	0
"263"	1667795119.24311	6473.29784790242	0	333.509646358902	10864.6038167043	0.638168069146556	4735.19294788541	0	0	0	0
"264"	1667797518.91729	6711.33315475952	0	388.106259385883	10427.1683404964	0.660259379025243	4897.32725747685	0	0	0	0
"265"	1667799918.74561	7711.7617477208	0	370.685971622149	11198.6945221031	0.780045470997842	5485.95893594354	0	0	0	0
"266"	1667802317.13534	8407.47504508547	0	434.018654456312	10355.1888805787	0.704739324500813	5604.1392576059	0	0	0	0
"267"	1667804715.85213	9082.54940013657	0	363.350974969632	10426.7596841796	0.794092027196056	6078.19833677652	0	0	0	0
"268"	1667807115.2594	7866.66122086791	0	472.095345136722	10418.8519097061	0.701779512005882	5382.28060345612	0	0	0	0
"269"	1667809515.49373	11250.4596459818	0	434.599569678577	14190.1356607803	0.708657796326298	6149.10915818784	0	0	0	0
"270"	1667811913.95739	11039.789892568	0	437.135034054037	14849.7297806006	0.778628348742023	6317.09096673589	0	0	0	0
"271"	1667814314.07018	9265.81448241011	0	360.857993423875	13150.5169969748	0.736749290948277	5703.31281921988	0	0	0	0
"272"	1667816712.48997	10087.2510002058	0	363.26348901845	12990.6295855397	0.627660579278552	6162.94019518639	0	0	0	0
"273"	1667819111.21178	12169.6726599617	15803.3255929703	383.594111029111	18003.9776920495	0.665814525957625	7063.37919479412	313.163611574362	16346.6828127298	1.1426167304819	8717.47491759553
"274"	1667821510.92857	13537.9767609331	7865.44922705628	453.852312194788	17805.7983843203	0.736397831064209	6962.40380109197	118.515020166481	6264.14931899616	0.494013256125957	3990.02920713734
"275"	1667823909.54637	14894.8689197268	7417.32965440401	404.896946242375	20213.208067908	1.11381709257369	7602.83316971488	138.572774947777	8206.2757408442	0.719119200223421	4474.30249607139
"276"	1667826308.57769	14284.6625159507	7416.90073650526	424.753376622674	19671.3787846114	0.750151998010671	6801.12876222706	118.576827690799	6076.90042318603	0.361273058163089	3657.56476353696
"277"	1667828709.00501	11472.1888690292	7420.09972932536	285.769666547965	13465.6340299282	0.540342620220216	5630.14064192169	115.225899548415	6089.73274830172	0.363679950607821	3491.61338888231
"278"	1667831108.44737	13448.6544752475	7326.27785508322	301.622696736824	16397.7512319642	0.577661938020315	6882.94039777376	111.801790666434	6132.49732009933	0.250089128559505	3304.46012169481
"279"	1667833508.28822	11602.8285100311	7409.9001591033	263.74397261445	13279.5452631155	0.553061174880207	5774.37570579227	115.272764285522	8419.23198491228	0.301362789900101	3007.78175971156
"280"	1667835906.9599	13448.8	6933.69272647206	311.394228269541	16734.3380463985	0.626676641069257	6591.7224523729	95.5985658149349	5916.10905698221	0.264061548742972	2903.08813775565
"281"	1667838306.61529	8213.19088596311	7653.76840354773	273.459018690051	12710.9919666347	0.538721782408831	5080.61772176701	115.317693677223	6368.44375846882	0.26327531154367	3236.45701864354
"282"	1667840705.78195	7255.50724377445	7002.75265618214	301.040447304625	11431.2692805276	0.516839200785679	4816.60851926554	107.149811058529	6297.42502370714	0.248803925572008	2938.7525316945
"283"	1667843104.28947	7227.31956775395	6956.9413510083	237.936229639646	10439.4310183627	0.520545125079811	4744.28125540635	132.382807574401	8938.34177180415	0.274428236758565	2933.82126654722
"284"	1667845504.26566	8548.05248966931	6403.51628653974	283.79168481067	15683.0625927406	0.578633574400166	5504.02472424937	118.225446475738	7952.52323598958	0.280381498360928	2704.17900133941
"285"	1667847902.79323	7309.70885355586	5281.34064579186	283.256088569972	13803.4177117945	0.552157054272138	4750.19178603772	117.568872568451	7601.00835549194	0.330302948348091	2540.13413139702
"286"	1667850301.97118	6073.95433124303	3704.78603655852	234.568247813673	12460.9198373611	0.52064376448044	4333.2919476544	98.6211539481664	6511.43011478779	0.234052974913364	1846.41739674372
"287"	1667852702.12531	6921.26774472281	4069.12434461985	273.749385350066	11655.4967716784	0.474646170497574	4623.44736617304	97.5405094979624	6217.76728275949	0.241405269297862	2089.09783270422
"288"	1667855100.98872	8238.14260166922	4658.52092073212	275.639808285484	12511.0006533727	0.578324756901119	5327.40228811011	102.817994884309	6365.97162033969	0.255295445548543	2296.48302461939
"289"	1667857501.29073	9279.8182448567	6119.09413418597	291.626315154511	12300.8818305171	0.594285984458086	5495.6889219626	111.663037938302	7014.03388178083	0.340144768542352	2757.21850913008
"290"	1667859900.35338	8776.11015661717	5891.46572534256	247.335170336678	11321.2207755796	0.510761314283632	5203.2092745951	115.217020867862	6596.17409909859	0.213592713349499	2570.07640096018
"291"	1667862299.35088	9473.12686512684	5027.75576835954	249.080269173128	10717.5617389951	0.492900831735115	5487.43731874178	98.3427202464077	5872.90385727454	0.233435305558464	2480.4756101731
"292"	1667864698.75063	9184.47451067974	5536.83711963311	278.983772254125	10934.0159255915	0.546828811694414	5500.67501702002	110.801378997488	5906.41434431482	0.232049309545669	2481.54124815645
"293"	1667867097.61278	10222.7960789677	7413.02023218191	232.813362250375	13765.3032020417	0.527656139204647	4891.70312977815	124.99416726324	8074.55884909705	0.290760975976199	2925.29382784944
"294"	1667869496.82206	10577.525775969	4961.20622012646	274.428252266544	13487.6173092642	0.570981540389164	5674.80001413039	84.5452262129683	5537.06555690592	0.228068196499412	2198.63583919773
"295"	1667871896.14286	9382.35267864091	6133.95396890051	289.819761552947	12576.0189581916	0.577541703793582	5172.13994948005	107.921413163991	6670.17083334203	0.270093108073814	2816.39064673922
"296"	1667874297.43358	10024.1409896836	6791.53176055676	295.390071995902	13155.9155581849	0.59798871566676	5706.44888254686	111.142155603796	6310.18305623868	0.276106946374875	2857.77884802838
"297"	1667876694.97619	11059.7691743306	7447.25100855647	307.828236947545	13125.9248725068	0.561663419718242	5994.93215116169	116.448009673725	6711.25460606704	0.30356073577068	3186.3977735771
"298"	1667879094.39474	12406.0887420876	7413.42990733893	358.426384996951	13715.5506456494	0.607946135218801	6504.38835537382	118.013186771356	6662.64361274443	0.333121928199586	3149.72804096559
"299"	1667881494.56391	11986.2588046194	7716.03500982211	295.313696773108	12311.5551930454	0.562426030507803	6223.13718360026	114.221069724638	6491.5607365459	0.358211492611028	3176.54667987448
"300"	1667883893.31955	11633.490486831	7509.97842849967	353.860096506024	12308.5763615526	0.593296159456081	6222.47480262959	125.338394295415	6697.5107121198	0.252375110254583	3180.10241653759
"301"	1667886293.1604	11479.2375373027	7230.57202583915	275.750556966448	11248.0302123606	0.454229756618416	5749.79128065789	99.8779321624572	5723.58188943082	0.252993747817756	2811.21263112132
"302"	1667888693.06391	14274.4096563029	8461.19325183798	367.377377341052	12153.0156489151	0.5627844832418	5923.12143444422	112.859968405589	6134.27057483016	0.266305513339647	3090.13398530195
"303"	1667891091.0213	14739.1349176256	7945.15967555919	413.248962896954	13092.6150393985	0.561285621632346	6487.7367360595	118.449820144233	6696.92513202631	0.42265169394424	3199.03885492598
"304"	1667893490.87218	14961.1652686917	7129.61981977832	450.591343877707	12588.2137724961	0.515450329363619	5973.02218242384	119.274310515033	7984.22698363862	0.330834151726314	2731.63709842897
"305"	1667895890.02506	15504.3747250641	7006.74971709816	388.457250806221	21191.4245703936	0.530214527093654	6504.26001720915	111.200997283273	7458.21001886376	0.329599854319078	2877.00399001858
"306"	1667898288.09023	16902.883878303	7465.53802644047	477.495353467471	17878.3652851149	0.705135532163073	7294.72482136589	108.712425029998	6375.16222908244	0.326679465139842	2897.53998313538
"307"	1667900687.87594	14812.0130332037	7329.71418616141	382.88337865371	16920.3444195603	0.683994749470402	6155.13884132271	119.432659201082	7015.42161415822	0.282131261696407	2936.83059345595
"308"	1667903088.14536	14737.8582342204	7009.89867316274	455.921581884422	16367.8998966927	0.624588365485812	6306.26789426294	112.606520662347	7025.10034329222	0.293770202007856	2839.71008029044
"309"	1667905486.46867	15548.1566174552	7377.85303876901	330.111443498588	14598.0700499026	0.52170890070133	5825.33866154904	122.898803558358	7620.78944173401	0.312211216576815	3099.67833416687
"310"	1667907885.67168	15317.8971404046	7312.43914482399	345.814545163706	15118.8060906329	0.623249502346749	6174.54919429189	113.42992193808	6908.92492721895	0.332476344211443	2869.88722948548
"311"	1667910285.75313	14604.2254567083	7376.3751728141	307.36056739119	21272.8135242699	0.656226496389194	5555.69770444056	133.855922685225	8956.21970761996	0.308477500964439	2962.94348687437
"312"	1667912685.74185	15706.9654758477	7774.06517732678	333.56448612958	16733.1833362919	0.647766878174503	5953.53076781777	129.293937945474	8459.64237512876	0.394077440853221	3009.83851749409
"313"	1667915083.94737	14595.8247901129	7580.66353389814	398.268846620281	18362.4690147119	0.630014113780762	5920.69027762495	117.306732336313	7346.61788105168	0.325846021279689	2833.34547505704
"314"	1667917483.17669	13703.7858415521	7210.33632405105	426.38070499036	20578.9674016495	0.73182907663814	6784.84169734592	117.337755810615	7617.95930754555	0.238586720870301	2715.02218109762
"315"	1667919882.87093	13517.9894772619	7493.37144711812	355.40487441794	15683.992141204	0.581235631806499	5456.84500336922	123.049984608366	7827.5617776538	0.33777588325803	2800.29945969587
"316"	1667922282.77068	13470.7471011547	6555.99282222443	396.340558984007	15959.2037855596	0.668546437970025	5984.15818280504	107.899395362943	7262.85614799857	0.305207065044508	2540.97542283088
"317"	1667924683.66416	8600.53053138917	7134.69068232599	292.523614347955	12810.3073957641	0.607006678015906	5063.97505098722	109.268601214113	7128.72167931981	0.272345942793927	2585.02323018109
"318"	1667927082.07519	8503.52920903625	7565.14894710611	235.948972412582	11357.7873948781	0.603486801199084	4843.11904263414	117.726864202073	7658.15206392327	0.288403764126095	2930.84957104944
"319"	1667929482.4787	8325.74293178308	7085.43691604387	272.053593760234	10366.2303193473	0.506055876574901	4685.32359446736	111.067707970248	6615.60929648572	0.265622468700101	2691.80743412627
"320"	1667931881.29198	7761.07840138001	7528.80801325411	197.345607856214	9173.94931750118	0.427549939934691	4201.04586086555	125.199612053918	9525.98264759205	0.251436064818135	2450.62818074392
"321"	1667934280.24311	13253.7436132522	7176.16147146826	354.265483861215	19712.0591429797	0.758543459805078	6971.55905253627	111.204456041324	7378.20465986507	0.239299567087813	2447.78568839508
"322"	1667936680.14411	13456.1255439938	6366.0388931568	295.156894240162	16987.1430084283	0.648979468067781	6503.31967090714	117.612215135273	7328.49069087814	0.307071099100643	2628.95652916913
"323"	1667939078.50501	9748.18386737017	5941.04915014386	265.409674389385	13092.2216030589	0.532095753083454	5247.37502468123	111.225821203777	6600.10465022142	0.265387728154897	2360.26757646853
"324"	1667941478.79449	9281.14668690805	6320.52343151036	234.407027610712	11980.4727865096	0.543703989825791	4936.83941961079	132.983758127786	7677.10827834065	0.31498001615484	2875.34132329156
"325"	1667943877.8208	9437.33741313549	5869.7220598254	272.190674534344	13459.0640139672	0.619129624618186	5585.165353284	108.565332360399	5433.26426789097	0.254201950272663	2277.33273651701
"326"	1667946277.08772	8585.99562290926	6465.52777199827	279.226450988697	12063.4355442822	0.513891219172647	4916.25106295865	113.504044323345	6419.76602245107	0.275052803175861	2619.68693057275
"327"	1667948676.3985	11032.6895564178	6138.68629726456	270.597252611772	10968.4832050079	0.54999723231039	5939.59400208269	123.483926180885	6754.4325753319	0.299453687708031	2661.9201005826
"328"	1667951076.79073	13570.7123624472	7455.52935672417	315.124685678822	12362.7077834303	0.46858214924796	5773.18963658231	125.483639506947	6638.16356714584	0.224561552301702	2837.11019708669
"329"	1667953475.26441	11255.3138755297	7675.61796826164	262.365444557161	16529.8660002723	0.413374770672047	4724.95786540737	126.358641124832	7639.33152551703	0.209045861001964	2833.72140056035
"330"	1667955873.84837	9807.37841288788	7134.06642548863	243.520260201588	13763.0848315322	0.511707012144294	4784.20222791217	122.37783817199	7499.01272433976	0.330825094610623	2859.89920217965
"331"	1667958274.23058	8259.1784198205	4526.82919263983	272.231762350818	12059.1937153765	0.521205377420421	4510.73569192967	108.243382716941	6224.92996494585	0.250951146173721	2168.31986208275
"332"	1667960672.91855	8743.60237701682	6018.85428210644	259.309193957073	12456.1259908576	0.571992373029233	5200.30659810562	135.658576537188	7073.28316730025	0.254634868198491	2744.78702607958
"333"	1667963073.25313	9441.55616744584	5748.52293174412	310.189669253779	12783.0144378598	0.481750272604116	5303.38459348977	107.07159079938	5711.34131573449	0.20821009177981	2352.85671842854
"334"	1667965472.69925	10407.660352952	6975.45979894779	279.918536120336	12252.2590636025	0.643797801017617	5618.77161549682	120.481193801505	6433.68370269185	0.326319710889082	2801.35206341774
"335"	1667967870.82832	10703.1284846209	6295.1867331242	258.030696221267	11686.2820090861	0.522217449339288	5609.99589106268	121.597199199297	6242.82812937967	0.253908303561834	2667.76258406169
"336"	1667970271.26692	9813.56134711508	6162.64082455029	307.670737069723	11809.621060956	0.54927094579735	5309.52429994105	117.421575027622	5999.79590804212	0.27201830483354	2595.06664634852
"337"	1667972671.15789	9007.21772563851	5357.99138891404	277.454199533993	10980.6893515796	0.582594165098157	5321.24463490991	114.493912785948	6112.29793689617	0.265616576349685	2490.48390724649
"338"	1667975069.61905	9479.83727791968	6671.11574945132	277.261112564061	10278.2883441374	0.386842222855227	5544.91223521166	133.073599664697	6449.27924264829	0.249960029914146	2902.0971768622
"339"	1667977469.48371	9688.37920376413	7472.5431725271	276.512088377262	10673.2067265107	0.459096238074282	5589.22762066744	132.149361152186	7180.08115606953	0.252339295214202	3105.9177234166
"340"	1667979868.19048	9665.99477793219	7644.11515807942	272.62986568696	11005.8295106529	0.563409323036998	5583.03974838757	133.538379639867	8291.76374840632	0.251765192044363	2862.83902195267
"341"	1667982268.77945	11708.6862895409	7132.66425129774	272.41184795707	15371.8881870461	0.477472385363238	4890.48225285274	116.057765200981	7549.15104925046	0.262627989751944	2644.48124073111
"342"	1667984668.57018	11384.551663818	7918.9442713231	273.591082497617	13610.2700978993	0.552964706098568	5978.28116081571	121.43016148563	7645.1721108453	0.250568311233132	2700.00049318244
"343"	1667987067.29323	11132.8325788209	7486.25309842735	293.755700795794	14750.0105224557	0.618210495849559	6096.5102782665	119.620330191983	7519.5585709885	0.193230739896093	2653.73257235161
"344"	1667989467.37719	11734.2118647601	7072.87759801156	314.567980096034	12710.6572671317	0.525227377570114	5075.26242495007	112.514543747762	6852.49540938737	0.18429717201561	2362.27940355913
"345"	1667991866.92732	14343.9768908932	6666.98350294131	309.953982969388	13524.0345843556	0.574683335221712	5699.77331306688	106.624741015126	6512.35267375569	0.143602385157074	2233.09296646372
"346"	1667994263.81328	14765.4354853275	7277.27408337726	376.485372677628	14745.4307719286	0.767589420935302	6129.97737494076	117.377414098698	7209.66938592577	0.246268204894391	2420.97063798155
"347"	1667996662.95113	14520.2174035065	7834.90177187029	374.761457104999	24223.8887763956	0.60315549361586	6062.65680723804	131.058193195147	9136.92352216004	0.265522227094877	2722.74818669925
"348"	1667999064.07268	14204.7936741473	7299.2778951786	315.798105285066	17234.2175148375	0.585585445705122	5924.40694655951	114.465161587124	7798.18425213281	0.207841409006086	2320.25682219044
"349"	1668001462.70301	13578.680954363	6845.91783344413	431.441436617589	18306.8964976055	0.592228245376967	6169.02473728329	115.333368432357	6958.69779165491	0.204108261851883	2257.3290178436
"350"	1668003862.17669	13448.8	7188.25680038295	360.661242719011	16000.9718615497	0.547929979347559	6015.50568100385	115.918109513055	7143.04573802554	0.182852210694479	2305.33298591865
"351"	1668006262.09273	13628.4463596873	7370.03258119577	491.437630547858	18563.1576202654	0.686046809565076	6602.84106985146	119.462838082025	8280.93916912273	0.175464103665347	2240.71518793859
"352"	1668008661.39348	13541.7004435399	7206.83261431783	422.10282347528	15883.1046788598	0.636492217807166	6031.68455179441	115.932541118521	7527.13900825979	0.231341089470711	2194.37685939009
"353"	1668011059.38346	10011.0130152516	7456.16870731378	271.585828002428	13303.1900828464	0.445305640675867	5445.69674926774	116.029305625052	7693.19594726113	0.181207882849125	2194.88780753198
"354"	1668013459.87845	9449.61988081021	7545.67497883573	270.724247448614	11439.8215778158	0.484027012152476	4753.17886552541	122.519920008298	7682.52579591118	0.169802101393066	2376.87405598983
"355"	1668015857.96617	7755.9205401006	7486.30564150343	222.756321776873	10414.4038203216	0.391319337841387	4235.03669886758	155.620116267437	10289.2303966205	0.276072427560492	2869.16451609559
"356"	1668098753.83083	14345.94812318	17807.9978367684	480.23060302957	17836.9408122438	1.19928757064973	6779.05477800764	287.05741949848	18684.7466012371	0.591214488930228	4816.94602384746
"357"	1668101152.23434	13448.8	17205.1536349092	394.059433299302	14973.351828692	0.88745598915367	6385.93444402883	260.533512610313	15796.4311563249	0.500196029599454	4513.87834917776
"358"	1668103551.58396	10196.8443452353	17586.3789310023	267.329835360394	10673.0153577879	0.607165914419405	5152.90499738388	305.357333516404	22495.2454971811	0.60678842342372	4775.84370014369
"359"	1668105950.29574	19161.1286647886	18188.3430079888	612.444963179399	24762.7942388622	1.35650457890091	9775.05326790173	339.816305685484	21870.5155890088	0.614949818986165	4967.05683514193
"360"	1668108349.2381	14792.393704393	17481.9882292214	346.177914803696	17101.1866656469	0.927439769321752	6567.410910499	262.673700336187	16700.8540954986	0.536148136520195	4400.53041225049
"361"	1668110749.31203	13631.9745790543	16959.0854462996	481.745486391389	17170.2061410884	0.811795270814486	6171.24796101421	288.209328252489	16627.7477923623	0.575360776610152	4717.9056383107
"362"	1668113148.6792	10487.5217669227	17125.2969055889	306.262640157206	13191.2981377801	0.637140984761873	4904.99768922623	306.704340985145	16752.6708709007	0.591452043134746	4798.33855946797
"363"	1668115548.401	10043.6626434847	17091.294834789	321.26641815852	12725.3273817439	0.66601876942024	5076.00220163139	283.337747826379	16318.4233827739	0.540926401795477	4774.81365135466
"364"	1668117947.13158	10558.384167851	16631.0684265334	280.17925496282	12423.4613818772	0.669033194463197	5137.6460175726	319.785634883506	16757.8488732467	0.605606697813583	5155.98676061683
"365"	1668120346.42356	11961.5955944121	16903.0587565102	350.241546735819	12869.0273621338	0.815452127935642	5567.52291118876	321.475021952253	16765.289944819	0.728979108674614	5302.3796526772
"366"	1668122747.7005	14422.3245859172	16864.7777051368	313.484000810689	13344.1590182563	0.689112348765395	6061.23072002778	257.062735908649	14164.313611728	0.44804002302762	4249.07803201093
"367"	1668125146.34211	14510.4871629322	17463.8545734945	438.408901211174	15129.1532077879	1.06064238368414	6401.34018471713	306.547948876007	16717.2446240213	0.511129107095116	5180.02892686086
"368"	1668127545.6604	15402.9965841564	16652.3648180695	322.115136419169	14661.1741842815	0.779247819293007	6007.44090932882	261.915659122028	14045.9290160631	0.615075747474121	4477.53325814342
"369"	1668129944.55514	14598.447182924	16383.9913675447	369.776177154456	17390.6816876726	0.952223740983168	6304.26805885789	253.52391898103	13547.2940498278	0.717903094543877	4492.90293500955
"370"	1668132344.24561	14074.2947209919	16427.8556131112	369.001634734484	16748.4712731621	0.965584331615975	6081.80059242965	258.211061496577	12976.3668992382	0.638792738894082	4499.03666823433
"371"	1668134741.80075	14170.3370674468	16390.3528918838	339.242219320307	15174.7712849515	0.872036717209225	5664.71060600397	267.452403126604	13114.7499031967	0.61104878858408	4536.53042903223
"372"	1668137142.59148	15312.1402283557	15485.4658945757	500.265482620118	16617.7849905728	1.01124884453796	6856.29156353413	247.950703357832	11755.3454940048	0.452546406447997	4156.74346118713
"373"	1668139542.24436	15756.4456200491	16389.1675598692	381.26482261662	14393.2832221041	0.762897003551064	6404.22732041716	269.66037490272	12526.0080376085	0.652662382521805	4580.01717604108
"374"	1668141940.5	16040.7787024813	16381.7512532666	334.353906397122	13274.7344860238	0.821540715665714	6173.34175641921	272.304215514524	12510.058293999	0.640693770294803	4581.15025726318
"375"	1668144340.81454	15458.4352540673	16312.7621173291	397.801761489273	12893.3254396258	0.873561399089767	5962.1509144607	260.153935326989	11832.8291592761	0.682754572945646	4314.43426873117
"376"	1668146740.1817	14913.861420979	16318.9049076918	326.513664120515	11848.4209393048	0.836111212632221	5620.61284372329	293.701693001423	12878.7212599834	0.73594864549073	4856.0347581068
"377"	1668149140.39599	14782.7274581419	16875.9289076568	397.975755034601	17883.8064074503	1.03382593600019	7082.70634071354	298.42917284667	14447.0427187484	0.63441689162638	4858.35207604607
"378"	1668151539.15915	15473.230200735	16389.2804210723	383.142734405726	8747.72916670326	0.75228101845752	6115.90184786385	376.140580492594	19853.3290671416	1.07975999013411	6229.61401399875
"379"	1668153939.09399	14683.0454850288	7369.32729508003	362.111229066695	10372.413489425	0.803979335705034	6144.42953484213	135.76399331253	7705.07311629935	0.237063616764733	1882.22646316873
"380"	1668156337.89223	14894.0832927199	6515.12893473044	293.59762382635	11005.6508946654	0.769499010522833	5548.64824353442	107.222079075383	6471.4577254628	0.258806333576786	1629.68633026383
"381"	1668158737.77068	13450.5063141136	7230.5281963478	388.784972998375	12152.8993114276	0.942109917020925	6183.66033984272	125.372691853022	7375.21776175821	0.247761305599374	1868.73911819939
"382"	1668161136.32331	12265.4458367826	7385.51034934436	269.664650773496	12897.9167209124	0.740336239468135	5524.60193841954	128.74175509333	8140.14052213159	0.330371062338203	1896.35459205453
"383"	1668163536.07394	14408.2623863547	7483.24540314604	280.613858485536	11126.3646864771	0.659415067675391	5531.94536945352	122.639088369592	7459.4471045615	0.262618817675359	1874.71482134773
"384"	1668165935.66917	14537.8028806795	7081.6273608371	301.632867681656	10908.1935134414	0.921040679302924	6026.36109984242	120.352419780314	6500.50725705365	0.260719250473916	1738.30240138733
"385"	1668168334.75063	14572.3389366677	6922.93203889577	298.01393114979	10244.309420417	0.789109828391664	5887.8351924418	134.165542704593	7729.16365720482	0.278859479737058	1921.78966151078
"386"	1668170734.51003	18117.3875483012	7735.75064724397	253.793671793303	11442.5344044027	0.869686130167152	6000.6968809413	141.315527214026	9515.19144876767	0.340133449495036	1922.08219123174
"387"	1668173133.36216	16978.7328747935	7517.58076546376	272.08290346633	10470.9958538014	0.854211646618778	5725.85708679816	135.409814963522	8275.47254946779	0.34649969524319	1999.71465431959
"388"	1668175531.88095	18133.4847140958	6918.3099059658	314.494655298641	11837.9229470926	0.956535002614285	6247.03890354342	127.922546299392	7950.0550108253	0.257258294710144	1789.97599996541
"389"	1668177932.28697	22143.8743600093	7256.72311127771	408.828633001971	13868.1642241012	1.24714031327068	8266.46740758486	127.81897522652	8246.47097871206	0.349791379079364	2028.09683333847
"390"	1668180331.60401	23559.151536149	8259.90080942917	410.099849997095	15496.6335689509	1.25379325177631	9063.56297754563	147.203182618019	9417.75859818078	0.423698478065862	2427.80203563594
"391"	1668182731.05639	21632.2663994331	7222.26276532514	338.777395116742	12156.7532224385	1.15191199815217	7779.2875084072	135.008444690342	8658.00012843038	0.40654345295774	2342.47309716405
"392"	1668185128.68672	18590.6810763914	7118.35021064288	360.279061472502	12379.9892120639	0.979670348339735	6453.76515532288	133.97906090674	7826.35941675905	0.379339723792426	2300.98160210377
"393"	1668187528.19674	17509.3545127743	7334.00053587375	380.122993395542	11443.7076798593	0.753336219191674	5993.33356411405	121.090283019901	6945.96928873727	0.27469988798781	2127.54379507994
"394"	1668189928.58897	15168.4559656684	7362.75485467791	291.520454940775	10048.554971565	0.767927050961067	5317.06067029604	140.293773519874	8591.28322551937	0.277662110610178	1788.38681594756
"395"	1668192327.29073	14656.2641409818	7982.97478023983	379.551820671692	12772.833655833	0.711741299315848	5008.01520359541	141.018985241101	7947.35425658813	0.326197189208255	2123.46799633345
"396"	1668194726.31203	14210.7053623818	7313.6736972339	322.529315271983	11672.8357550001	0.780574679068726	5531.19722511539	123.226246439262	6821.06930879834	0.287212913324804	1955.41636164458
"397"	1668197125.7594	10940.0624189657	7753.68689943432	353.061149047311	10954.5007781972	0.8555976081285	5559.80517415709	135.242754205518	6722.99331078468	0.296549740115434	2035.55482260036
"398"	1668199525.33083	9040.21872824147	7264.33607541745	276.82171541178	9096.96025754528	0.628240056846128	4575.56274850003	123.114244487934	6222.53054394465	0.253081073474502	1865.77127576972
"399"	1668201924.01754	9804.36877203906	7521.70792559162	387.006979027639	10475.8498918566	0.72426983307541	5594.85988662176	137.031700628169	6669.54302022039	0.257867896763506	2151.48846509944
"400"	1668204324.42481	8246.77335648059	6932.87828413234	269.460908661231	8671.46465384999	0.783668081455558	4772.17983463886	138.743847855842	6622.6962304835	0.267787432998024	2141.21097248329
"401"	1668206723.36842	8595.28372177869	7491.87362262779	349.999949950824	8230.81780708272	0.723634726347014	5157.66884594478	131.221291228908	6492.52235624221	0.251000911991102	2062.41773377525
"402"	1668209122.45739	10077.9328679364	7306.59389527071	323.174043079228	8651.2058936076	0.800323290457326	5540.02174871301	131.279502377821	6479.82501768263	0.306712936785439	1989.34327818735
"403"	1668211523.44737	11002.5399378388	7200.99968351644	305.463211306264	12323.7048396055	0.700688935697796	5626.6902132204	124.711775250112	6221.5043515265	0.268504418453948	1967.42822554464
"404"	1668213920.94612	14133.1801871945	7272.24722140885	292.418169896205	12435.1388685351	0.6687735117337	5714.70030061735	115.807507366972	5618.43437435538	0.248424799367573	1887.11952183689
"405"	1668216321.37594	13572.7508259457	7148.25830540216	371.85985131373	12307.6467770177	0.836598465250215	6239.3749666204	115.7544187066	5173.45871732719	0.177065177302927	1863.23862387732
"406"	1668218720.5	13448.8	7522.72284699963	370.768337135399	12502.6978372454	0.76449851041729	6007.41153855607	127.84111264087	5442.55093942906	0.204856749436172	1925.41985270757
"407"	1668221119.85714	11364.8181235705	7449.82578103724	288.288348205808	10077.8421067169	0.807740310941143	5659.43344044421	140.452099422853	5717.6724642118	0.217789843458803	2092.63095858793
"408"	1668223519.73935	10480.5051788419	7293.34580601514	333.183776464893	10008.8617235838	0.777515056334735	5736.43705684248	122.679628090445	5002.78650472534	0.216804147801007	1814.47151825204
"409"	1668225918.72807	9701.05674801184	7691.67618446606	237.348795293999	8763.71441816805	0.776941634405503	5214.87935441531	130.099180721837	5384.35204595875	0.303756709266655	1882.21458567172
"410"	1668228317.98371	9997.11188261708	7062.41554651117	330.857569547605	9235.88426789936	0.765994640991615	5530.23648249946	119.177309761713	4686.57877949381	0.209365459290776	1709.05810772037
"411"	1668230718.2782	10826.7778700912	7046.89416482572	276.582570117497	8502.34138578354	0.701111649783094	5451.86684577352	124.255050126001	4855.20068970493	0.178161622254048	1857.90219197512
"412"	1668233117.10777	11996.7616473067	7152.66810320841	346.529701059046	9177.38302273146	0.768433820231771	5972.96964547667	143.386578348409	5371.14294338729	0.282412234743714	2008.25477840052
"413"	1668235515.94737	11163.5311342237	7469.87986676986	322.820980670437	8697.00811272847	0.806442176345319	5815.01615814413	137.218590926467	5459.96998926784	0.292757037086564	2127.59329982858
"414"	1668237914.68045	12749.3473377967	7702.00639156354	406.542919887854	10155.0895676905	1.18967897525886	7170.49350663205	156.325277015026	7894.78319508534	0.271855964360641	1854.82561700429
"415"	1668240314.92606	14099.7130814027	7025.96494204268	298.642136283204	8770.98439754656	0.486389777920103	5288.50844081793	118.419007884438	6317.98039885363	0.226975611608262	1634.19027362743
"416"	1668242714.53133	13933.3629258131	7668.66225290739	426.072719377688	10308.2594155159	0.781099830850666	6268.81664560355	143.411313879516	9236.08703763777	0.282255023994758	1930.26908404858
"417"	1668245114.29198	13615.5762740651	7406.20080936969	375.108332129382	12045.1348865175	0.919548390703118	6396.89870076075	129.823185561197	8133.82803699952	0.26567619545789	1820.36864439571
"418"	1668247513.16541	14773.2250058324	7850.97047519541	388.782543840349	10966.410333807	0.71545078338505	5308.57353975089	129.000592404596	7894.81765732739	0.269780976135523	1953.85578635119
"419"	1668249912.78822	13980.5639960653	7467.94392319294	364.328615073877	11230.5889859505	0.809384749072173	5413.6816388366	144.125255332724	7662.10098920836	0.296049470152731	2066.0361754448
"420"	1668252312.36967	13448.8	7243.93614832213	395.079854215242	11216.8197701424	0.656582089529937	5037.38686765848	142.419166418187	7841.48680020655	0.417538560729748	2089.12049452226
"421"	1668254710.93358	14057.5000521266	7871.56109392912	276.28706085133	9709.02168523713	0.566858443124032	4722.84757985526	143.718870489425	8709.99315228371	0.301979341583116	2074.46385094436
"422"	1668257111.71429	17763.8565181636	9745.85366132049	364.050355666898	12318.9629030697	0.856404780090269	5610.3785900678	140.655930720594	9120.97342505528	0.346989622176492	2107.81464764758
"423"	1668259509.92982	21595.1293588772	6930.17861967848	380.096991364118	13665.8807715193	1.12487562246511	6623.4141735485	118.401199394846	7943.52193991168	0.236848410200611	1639.25610245524
"424"	1668261909.30451	23075.7660757317	8026.58920158816	450.382827934227	13216.7695220598	0.918886457471403	6844.9266819618	136.298061427778	8870.21330303157	0.282618737118582	1980.12931429227
"425"	1668264308.98747	21770.7952207219	6974.86295662579	379.953229862564	13777.7990324085	0.93774215941447	7522.57115507338	125.750229353455	8495.08137120174	0.265749342960678	1856.35570632191
"426"	1668266708.62657	22105.1102350945	7330.04764409458	351.069694091003	14141.2311176707	1.0658669558798	7196.03801084103	140.414880131283	8969.4337857462	0.325889063893731	2055.01963098443
"427"	1668269108.51754	22085.6149516546	6851.46504180552	336.162628845195	12996.4580758611	1.02517564203801	7001.314993225	125.027982400531	8094.45301187627	0.360805425839594	1971.24846640637
"428"	1668271506.17419	19403.4156063645	7369.90165623054	319.459536790885	12883.6349451871	0.84985362297512	6478.55557060802	134.058787481733	8066.05753022161	0.307107302381048	2154.88154991796
"429"	1668273906.07895	15720.9816762927	7260.99206632829	249.189413037399	9877.68514175822	0.548790850281081	5076.44291003161	127.985032711655	6939.20833761402	0.320655399690942	1961.41165994822
"430"	1668276306.5614	14931.379718047	7543.94664565173	316.557114624205	9920.90804605983	0.725387044382502	5199.42783214684	143.014259402652	9628.69508247036	0.349044139802687	1899.92975920295
"431"	1668278705.53258	14827.6400856243	6968.56374750569	268.481883095028	13007.5511007897	0.610377906062675	4495.45742887095	111.986470063598	6537.49727825448	0.26834848495958	1636.38129463118
"432"	1668281104.72807	14717.3427769106	7291.1191289042	357.805247465095	10455.9172631923	0.63665676579558	4602.00039238286	126.872773474067	6953.70740794221	0.268434302587278	1787.77103779561
"433"	1668283505.55013	13449.5586999282	7838.83561942629	303.406108140083	11191.461489998	0.747964096583095	5102.70372703177	138.73592428682	7501.59855059878	0.29396713379724	2058.48167207271
"434"	1668285903.97744	10328.2452805849	6770.56950571075	327.651346569222	9926.75064483679	0.764164231666517	5137.95815966216	135.079003897751	6124.89617109199	0.24468498264373	1773.13305325964
"435"	1668288302.20802	9081.77574403717	8034.27809064034	308.797847562532	9339.15782312162	0.684322012234343	4757.99966427714	149.997428946487	7293.91675903976	0.342820862899117	2169.67430418299
"436"	1668290702.2406	7755.19224955548	7443.70757827201	308.376769946696	8349.55689194089	0.684894253665867	4241.91304466864	149.514825565898	6700.1011527015	0.292202122115404	2111.47031631887
"437"	1668293100.3797	7653.87459247244	8081.47442082994	311.384538641566	8090.22398502559	0.594641631076714	4311.49906620784	151.269059607099	7251.1069649481	0.281366970885279	2316.24195405719
"438"	1668295501.7807	7303.70355270247	7275.37337494587	301.370669732683	8331.73941616903	0.733883061531633	4447.20468583634	146.314420603454	6975.12522678015	0.306043138741976	2242.30437104479
"439"	1668297900.04762	5543.93751140164	7700.86983396714	233.878806543723	8639.01879797325	0.549064429409697	3845.28404497973	141.851015627324	7152.30363550934	0.270576066242495	2213.52875723553
"440"	1668300298.8985	8459.7984960635	7746.25377538459	297.315159930403	10096.7075577394	0.732667257508673	5163.52385972112	134.140775683496	6410.93167257213	0.257092913199617	2163.63501634436
"441"	1668302699.25313	6276.04396968104	8186.13748597718	309.660736038573	9513.31917422194	0.578500784507654	4119.30383900141	253.206063035331	10975.7221815784	0.482290623061273	2863.9375708519
"442"	1668305099.802	4627.84149271735	7432.06320984275	292.074249146909	8527.17926718291	0.506471464163984	3573.85993830317	136.822631326172	7044.43572856871	0.15867466535045	1953.94189727082
"443"	1668307497.14787	5244.47977196439	7702.70949991992	253.161882503648	8589.33079893834	0.449251077100743	3931.05696565991	136.848451326811	7000.94072910483	0.256962465062008	2076.10081825459
"444"	1668309898.47744	4654.83604311423	5890.37987660493	272.634988842797	7577.28716111723	0.487402536049159	3504.27170361874	133.529206914761	6773.29698506765	0.229572178182213	1918.9909596097
"445"	1668312297.48622	5124.35209130207	6322.78119292368	275.345513032748	8288.84681202904	0.62612116856278	4028.81191544962	144.728684519608	6850.3445629568	0.263384166867076	1976.64459566943
"446"	1668314696.13283	4758.90339253678	5789.94428186511	281.155271933983	7326.54393089416	0.5822582901888	3884.21029093951	138.627504200249	5990.30678494611	0.193544771137833	1837.63464813548
"447"	1668317095.56015	4828.31035932404	6454.0845323434	242.620400692689	7232.43906932597	0.604997224068515	3860.98011538663	156.205305197571	6612.3151063349	0.271029723699513	2252.57011280179
"448"	1668319495.52005	4433.22352820922	5944.28396932453	260.886216662689	6702.59155727135	0.552186682533227	3612.13579737615	151.450307256787	6418.17375443118	0.336061458347829	2195.0427164643
"449"	1668321894.30326	4141.19428271081	6265.24152782056	260.902537609823	6794.54160000206	0.530881618121262	3503.9893789708	175.231319398894	7504.61573307508	0.2723333314233	2434.37556027612
"450"	1668324293.6015	3715.64070730378	6569.7480894361	267.649871952737	6257.81006616802	0.502264202802514	3277.72719966879	160.960010131876	6612.76779712923	0.231929577693734	2129.24655897481
"451"	1668326693.21679	3802.4584815301	6900.75488695791	252.271027142749	6313.79371934403	0.542737770203404	3606.87941431774	152.068625643318	7771.51378172786	0.314295893964305	2329.89633652488
"452"	1668329091.79449	4427.14663218005	7960.4757731304	267.309850862082	6893.24151740534	0.687738059870126	4258.21417115436	187.900788966461	9979.46027060403	0.468096049293708	2663.19442844866
"453"	1668331491.41353	4814.50073636372	7515.8766827274	246.082158878572	7305.30499047914	0.698798160248239	4307.41017237507	145.000466317336	9052.20683605203	0.226724627248955	2057.60548058592
"454"	1668333893.2995	6600.31555199545	7540.4229057892	312.878236304304	9274.75713720943	0.782852221740854	5134.75778003691	133.927053279793	8408.17520569013	0.311449097158716	2032.91682691619
"455"	1668336291.79073	3934.59103246041	7425.92281807291	227.177372039549	7590.14505824289	0.56178424613623	3455.54371910396	158.161064640782	8166.42488531466	0.298858833089957	2204.32754173894
"456"	1668338690.71805	3703.34237696008	7447.6341885124	266.972708768651	8106.33656285454	0.580323420135687	3369.19544374354	157.736818430701	8289.05387030425	0.306889549834806	2411.48616706427
"457"	1668341088.8396	5135.87356978059	7617.22529345601	273.797054827103	8553.15527024238	0.638202568405792	4290.62305965805	153.236048277535	9925.31906634256	0.350448177676224	2146.03903854708
"458"	1668343488.95363	8923.11209279032	7759.29067128789	285.965454562116	12211.5921451199	0.870280647090527	6034.61506598305	148.58022528117	9321.8646958678	0.229456811061611	1877.25498607172
"459"	1668345888.42857	9782.74609555151	7613.13396569988	337.718556725164	11661.9040430457	0.777178519737999	6249.075499395	138.859665857243	8905.11926496927	0.213411072644014	1918.33499389289
"460"	1668348287.63659	6771.42147320083	7701.61560535088	267.332318697052	9658.09236031847	0.630204396969942	4770.38080010782	145.113755299956	9219.26852314797	0.180706538122204	1944.6360642557
"461"	1668350686.46241	7132.9484269072	7723.11779744089	271.270819736334	11035.4805718572	0.761899482580216	5203.49689919293	166.592569552576	10684.8905528109	0.251245693976878	2143.73717843513
"462"	1668353086.57895	8375.77584859469	7377.08019531197	321.596995779163	9577.37956206639	0.750544538556597	5562.01113282827	139.327543452967	8923.23361947192	0.19820154409984	1952.73760887803
"463"	1668355485.3797	7084.83110855468	6855.21287133882	297.239785171347	9078.96288569939	0.749616902605051	5155.1879955805	133.187011110916	8385.09929602448	0.254079643540942	1943.0838368057
"464"	1668357885.09399	4970.59239083573	7623.59693950122	317.406586288453	8337.82710854891	0.61131893638816	3959.37031309296	144.809048764835	8543.6571129999	0.299297500064688	2075.44049868785
"465"	1668360284.01629	4000.8677965358	8215.60346033506	237.931856984315	6812.67814697531	0.584104474789125	3429.59231739754	154.686604123672	8673.00284369678	0.332597968306165	2346.93031710981
"466"	1668362683.38471	3322.19812873447	8549.02171122042	275.355621040788	7186.31969880285	0.640936825754731	3288.26362643723	163.750904189068	10030.8487557682	0.290253696661191	2247.00539430683
"467"	1668365080.84461	4483.88848848522	5285.73542441172	263.932484014121	9915.32909161868	0.698506964323624	3652.17251330527	139.240948636156	7957.79746703127	0.29967027695972	1797.77377266192
"468"	1668367481.17669	4115.22547317387	3522.68634596834	256.884412608771	8064.83429778937	0.661769302907705	3645.95856225304	122.265645835541	6651.03828284392	0.242733403612851	1359.94946475535
"469"	1668369880.45739	2854.61812236874	4380.48517356441	236.527502336593	7179.83840741468	0.537794508693361	2752.86354740025	142.627912888939	6798.95573112256	0.226077422456534	1648.20316844206
"470"	1668372281.53509	3096.28106560263	5740.57695179599	253.377411898857	7324.57262332786	0.503313169511627	2973.64523268804	148.792345389526	7429.92270596516	0.29191605335623	2103.46492537508
"471"	1668374679.50376	3578.44471245848	4333.34390050103	261.643071032189	7978.53775946401	0.659064122308905	3569.54002688446	131.194704693157	6151.30246246573	0.255892318342714	1649.9716552141
"472"	1668377079.71178	3494.97522558252	5339.67250868032	259.064283755409	7260.41054263181	0.640770337580878	3452.83901798819	147.904526942025	6543.46314618582	0.229526771061601	2007.2085980416
"473"	1668379479.17419	3499.28377281876	5657.13600463451	237.978698024892	6741.61192686705	0.656237533674379	3575.41748409297	161.532956864971	7284.78309993682	0.296280170795841	2191.53055591129
"474"	1668381877.88972	3352.48286496133	5787.09092562907	245.450235822085	6909.92632865804	0.718189437344367	3568.3875766527	156.37187017172	7070.11664808835	0.266370231091835	2178.45762806474
"475"	1668384277.13784	3489.28056138527	6557.43181230588	285.875087061588	8319.2819570323	0.679111189769865	3572.70035989589	196.934004381366	8962.47599065719	0.372751482886457	2882.00768593016
"476"	1668386676.86842	5687.12777727563	7604.2514834066	321.509989470068	9911.75775665339	0.844167522045788	4971.89280340507	149.224313244535	7656.61318673911	0.301170851510605	2221.80253051598
"477"	1668389075.4198	3777.81648541444	3966.46324001317	239.436217696398	8181.1616799049	0.724531311068368	3722.48490081343	122.58550268826	6634.3761885515	0.227027606311082	1490.98311740012
"478"	1668391475.11278	3502.15842706789	4170.24283471071	262.968841591873	7610.50516136601	0.590448306837412	3417.62767737132	129.787773545041	6547.47194538877	0.233263916315334	1522.51708993281
"479"	1668393873.65288	3853.75568411097	4990.39958063779	226.239297477319	7252.13642612047	0.63671377052296	3608.36322767615	134.177065563914	6257.27794732209	0.206167377997879	1744.58368569954
"480"	1668396273.81955	4645.50875261253	5980.93933080414	272.284219062751	8214.38712178805	0.741726105588636	4374.12550488217	152.406867048022	6523.78787232695	0.235005447201465	2054.26851504998
"481"	1668398672.58396	4239.18380600565	6047.58674883307	236.651634085065	7673.90421856923	0.708749655760222	3974.31327405651	148.88466809048	6632.30503353272	0.290691969451503	2130.74323352627
"482"	1668401071.68421	4159.60668923446	5890.50066490047	222.243385604474	7178.56285692506	0.702371875005124	3928.52624245401	134.245227270103	5896.60675825741	0.249419083506741	1926.32865197637
"483"	1668403471.22682	4013.27778362809	6670.55664820259	255.806092302809	6784.03864873457	0.650348873845348	3856.95792830666	164.425078791822	7067.00537715608	0.387134747537684	2386.27785025566
"484"	1668405870.69925	4550.68098489856	6455.68847305428	229.955752836823	7150.67075340396	0.74957930959191	4201.38745409396	155.105322349259	6368.16111264711	0.311342806880443	2164.85696102313
"485"	1668408270.80075	4976.95498723973	5986.72728297245	314.781203279451	7219.34425025428	0.673921030430382	4353.79623187793	150.31580887121	6205.5135926445	0.350276610609164	2207.94321978904
"486"	1668410669.28321	4879.90877625197	7657.28157348437	228.389735012434	7306.54812106613	0.728075297260003	4362.60240557151	175.901213394753	8582.21581144313	0.244172090313679	2381.09854822107
"487"	1668413068.8985	5080.79683304841	8129.88644188359	264.000501952949	9330.95668330862	0.565769420079006	3799.74077907396	152.931407652692	8632.21917533849	0.254428749200299	2208.35699094848
"488"	1668415468.94737	6420.71242279501	7800.01531123836	240.380004201812	9136.51635533917	0.795473848597044	5097.73241956225	147.502508248972	8080.4971978211	0.240991645429487	2132.76337540075
"489"	1668417868.31955	4523.07223007099	7721.52031309124	266.483261388375	7991.05354928005	0.655358847929979	3995.59422760432	165.453342540405	8608.31042762206	0.256467909328393	2148.77787362189
"490"	1668420267.84085	4324.86240127653	8085.02473075605	249.241566544837	7799.9905885078	0.565112638087162	3733.17413690651	171.001637336115	8869.99749014539	0.326544463005166	2237.38784420512
"491"	1668422666.59774	4054.86589466461	12341.9455187003	231.427146562581	7236.62755358157	0.616939275766836	3563.37656379636	223.052166096439	13559.7783029377	0.427754377004088	3028.25757789137
"492"	1668425066.89474	6616.88865542624	11642.9753110962	292.461373525213	8758.16532373732	0.868551947787222	5754.25907100703	209.870095000404	12886.4240900677	0.321358176240247	3017.05190937205
"493"	1668427466.32707	6331.17464056685	12270.6363325886	275.727085556777	8441.27710212431	0.842890122691803	5081.92709488257	224.661007545167	13209.1736395892	0.39013458759086	3340.85379943973
"494"	1668429864.28822	4818.164185456	12270.7444376649	216.115953740906	6770.78314238181	0.641249804321535	4115.19972511495	242.398025000598	13567.8728884315	0.47299993821863	3717.73788570417
"495"	1668432263.85714	5753.09000855833	7625.29269679282	314.988144280601	8032.57522154641	0.80626145431347	4971.2658029819	146.776715956229	9116.33946122678	0.242543612297271	2141.10359654054
"496"	1668434663.35213	6376.36929375339	7964.28159118182	252.48400025741	8808.69030498656	0.816992817881148	5444.85769776322	146.855763678953	9831.25565550259	0.238304827048663	2330.9848635303
"497"	1668437063.08145	5609.75240084907	7964.71163707285	251.350642230226	7587.61156958895	0.660354136736627	4659.25593501423	141.839949433938	9841.15150996848	0.295452520881165	2124.0652958626
"498"	1668439460.86591	6165.56502274663	7513.72588699604	255.234869980234	7404.5222503643	0.769958347068641	5000.6836158315	139.627736220257	9042.94507599717	0.275823374405473	2021.79080312307
"499"	1668441862.27193	5096.00479697137	7603.89085246392	273.063302890469	7475.36428401635	0.768410608814096	4574.92017076622	143.814845442816	9248.75511062381	0.277100132993258	2061.78511678079
"500"	1668444260.72807	3392.54754153207	7948.68800560005	215.903177078225	5727.05344559808	0.585336408097281	3358.68545798515	168.996962069405	12704.0967129418	0.393362716254886	2294.27531548004
"501"	1668446661.3208	4595.58419006138	7507.17471231103	283.895934913837	9547.86199251644	0.695378225019974	4116.85147434246	153.971230542453	9532.22791015756	0.225722944228022	2063.3860263046
"502"	1668449060.00501	3607.59276064687	5235.31695849822	219.791336650461	7676.10225145033	0.594163602198428	3519.90227587964	166.549105500138	8989.85439399765	0.215649331763557	1913.02477318896
"503"	1668451458.31454	2303.64229715434	6426.59634091739	190.534236257953	5956.05629507367	0.492317515029369	2560.04818864473	145.821965806897	9234.50964627594	0.202380497046102	1838.51318638279
"504"	1668453859.50752	3980.70130378445	3567.50338943253	252.634555593826	9271.11644366598	0.745138076258078	3783.67396667035	119.705381658794	6982.87434253004	0.166795595340317	1254.01275482899
"505"	1668456259.56642	3818.47938848612	3426.52153887129	280.600261247797	8866.81328883504	0.716666077408193	3917.74655815961	138.254595042351	7556.52048268821	0.204896016623874	1366.26275817989
"506"	1668458658.65789	3047.45092826625	4585.99907582729	241.651479097042	7760.31888448605	0.643841496517937	3319.97954324931	141.441900802907	7494.60565264416	0.260553901370192	1650.4552510136
"507"	1668461058.28321	2446.92219104337	3764.60333793857	222.222136184373	6610.44109796418	0.57673826816501	2813.45945881226	127.042709034033	6389.84844023489	0.236291445156287	1401.20271622409
"508"	1668463456.19549	3264.24844937301	5431.4867565562	271.430847404036	7838.87778267016	0.765395027070706	3750.74774683001	153.831999776021	7450.84734129875	0.25596183113856	1898.31296880045
"509"	1668465856.81704	3772.92892735014	4889.7164702575	258.63771964015	7387.00648123768	0.748067163783708	3857.71936092863	143.637081960856	6905.77121139173	0.230904126402695	1789.67623180546
"510"	1668468255.2995	4428.05001096409	4160.04630006202	283.025408756787	7635.47381501657	0.838470603377593	4427.68081608111	173.560952997746	7159.42314419136	0.260050618891002	1710.51792281367
"511"	1668470656.24561	5268.77523122718	7954.60350789936	311.476439664249	9380.00020530381	0.802178999578461	4509.32391375138	161.984168288791	7805.53177851284	0.344334094672148	2402.6720720523
"512"	1668473054.09524	4126.38248746109	3720.93002400305	278.844591265706	8986.86016947175	0.837084010003184	4185.70064755555	124.478924107526	6351.90080739119	0.235614850290106	1462.50476824082
"513"	1668475453.5401	2957.85597661625	3352.60368110749	266.176242284131	7830.92922751223	0.681378435562132	3149.59937327536	123.115125035531	6151.32408147393	0.210003973172081	1343.16316252431
"514"	1668477852.57143	3430.33299259799	4264.64633902265	260.105127763195	8045.98776248201	0.727103008854527	3548.60592955042	142.834117602785	6483.60159949546	0.257171629316845	1704.682866418
"515"	1668480252.54386	3913.21013821197	4098.71052867	279.981861393023	8666.74395931927	0.814068709845649	4028.76712797929	133.226215443784	5977.42347379881	0.266992856317736	1640.79387525674
"516"	1668482651.96491	3584.80979470128	3716.76572096957	257.604704081233	7533.8396891883	0.745664984640531	3660.78023873069	140.65082005684	5946.1406914397	0.209007469191125	1550.1434531005
"517"	1668485050.58271	3071.29534276292	4417.36008618889	231.575609293485	6536.65925340255	0.628200499551311	3176.98444947736	146.23650044236	6191.43824547758	0.245883540843485	1745.57015743552
"518"	1668487448.96366	3383.23945651855	3591.64414927748	290.8705494923	7120.06373125799	0.717544460255926	3523.71021270612	135.796446392345	5661.58128127537	0.271176587678707	1487.35104935377
"519"	1668489848.46115	3543.01634158645	3790.70082443171	253.203722881954	6886.90955621082	0.747547143743592	3732.58922931987	133.35701841109	5468.13297050058	0.242187550253763	1510.36603553068
"520"	1668492249.30702	4160.38719341239	5881.07609514591	289.332716208079	7720.3038033829	0.949637926571173	4396.76138039336	152.989746449462	6978.25558681503	0.289674264594008	1914.70074873089
"521"	1668494649.28947	3305.78413956758	5098.16710120005	229.965978552052	6428.91780148395	0.663758275178085	3315.66598285235	131.981907267271	7013.44858190679	0.260712570150662	1819.5209969801
"522"	1668497047.17669	3837.60125332057	4689.09625693999	281.809582571753	6901.62296238909	0.832149188821927	4117.55405246581	147.369031660959	7814.06307795361	0.322462964808252	1693.41187711332
"523"	1668499445.96115	3245.49838728819	7951.10362473381	235.636966678892	8573.18410128189	0.642368117228981	3130.67641942026	150.462551495755	9503.18681808971	0.39883285843472	2167.40333063855
"524"	1668501846.63158	4049.33497966472	4200.466448731	282.355468830501	8299.04497191011	0.838579383724005	4072.7231565356	135.149849876444	7798.08597613912	0.268648740517609	1630.62200720688
"525"	1668504245.60652	3035.80985946262	3246.04121974313	236.61558600885	8122.51475196292	0.682082144965708	3353.00489870709	114.09555041682	6069.71097559953	0.204253409892707	1276.40063242778
"526"	1668506645.30827	3330.89938309847	4343.78877572252	295.642445405717	8585.87536810859	0.756194408232831	3678.38282652649	134.811824002716	7137.59683165822	0.260738464224842	1677.97925100961
"527"	1668509045.28571	4004.12188079987	6684.96497718084	250.250868472418	8408.81297329907	0.815105475587755	4177.69380369201	164.006746537156	9361.55131914301	0.3700423837012	2214.96728778436
"528"	1668511444.60652	5013.72036280128	7324.2696603781	637.505865214482	10685.7897659512	0.85219707208393	4806.22995531706	140.0339428739	8708.86371027112	0.333122158959252	2017.46530022992
"529"	1668513844.73058	5156.59716571755	6406.53472174991	239.821244020245	8534.32140042451	0.933536421202761	4915.61458285183	127.36940715593	8168.91196664128	0.270235754099216	1984.84836779825
"530"	1668516243.17669	7130.94383840686	8034.17566685089	347.971791467684	11037.0700240266	0.985325749937691	5565.75499028341	156.836528440709	11134.9684093495	0.362282452875942	1995.33124465879
"531"	1668518642.85589	7305.52609178716	8030.42303144789	357.368710537206	11425.6843658697	1.11002709201299	5864.1128233615	154.210319335275	10645.8586256384	0.392658751677359	1948.60548443998
"532"	1668521042.30702	4591.11456337875	6247.39997695427	87.3829542189098	8041.73141059798	1.01721784731483	5149.86489031806	144.414491421592	9538.9219705493	0.25742052600465	1766.53661754451
"533"	1668523442.15414	3881.71054439359	6224.49603878381	94.9893172443439	7763.6882844911	1.00521347194296	4781.45218253352	144.593789395334	9710.15023057746	0.287033146875305	1841.97313218885
"534"	1668525840.52256	3367.00477448884	6221.79154359057	88.5387285532328	7058.57937905147	0.902027863924751	4343.28375399077	142.113750732444	9452.69036279045	0.308341629452023	1729.24964606699
"535"	1668528239.86341	3813.00307257087	7819.01693371131	117.977843114736	7535.38668590921	1.1036216971164	5149.49179004255	154.205035905168	9838.31405597313	0.229030240510157	1922.86526517016
"536"	1668530639.0614	3424.0321682076	7896.27934084138	107.19838285281	7352.51972738885	1.08396364592053	4727.22827899886	153.336761691304	9777.09014369839	0.276037964023112	2003.03037067978
"537"	1668533038.39223	3721.39778723556	7348.93674548959	120.479781555984	7046.99458431649	1.12886330033161	5131.04886862118	131.232920831705	8348.62066221864	0.237164726392058	1724.51979571718
"538"	1668535436.48622	3924.1862673612	8136.93088628889	134.247744348238	7790.86942962391	1.25246327905435	5509.94671469899	157.590301390447	10628.9465509822	0.377846935253394	1999.38985306478
"539"	1668537837.10401	5835.80907855291	6082.66536886281	155.053120398402	9786.4731436663	1.31070874077389	6503.00375081465	139.332096623128	8101.88999522522	0.238445050329616	1549.73957498028
"540"	1668540237.02256	4770.95758745261	3571.03730502788	154.317155873336	9516.48493090073	1.28542586131551	6226.5496075483	121.668815205034	6981.36804531869	0.183684367179474	1081.67387025256
"541"	1668542634.2782	3277.54133665409	3667.90805944257	114.978673006249	7367.527210273	0.963297953875441	4361.08844130766	126.767757774038	6777.28637172162	0.184004452750991	1172.2599168314
"542"	1668545034.34211	3081.23467553805	3802.72105676436	116.898797374652	7124.07596407549	0.975827206632168	4266.98095181054	133.229707076275	6755.69500042062	0.213740640671271	1280.752301244
"543"	1668547434.23183	3475.24978369636	4306.70277922599	135.467427042446	7584.30868844115	1.04189607151144	4812.89397251083	140.155955445962	6751.23769644251	0.208878788601342	1451.51213684743
"544"	1668549834.10025	3524.68118267883	4478.33446209558	128.562700626792	6763.29905876826	0.915956223077071	4499.31413342869	138.328520176318	6593.78802791331	0.24614716296899	1495.49335154007
"545"	1668552232.53634	4078.16202403841	7161.10006539381	153.725092264392	7293.90319762022	1.13203782584338	5293.26886588626	165.525923390443	8274.09785069828	0.331160114074052	2154.89788281575
"546"	1668554632.97118	4134.72596337209	5289.45340711958	150.243048319958	6863.18786265516	1.08044963240277	5376.02381337341	146.595845115968	7671.83079305283	0.228662616481983	1758.95821680339
"547"	1668557030.66541	4674.32363950675	7085.3739543526	158.746985052019	9936.16077957735	1.08901417361561	5324.41738598036	158.976693999497	8934.49399459307	0.328117648022906	2156.5624296913
"548"	1668558831.7619	5282.09386180696	NA	165.967063979432	9132.79802736538	1.13125881278472	5740.3269601813	NA	NA	NA	NA
