""	"Time"	"Flow_S5"	"Flow_S6"	"Mean_CH4_S5"	"Mean_CO2_S5"	"Mean_N2O_S5"	"Mean_NH3_S5"	"Mean_CH4_S6"	"Mean_CO2_S6"	"Mean_N2O_S6"	"Mean_NH3_S6"
"1"	1651496348.26566	0	0	NA	NA	NA	NA	0	0	0	0
"2"	1651498746.81203	0	0	0	0	0	0	0	0	0	0
"3"	1651501144.95614	0	0	0	0	0	0	0	0	0	0
"4"	1651503545.21303	0	0	0	0	0	0	0	0	0	0
"5"	1651505943.99875	0	0	0	0	0	0	0	0	0	0
"6"	1651508344.73935	0	0	0	0	0	0	0	0	0	0
"7"	1651510743.7406	0	0	0	0	0	0	0	0	0	0
"8"	1651513143.14035	0	0	0	0	0	0	0	0	0	0
"9"	1651515541.85338	0	0	0	0	0	0	0	0	0	0
"10"	1651517940.3584	0	0	0	0	0	0	0	0	0	0
"11"	1651520340.30702	0	0	0	0	0	0	0	0	0	0
"12"	1651522740.4599	0	0	0	0	0	0	0	0	0	0
"13"	1651525139.2782	0	0	0	0	0	0	0	0	0	0
"14"	1651527538.62281	0	0	0	0	0	0	0	0	0	0
"15"	1651529936.96491	0	0	0	0	0	0	0	0	0	0
"16"	1651532337.72431	0	0	0	0	0	0	0	0	0	0
"17"	1651534736.07143	0	0	0	0	0	0	0	0	0	0
"18"	1651537135.4812	0	0	0	0	0	0	0	0	0	0
"19"	1651552791.96617	0	0	0	0	0	0	0	0	0	0
"20"	1651568450.06266	0	0	0	0	0	0	0	0	0	0
"21"	1651570848.01504	0	0	0	0	0	0	0	0	0	0
"22"	1651573246.88471	0	0	0	0	0	0	0	0	0	0
"23"	1651575647.66165	0	0	0	0	0	0	0	0	0	0
"24"	1651578047.32456	0	0	0	0	0	0	0	0	0	0
"25"	1651580446.58271	0	0	0	0	0	0	0	0	0	0
"26"	1651582845.7406	0	0	0	0	0	0	0	0	0	0
"27"	1651585244.68922	0	0	0	0	0	0	0	0	0	0
"28"	1651587644.03133	0	0	0	0	0	0	0	0	0	0
"29"	1651590044.03634	0	0	0	0	0	0	0	0	0	0
"30"	1651592443.10777	0	0	0	0	0	0	0	0	0	0
"31"	1651594842.21053	0	0	0	0	0	0	0	0	0	0
"32"	1651597241.86591	0	0	0	0	0	0	0	0	0	0
"33"	1651599640.85589	0	0	0	0	0	0	0	0	0	0
"34"	1651602039.86842	0	0	0	0	0	0	0	0	0	0
"35"	1651604438.47619	0	0	0	0	0	0	0	0	0	0
"36"	1651606839.13784	0	0	0	0	0	0	0	0	0	0
"37"	1651609238.06516	0	0	0	0	0	0	0	0	0	0
"38"	1651611636.84586	0	0	0	0	0	0	0	0	0	0
"39"	1651614037.56892	0	0	0	0	0	0	0	0	0	0
"40"	1651616436.52381	0	0	0	0	0	0	0	0	0	0
"41"	1651618835.37343	0	0	0	0	0	0	0	0	0	0
"42"	1651621236.14536	0	0	0	0	0	0	0	0	0	0
"43"	1651623634.56015	0	0	0	0	0	0	0	0	0	0
"44"	1651626032.29198	0	0	0	0	0	0	0	0	0	0
"45"	1651628432.3183	0	0	0	0	0	0	0	0	0	0
"46"	1651630831.96241	0	0	0	0	0	0	0	0	0	0
"47"	1651633231.97744	0	0	0	0	0	0	0	0	0	0
"48"	1651635630.21679	0	0	0	0	0	0	0	0	0	0
"49"	1651638030.19424	0	0	0	0	0	0	0	0	0	0
"50"	1651640429.66541	0	0	0	0	0	0	0	0	0	0
"51"	1651642827.90977	0	0	0	0	0	0	0	0	0	0
"52"	1651645227.25063	0	0	0	0	0	0	0	0	0	0
"53"	1651647627.50627	0	0	0	0	0	0	0	0	0	0
"54"	1651650025.78822	0	0	0	0	0	0	0	0	0	0
"55"	1651652427.1792	0	0	0	0	0	0	0	0	0	0
"56"	1651654826.17794	0	0	0	0	0	0	0	0	0	0
"57"	1651657224.5401	0	0	0	0	0	0	0	0	0	0
"58"	1651659623.49248	0	0	0	0	0	0	0	0	0	0
"59"	1651662023.59148	0	0	0	0	0	0	0	0	0	0
"60"	1651664423.74561	0	0	0	0	0	0	0	0	0	0
"61"	1651666823.42481	0	0	0	0	0	0	0	0	0	0
"62"	1651669222.99875	0	0	0	0	0	0	0	0	0	0
"63"	1651671623.2807	0	0	0	0	0	0	0	0	0	0
"64"	1651674021.82206	0	0	0	0	0	0	0	0	0	0
"65"	1651676420.76316	0	0	0	0	0	0	0	0	0	0
"66"	1651678821.29198	0	0	0	0	0	0	0	0	0	0
"67"	1651681220.07143	0	0	0	0	0	0	0	0	0	0
"68"	1651683620.87218	0	0	0	0	0	0	0	0	0	0
"69"	1651686019.14411	0	0	0	0	0	0	0	0	0	0
"70"	1651688417.72932	0	0	0	0	0	0	0	0	0	0
"71"	1651690818.40351	0	0	0	0	0	0	0	0	0	0
"72"	1651693217.79825	0	0	0	0	0	0	0	0	0	0
"73"	1651695616.35965	0	0	0	0	0	0	0	0	0	0
"74"	1651698015.01003	0	0	0	0	0	0	0	0	0	0
"75"	1651700415.81078	0	0	0	0	0	0	0	0	0	0
"76"	1651702814.39599	0	0	0	0	0	0	0	0	0	0
"77"	1651705213.41479	0	0	0	0	0	0	0	0	0	0
"78"	1651707613.46992	0	0	0	0	0	0	0	0	0	0
"79"	1651710013.07268	0	0	0	0	0	0	0	0	0	0
"80"	1651712411.49248	0	0	0	0	0	0	0	0	0	0
"81"	1651714810.80952	0	0	0	0	0	0	0	0	0	0
"82"	1651717211.05764	0	0	0	0	0	0	0	0	0	0
"83"	1651719609.69048	0	0	0	0	0	0	0	0	0	0
"84"	1651722009.97368	0	0	0	0	0	0	0	0	0	0
"85"	1651724409.5188	0	0	0	0	0	0	0	0	0	0
"86"	1651726807.91228	0	0	0	0	0	0	0	0	0	0
"87"	1651729207.31328	0	0	0	0	0	0	0	0	0	0
"88"	1651731606.82581	0	0	0	0	0	0	0	0	0	0
"89"	1651734006.70802	0	0	0	0	0	0	0	0	0	0
"90"	1651736404.8584	0	0	0	0	0	0	0	0	0	0
"91"	1651738804.40476	0	0	0	0	0	0	0	0	0	0
"92"	1651741203.07644	0	0	0	0	0	0	0	0	0	0
"93"	1651743603.63283	0	0	0	0	0	0	0	0	0	0
"94"	1651746002.44486	0	0	0	0	0	0	0	0	0	0
"95"	1651748402.49248	0	0	0	0	0	0	0	0	0	0
"96"	1651750801.11404	0	27651.8644635314	0	0	0	0	5824.88627487599	447254.975242987	25.6315606834399	44977.8664465222
"97"	1651753201.6817	0	23184.8728468592	0	0	0	0	243.53425625995	14086.608442402	1.87820125598695	15678.2007241351
"98"	1651755600.91353	0	16451.0660291621	0	0	0	0	126.820847979488	10334.7593695324	1.26334597234055	10606.0392738067
"99"	1651757999.98622	0	14138.665752387	0	0	0	0	133.0218815842	10882.8641910064	1.2853528966163	10372.8587381433
"100"	1651760398.7381	0	7984.42763434255	0	0	0	0	103.357838938395	9272.32242417831	0.580989329516426	7848.56560305548
"101"	1651762798.40226	0	7665.01106205126	0	0	0	0	118.909125003565	10337.0216474824	0.62348592283265	5552.05138652014
"102"	1651765198.95113	0	8237.56532573501	0	0	0	0	129.155896151353	11649.1752629762	1.05573841638065	6585.55020719911
"103"	1651767597.50752	0	8067.44301241033	0	0	0	0	118.899468380615	14179.8413574466	0.798535438105495	5376.16170409231
"104"	1651769996.97995	0	7859.51053804243	0	0	0	0	120.119292449582	11479.4002526259	0.854126045572767	5863.50640161106
"105"	1651772395.53509	0	7258.99383905411	0	0	0	0	105.809968842259	9198.12302288816	0.605512329107199	4997.80577763266
"106"	1651774796.24937	0	7758.42768883622	0	0	0	0	120.615013708006	10811.8068787093	0.813498547927264	5535.1108908855
"107"	1651777195.62155	0	6188.1373709171	0	0	0	0	95.6708036889127	8792.22888288177	0.643402930447012	4514.7513656901
"108"	1651779593.7782	0	6910.4034588654	0	0	0	0	120.261145028125	10366.5387010929	0.832842117303687	5162.35557383752
"109"	1651781993.81704	0	6909.51188183018	0	0	0	0	106.610881043229	8923.94932324113	0.690307611291019	4943.10756234379
"110"	1651784391.42105	0	6293.12017316033	0	0	0	0	101.419999666414	8645.35721634325	0.60791344857164	4345.52001984225
"111"	1651786792.80576	0	6804.02561002095	0	0	0	0	121.726271100897	11909.5229198403	0.844264810764741	5426.0942850874
"112"	1651789191.34336	0	5818.87596389183	0	0	0	0	99.938311357933	8576.4864166425	0.661972073377843	4411.8787071096
"113"	1651791592.60025	0	4822.4147947014	0	0	0	0	96.7182281397088	8519.97253830063	0.561866785787386	3829.55677486278
"114"	1651793990.57018	0	5362.35781883267	0	0	0	0	112.365434370107	9689.70770891559	0.60908943124526	4410.54931213195
"115"	1651796389.43484	0	6941.39784797986	0	0	0	0	138.1113078048	10936.7975379814	0.70808736664711	5465.44914599602
"116"	1651798790.23308	0	5385.27953539829	0	0	0	0	105.563383454017	8204.59684085532	0.540154211991158	4287.67269096881
"117"	1651801190.00376	0	5369.37826100291	0	0	0	0	94.5465524598533	7047.97860772661	0.445754614755352	3840.32083450259
"118"	1651803588.67794	0	7938.38492184739	0	0	0	0	172.436701463218	13786.9453175645	0.806593196430312	6592.61305941397
"119"	1651805987.57895	0	5811.0322318067	0	0	0	0	102.610313348734	7898.47532353988	0.512390862815021	4360.10428333551
"120"	1651808387.59649	0	6467.94397272239	0	0	0	0	136.208559234762	9871.23459469275	0.639728165042375	5184.77333369506
"121"	1651810786.29699	0	4802.65774818325	0	0	0	0	92.0901749308103	7123.68212188413	0.502264203437425	3719.67496349461
"122"	1651813185.78697	0	5594.66436151598	0	0	0	0	115.504753950924	8311.97166963747	0.485343185120029	4493.89789910532
"123"	1651815585.37719	0	7550.27342812991	0	0	0	0	154.716078899053	11976.8119164489	0.675162839588624	5430.22769719001
"124"	1651817983.52632	0	7551.66939406545	0	0	0	0	150.433479834756	10243.9201383031	0.623132509865531	5701.29255013738
"125"	1651820384.31203	0	3650.37238082017	0	0	0	0	75.7061737037058	5384.14104406254	0.337177707159443	2673.87907566136
"126"	1651822784.91729	0	7631.36979143619	0	0	0	0	166.807143682001	12459.1695445613	0.806308660604049	5651.49453710201
"127"	1651825183.42481	0	7311.04396699856	0	0	0	0	127.87241817348	10083.125658414	0.563065516761835	5324.4200538672
"128"	1651827583.21429	0	7717.44707128774	0	0	0	0	127.41471475419	10496.9145678384	0.561631111191209	5514.04695301844
"129"	1651829981.36967	0	7408.17150051804	0	0	0	0	120.889798556535	10778.7412171523	0.513119917192356	5081.07596432773
"130"	1651832381.44236	0	8201.47551616726	0	0	0	0	126.518129719353	12883.3604640008	0.686569757747285	5659.98533437255
"131"	1651834781.17168	0	11531.374912128	0	0	0	0	148.67495966902	13362.6746389078	0.739627522372659	6622.67147823452
"132"	1651837179.16917	0	10147.2274870764	0	0	0	0	130.081744144908	9786.63144361541	0.658094648911407	5547.27432706502
"133"	1651839579.2193	0	11987.8772282354	0	0	0	0	161.361881613751	11942.5855669065	0.690280498262712	6412.91833456557
"134"	1651841978.82331	0	12519.2722984033	0	0	0	0	175.44281625999	12463.1008549222	0.674343257686928	6578.08301730238
"135"	1651844377.54511	0	12377.3504417737	0	0	0	0	194.926205538697	12939.1747998484	0.869017165991979	7127.91946299916
"136"	1651846777.03885	0	15267.2743074501	0	0	0	0	145.938818700564	10469.0899192267	0.692023818118057	6130.2521056342
"137"	1651849176.93358	0	15651.6525875931	0	0	0	0	198.364272144052	12178.9807329618	0.786681799775099	6432.96380710677
"138"	1651851576.00627	0	15261.8022693323	0	0	0	0	139.308463346337	11387.3579905838	0.904504202785125	6417.26538177411
"139"	1651853975.38972	0	15035.3424400896	0	0	0	0	142.702620385585	11732.281112561	0.649373465669051	5324.58188074503
"140"	1651856374.87719	0	8281.88037474898	0	0	0	0	108.733293368654	7743.67704350353	0.502579748089425	3917.59325774049
"141"	1651858773.79699	0	7628.67577276848	0	0	0	0	127.09401150703	9300.20787061176	0.623527824722457	4225.20045694289
"142"	1651861173.96115	0	7439.35063869375	0	0	0	0	131.527530681303	9704.6688745859	0.55133475452662	4304.65975677133
"143"	1651863573.94862	0	7669.51005697947	0	0	0	0	150.810545047658	9923.47245113411	0.668095270907191	4811.23193926722
"144"	1651865973.14286	0	7635.5001728373	0	0	0	0	154.047853876527	9589.11175857318	0.46971887667284	4479.32512384012
"145"	1651868371.17043	0	5298.91717939913	0	0	0	0	109.812639809106	6841.82113097698	0.354208581005165	3183.53234461355
"146"	1651870771.43985	0	7576.10957131612	0	0	0	0	161.124363942057	9666.88033555057	0.478942852536182	4682.60090862227
"147"	1651873171.04386	0	7604.5598199248	0	0	0	0	163.209829379171	11139.5540335583	0.620410681016615	4461.49514032832
"148"	1651875571.62782	0	7049.99827772534	0	0	0	0	145.076020085302	9416.29875036805	0.494999363624283	4531.75870051411
"149"	1651877969.77318	0	7794.22499223625	0	0	0	0	169.224077658118	11092.3276859247	0.52955977934034	5139.84677256531
"150"	1651880369.64787	0	6840.74852999549	0	0	0	0	147.260729117727	9110.23910241367	0.511832483610345	4389.25437624817
"151"	1651882769.21178	0	7073.18297513652	0	0	0	0	143.147988764798	8786.78722124594	0.45448076883764	4318.70379965016
"152"	1651885169.34336	0	7553.71276029344	0	0	0	0	162.279318008711	10011.8749110915	0.619441963334001	4981.94221906632
"153"	1651887568.67293	0	5496.21319881236	0	0	0	0	113.564226873271	7178.84083389307	0.366858869031123	3503.00011214935
"154"	1651889967.63033	0	6048.63274884603	0	0	0	0	145.373022974782	10439.1216493373	0.502685384657874	4080.88433448725
"155"	1651892366.03634	0	6222.22802740631	0	0	0	0	127.713565243955	8137.51211995684	0.396265501267655	4139.36012410113
"156"	1651894765.66667	0	6011.39687220647	0	0	0	0	148.179953013901	10278.6607607021	0.4670132518959	4100.24205243508
"157"	1651897165.43233	0	5964.66776045128	0	0	0	0	122.536781815902	7954.42819239784	0.472846618064481	3839.93618751429
"158"	1651899564.70927	0	7352.43604196201	0	0	0	0	199.428256436805	14946.9476059723	0.710039767034215	5320.85028972349
"159"	1651901963.69173	0	6049.26892101297	0	0	0	0	112.289668250786	9780.54230107418	0.431205023219119	3909.58738037014
"160"	1651904362.41103	0	6308.15885764701	0	0	0	0	106.483653557624	9442.31042096161	0.410007888189601	4097.36989757642
"161"	1651906761.47619	0	5907.39827355934	0	0	0	0	99.7665510433713	9986.08211415126	0.478206381645314	4075.44699066925
"162"	1651909160.42231	0	6543.86339736107	0	0	0	0	108.41526941408	11719.0792190597	0.453290306407107	4227.84598889256
"163"	1651911561.85714	0	5731.28070695435	0	0	0	0	95.0694828125297	9397.83222816477	0.493171286527872	3822.00253442201
"164"	1651913961.25063	0	5450.43766279013	0	0	0	0	89.2149460512789	8238.41545306189	0.498613249584066	3475.13631439103
"165"	1651916360.71303	0	7766.2777225619	0	0	0	0	118.936746181446	11393.1818984454	0.601593385586069	5012.85590555739
"166"	1651918758.81328	0	8021.77681710555	0	0	0	0	120.500360241705	13238.4864112049	0.61627550537754	4892.72574990144
"167"	1651921158.43108	0	7521.61094482189	0	0	0	0	113.011223613792	12890.5139625655	0.582055290693778	4229.36108092577
"168"	1651923557.90226	0	7221.81306740051	0	0	0	0	112.432987660843	12316.4789375717	0.620247430509267	4169.48566373818
"169"	1651925956.63283	0	7711.73912334132	0	0	0	0	118.009538630838	11970.2906417185	0.600179788489154	4275.84177669516
"170"	1651928357.27569	0	8013.76718150976	0	0	0	0	125.001824734748	11952.6203458272	0.603446899073695	4450.88908234004
"171"	1651930756.58145	0	7674.95412272757	0	0	0	0	128.163990870525	12003.7209856768	0.571810762548043	4163.56435777255
"172"	1651933154.44862	0	7785.8624232998	0	0	0	0	126.884178857153	12348.1209019797	0.560689286989845	4271.06201846333
"173"	1651935553.80451	0	7660.39494804525	0	0	0	0	125.394918596039	11000.0229337652	0.590764080372462	4233.70289173611
"174"	1651937954.03133	0	7941.34776964483	0	0	0	0	135.179899454418	11238.642708497	0.484361201480186	4145.59060173802
"175"	1651940353.61779	0	6610.35078873474	0	0	0	0	118.0285268093	11102.8868048838	0.425551027992614	3379.49718771153
"176"	1651942752.47243	0	7263.67549675631	0	0	0	0	112.073291187251	10288.5204206014	0.42772699329901	3787.97778200026
"177"	1651945152.27068	0	7309.62323359094	0	0	0	0	117.657723820905	10279.4937672875	0.468632542867908	3814.70420180692
"178"	1651947551.58145	0	7393.15751507507	0	0	0	0	123.62047650862	9907.82388171222	0.460397691106744	4093.99298350663
"179"	1651949950.3584	0	7392.5970762135	0	0	0	0	128.3409664069	10471.5557084061	0.503858509584605	3702.92370699133
"180"	1651952349.35714	0	4997.49680155772	0	0	0	0	98.2842121270393	7861.26296164815	0.418782082265695	3030.20900261675
"181"	1651954750.73684	0	4628.80033902447	0	0	0	0	108.055928134285	8428.70460344875	0.452053204726992	2980.23788826044
"182"	1651957148.13659	0	4769.536851768	0	0	0	0	100.201776870744	7602.03312895626	0.341790058393153	2802.83184513304
"183"	1651959548.81579	0	5678.50368762121	0	0	0	0	122.169707774499	9771.49160781432	0.391191871301937	2866.8409989526
"184"	1651961947.4787	0	3481.58839431588	0	0	0	0	82.8281699908871	7528.83310131391	0.329628006026088	2072.19763026629
"185"	1651964346.84586	0	3645.8803120363	0	0	0	0	110.146828107602	9653.36348178307	0.372712407929586	2589.20542398008
"186"	1651966746.43609	0	3957.82140023481	0	0	0	0	111.050003307328	9012.79900492365	0.400059487037683	2658.97143854077
"187"	1651969146.1817	0	4802.35071735883	0	0	0	0	128.994603765268	9956.96928965979	0.390807278717831	3040.06446173369
"188"	1651971546.54762	0	4078.84527178053	0	0	0	0	124.778838128181	9196.98189506132	0.428857536057833	2906.36741949864
"189"	1651973944.96617	0	4263.93675728214	0	0	0	0	128.358469836461	9475.6540617104	0.485760909214995	3085.42179623969
"190"	1651976342.93233	0	3657.22443253907	0	0	0	0	101.646238440562	7549.93891862944	0.388965549239309	2605.33262614217
"191"	1651978743.38722	0	3467.85994394933	0	0	0	0	112.334802033449	8086.40872830615	0.412791926145387	2587.37912198103
"192"	1651981141.70426	0	3783.25737302614	0	0	0	0	114.556265916877	8221.3090933527	0.350152855662904	2539.03723602537
"193"	1651983542.34962	0	6475.54929549031	0	0	0	0	207.785617516805	15396.835616493	0.645190969274409	4255.2477345254
"194"	1651985941.94737	0	5271.81202700241	0	0	0	0	126.969503750837	11851.2542939653	0.552103363624453	3176.32943254689
"195"	1651988339.83835	0	6812.0214132165	0	0	0	0	178.217584846948	16019.2130542908	0.844329626126038	4170.50604703943
"196"	1651990740.0802	0	7929.08406336035	0	0	0	0	195.053667416631	16121.4641875599	0.712880921251861	4377.08899269834
"197"	1651993141.29073	0	8000.08045403093	0	0	0	0	163.267041533628	14773.0047287964	0.599915043432445	4323.1421604457
"198"	1651995540.35464	0	8410.71505127701	0	0	0	0	186.629037595126	15101.9139680494	0.709242024613653	4760.00960735436
"199"	1651997939.20551	0	9105.72637439387	0	0	0	0	206.006310228545	15172.85815771	0.777942139926131	5113.32160639744
"200"	1652000338.9198	0	3094.59914961503	0	0	0	0	65.2076257796224	4827.53173791322	0.257680461453711	1714.23081436216
"201"	1652002737.06516	0	6578.52639446851	0	0	0	0	209.230830265464	16455.6253639959	0.761257789245744	4295.56289603092
"202"	1652005136.81704	0	10729.3091268312	0	0	0	0	261.743893186604	17190.5609790739	0.938899928114387	6121.16296935167
"203"	1652007534.47368	0	12131.4547230659	0	0	0	0	233.66500966339	19952.2466699693	0.804247851296941	5302.2041282141
"204"	1652009935.47744	0	12371.1528353542	0	0	0	0	213.707371118631	16964.8953947874	0.768638777502933	4985.0589926911
"205"	1652012334.22306	0	16518.0687459913	0	0	0	0	260.631186927437	19219.4168014741	0.633629948763714	5480.44777753925
"206"	1652014733.38722	0	25296.270989317	0	0	0	0	325.794256157419	21994.6172308954	1.06166724782215	7572.69198288795
"207"	1652017133.1817	0	23395.2483740353	0	0	0	0	299.291985865037	19836.5981345678	1.27565872853308	7834.4386293508
"208"	1652019532.98747	0	22379.8056473595	0	0	0	0	262.203739257037	16760.2531881989	1.0549731679743	7213.51764106989
"209"	1652021932.18922	0	20289.7142932472	0	0	0	0	229.87121247608	14736.1653495421	0.928800443884364	6281.86970703795
"210"	1652024331.10777	0	16373.0768468349	0	0	0	0	175.144755026059	12004.2749255057	0.846327082547649	5029.10042334078
"211"	1652026730.07018	0	15285.7942441873	0	0	0	0	178.865639986004	15130.7892634958	0.748847443159079	4316.6727933053
"212"	1652029130.46617	0	8275.50141952754	0	0	0	0	124.454317790668	9321.02284766319	0.673329293958121	3453.43590516623
"213"	1652031528.84962	0	7381.87145480507	0	0	0	0	135.462308031528	10206.8573264697	0.778617506976453	3624.18639066744
"214"	1652033928.28571	0	7933.57072865804	0	0	0	0	154.13762613339	10844.4356953286	0.735817569422511	3706.70453315478
"215"	1652036328.61404	0	7177.78603645361	0	0	0	0	146.101553672476	9854.58707913694	0.633131978637256	3519.04711714041
"216"	1652038728.7594	0	7292.58737781243	0	0	0	0	166.111531510383	10481.7601235204	0.456280457190864	3864.65184791673
"217"	1652041127.79825	0	6414.99431058544	0	0	0	0	140.933854899408	8820.86414340062	0.544577090339953	3377.53231799672
"218"	1652043526.38346	0	6190.85842398552	0	0	0	0	151.014287507699	9572.48684824984	0.576223682027853	3546.37047217746
"219"	1652045926.16416	0	5503.3200770797	0	0	0	0	150.336292029886	12790.6064568281	0.467088971033433	2818.60316233519
"220"	1652048325.46491	0	3629.8328418906	0	0	0	0	101.636494792249	8326.85439077151	0.382605121761075	2139.65561990351
"221"	1652050724.5401	0	3331.74591206667	0	0	0	0	108.288136157594	8882.18587641258	0.397921315530284	2152.15823476804
"222"	1652053124.14912	0	3717.53487452832	0	0	0	0	131.248847761306	10204.1682565411	0.493701872725858	2619.37065702097
"223"	1652055523.20677	0	3507.83398904994	0	0	0	0	121.578343206954	8843.6772772064	0.528176626981823	2480.29685479055
"224"	1652057922.2782	0	3099.3153235316	0	0	0	0	111.015806458133	8197.70863522009	0.511025614350034	2276.00823482567
"225"	1652060322.19298	0	3760.92449278279	0	0	0	0	138.332541382239	9573.2862920142	0.610899376857104	2717.1257202958
"226"	1652062720.86466	0	3893.87305842681	0	0	0	0	138.775201890504	9243.91996981533	0.672244926786407	2893.02818476655
"227"	1652065121.85213	0	3476.95344947234	0	0	0	0	122.35340679451	7913.18999758448	0.551326375189144	2532.37568166363
"228"	1652067520.07644	0	3672.33303783841	0	0	0	0	140.96794293218	8928.36551791174	0.620871019435652	2752.23707665888
"229"	1652069919	0	7849.79124650522	0	0	0	0	270.920303014332	17021.904683511	1.17453552603977	4981.97092801365
"230"	1652072319.51253	0	5824.2179724992	0	0	0	0	135.508569739116	12405.8859529016	0.652607451928694	3094.83536300866
"231"	1652074717.09399	0	5399.15796357003	0	0	0	0	123.895502362515	14066.5027385693	0.763610846278449	3288.81437305293
"232"	1652077116.60526	0	8347.14697743027	0	0	0	0	175.39216514338	18069.8093141022	0.90676618743219	4666.61496708566
"233"	1652079517.08647	25464.4015225569	8033.44888994041	2671.96950518611	153326.497963059	13.2302735713211	33493.4789444675	82.7898074847412	10582.2002071053	0.475036032411065	3727.25158975583
"234"	1652081917.5401	20571.207273489	7936.22726033127	176.38313446348	10400.9182486224	0.404840328875199	10917.7823863115	93.9313187287628	11150.2166067423	0.531643191468714	3688.92864757759
"235"	1652084315.55388	16050.2870705627	7510.26269777008	106.800249592451	7746.93576604635	0.646537508760207	5814.4212953633	88.3301569375738	10183.0147584549	0.49044932204942	3696.36096826268
"236"	1652086714.61529	22120.8403752569	9744.33966197308	111.871260116138	12992.7768380336	0.91144107223826	8142.14593568839	114.940414784425	13554.561523193	0.608541012371532	4438.79357181034
"237"	1652089115.02256	24687.8705537912	17047.3109549738	98.9610976773798	10791.859889053	0.914700506364666	7586.13680701319	100.898624697964	12289.9350812337	0.441588530020323	4985.19706180456
"238"	1652091512.78195	24581.1315630917	25151.1606149734	91.6990984117307	8030.55472563159	1.01303665942675	7216.72172178144	118.551061599168	15088.7827665048	1.02167461681515	5577.33390335712
"239"	1652093914.14035	24997.2394884285	25605.7541777293	114.037444307791	12771.0340623267	1.12089828417605	8128.16511982486	146.89657343889	19883.5689596968	0.686561188407099	5393.66453905118
"240"	1652096314.35714	24314.7005324143	25383.6577735186	131.548845614863	12472.0569951358	1.53689813192988	8806.07357226579	127.103843940782	18729.5192744062	0.747670463586989	4899.88680560401
"241"	1652098711.24436	23993.7635039596	25275.0966664488	136.053701615778	13939.6909782664	1.45794130648939	8420.67637412516	120.798340890851	18184.9825323968	0.733902085669468	5003.91116237801
"242"	1652101110.47494	24449.1111061022	25785.5527401523	139.466429076967	13371.5426383969	1.18189747563316	8570.27142247527	136.822580074868	17890.7265892771	0.6555096290657	5326.10845677516
"243"	1652103510.80201	24250.9016381893	27024.6774620104	153.25235227421	14792.2636914385	0.870297195917051	8573.34723050288	104.253576680027	14833.3927619519	0.352285454422056	5051.42893445102
"244"	1652105910.14286	24211.8543748576	26752.8955425021	140.49617069965	14177.3594186303	0.693988350122813	8146.72134047306	75.4645402228183	12739.0084204222	0.275775759599083	4108.83628013931
"245"	1652108309.64912	24216.3248127899	26175.4173013044	160.125631768822	14783.8607434101	0.944038900327989	9028.98089656189	71.2647100881603	11608.1093091377	0.380519005642296	4189.48763087014
"246"	1652110708.40977	25185.7319183433	24831.9451514629	140.666743362784	14303.5427399816	1.25348581178201	8788.42839032178	64.8182228469736	10376.8904096194	0.325659917427231	3333.59731024014
"247"	1652113107.58772	25065.4185404901	25442.1011940255	137.094559774611	15376.8774603666	1.15021555323044	8402.6172891281	131.82126486912	19823.0383392581	0.480866654768652	4774.28963927624
"248"	1652115507.17419	24316.7228363786	23045.5146232878	114.593264355871	14393.2905915055	0.855482809151408	7505.34205258091	99.3733010295499	14787.8784284585	0.331449807424365	4062.43527128334
"249"	1652117906.96992	18502.1789879575	16959.8565675395	93.9064235335268	10365.8538937228	0.59012676947583	5784.95116789925	94.7001634832483	13411.2274104559	0.366975855882265	3798.90925412391
"250"	1652120306.73183	15025.9182517555	15282.3344932694	75.4031979648997	8865.12657557747	0.288830093703012	4405.7347340007	100.856600725981	11899.7136467669	0.351712030030451	3569.19234706803
"251"	1652122705.15288	11589.9237721396	11501.0016550777	74.7698709367823	7398.0553202017	0.373726157167501	3604.06014411423	65.3139287608858	8232.12076502782	0.205970031185008	2768.92030717819
"252"	1652125105.302	8615.84585349161	9077.2012619845	78.1050622697635	7133.22879800536	0.468703633162218	3522.64701123508	94.6910361222303	10561.9310253863	0.550612432781103	3035.39080090002
"253"	1652127504.65288	4746.43432844801	7617.80973748113	68.6051893810691	5908.71587533275	0.564614458198672	2516.79299051793	97.1920016646821	10494.0049849939	0.626651963166531	3195.10741524338
"254"	1652129904.38596	3475.13866518242	7515.81212351341	68.9532722128954	6051.59648663097	0.533469508378662	2201.89730556145	98.9327152033244	10480.3018101189	0.602738945501545	3287.86286221165
"255"	1652132303.90226	6420.93018814911	7698.80983387406	133.150689934088	10304.89328676	0.755874665097487	4038.54881060058	110.15290818879	14267.3929961198	0.464726187635288	3022.70465038456
"256"	1652134702.0589	3622.1238326305	6444.68846422486	67.935882594014	5611.52649200395	0.369716268145104	2176.99917532466	77.9871776749564	10142.0724511749	0.336461163630535	2681.6934798919
"257"	1652137100.77444	4160.04172008123	7303.70253061815	105.579645684408	8844.42967226702	0.521980242828412	2968.67352967333	105.261802956263	13386.2134896416	0.425518084504057	3482.31724579454
"258"	1652139501.45113	4592.07244671707	7902.96971055286	99.7372387313919	7790.18076043165	0.498664931080407	3018.32154110312	109.224252999231	12782.8274452519	0.368401202517948	3536.10089222683
"259"	1652141900.8985	4263.79318447551	7797.66109992723	88.429743096308	6756.0591592429	0.462821331073875	2837.43577959107	122.146575134778	13374.0824725204	0.42682173780509	3411.6858967121
"260"	1652144299.28571	3746.09617730653	7891.04341705054	91.0656878972303	6725.42933494124	0.44562219094424	2633.58594354672	116.45752193128	13128.6441273296	0.490443474378293	3638.91705144704
"261"	1652146698.21429	4573.71922490324	7509.57711100283	114.040931299975	7853.49889545635	0.541656958757588	3310.40196735661	124.386468958154	13280.4517370111	0.425562196818234	3424.00804409404
"262"	1652149098.74561	4457.71723922665	7718.17562987339	106.897120270255	7373.38122119178	0.539669593596181	3210.90834749737	103.808193790987	11582.3038305216	0.444819230918993	3563.68300120386
"263"	1652151498.57519	4783.11725937448	6818.2240194798	111.675822575479	7490.89682885903	0.554091232063824	3331.5472690739	95.5349963765587	10051.8824225585	0.373656036822983	3191.38823522636
"264"	1652153897.8183	4010.39112612316	7486.50160143224	91.6827834919431	6260.26013106423	0.465333451483237	2908.56931667644	109.903730201896	11542.8549246984	0.461866333797587	3377.97524567622
"265"	1652156295.46742	4372.89063846665	7665.10563044074	99.7464610888529	6630.33411216271	0.489514970628142	3115.53974395957	145.058454129727	12181.8497546987	0.501832430434313	3790.43354947685
"266"	1652158694.68797	5413.88170600511	7780.73035099823	94.5431753089072	7688.55581104561	0.514023614942282	3351.99342051419	125.163908095089	14804.7415356661	0.458818707662208	3387.7181932058
"267"	1652161095.3396	4833.91326273228	7852.25553737285	90.6775391562411	6674.01768934884	0.500179899276287	3064.62140898289	97.5191362075099	13038.7739618022	0.421157670215008	3411.9887351781
"268"	1652163495.39223	4947.75165841129	7521.62373177813	113.107591630972	9261.98844819838	0.616228862887243	3553.53819026099	104.833663940409	12968.1786851542	0.433279029974424	3345.08650415397
"269"	1652165894.04386	5159.31049777435	7755.17482925745	103.579379509686	7786.49973018067	0.564326714566936	3557.03552022446	114.009172564859	13423.0027755231	0.481764711277653	3519.36686164918
"270"	1652168292.73559	6093.37186384276	7486.64932363477	114.506359177088	8447.55767867037	0.562780706424404	3866.64308495925	109.709029048803	12470.8466358114	0.443514151523806	3310.73888350657
"271"	1652170692.1604	5330.58817818939	7378.55577197131	94.9365983945201	6585.37571621186	0.465450301367659	3174.83401206546	99.1630101747584	11915.2846292249	0.362832082675117	3252.50394804084
"272"	1652173091.72306	7039.32476213551	8215.98043846751	130.465163330937	9043.40569530089	0.556964374438693	4294.51121896185	115.410795407924	13583.3037920306	0.398407288127934	3673.60629882894
"273"	1652175491.33709	7668.33926007344	10366.7193561196	105.178124898761	8041.30671557567	0.573070725819654	4562.78951295693	133.359768401248	14612.6275129364	0.489735512989355	4583.66010712919
"274"	1652177891.37218	7711.91482155368	15296.9145246002	92.0661692207097	7754.04862250614	0.467758583231394	4389.47430084696	133.328531813797	16420.4938000075	0.447605825257323	5594.28131314834
"275"	1652180289.71554	11774.8804725825	18072.8462883149	144.462554609719	14005.5278963556	0.681572588385293	6031.28353588184	129.149883138261	18927.0661151603	0.464464027685987	4900.15408298053
"276"	1652182688.25063	10308.2749498949	17323.7459956556	86.1083569612491	8454.96906450508	0.535300492976498	4637.68032763322	112.913156505441	14948.0887492298	0.443187005818963	4408.14199812799
"277"	1652185088.84837	8762.57202455308	16568.2298637941	83.4646837155752	7884.34010618497	0.486861728596839	4221.1349595345	108.171985230733	15230.7788393011	0.356267845604479	4258.5911960273
"278"	1652187487.91479	7973.13378479392	16863.5458131292	104.457248981961	8917.71291364366	0.512758244136351	4002.63299914666	106.853980655406	15536.3390612314	0.366403034906978	4236.48960805212
"279"	1652189887.25689	9632.39217363076	16448.9131807502	121.400433410404	10818.3443268506	0.641898869180313	4852.81383626641	117.99235355075	16125.5579654901	0.49812373411367	4597.52187592168
"280"	1652192286.06015	9843.93137643714	16415.9393839083	91.9607579911152	9505.8697086323	0.55372750460924	4705.17810775941	110.509231117195	14598.2589992705	0.36495361359658	4386.87846046545
"281"	1652194687.03133	11130.5000740305	16348.5221969027	104.354408646319	10882.4035713975	0.64876806653366	5114.9768318158	105.241269487515	13348.1499003056	0.486110424406361	4214.2166606313
"282"	1652197085.06767	8716.38204418504	15277.7115815191	86.7301966590315	8780.60432191182	0.593307020181087	4290.90448977602	106.27490477041	12218.292939741	0.508362186408201	4105.73835879681
"283"	1652199484.77569	7391.37761471626	14264.4550424746	96.4843312680371	8737.70367439122	0.615774293612009	4068.92009415855	104.851302017439	15805.3441507431	0.317144120517438	3669.66735892248
"284"	1652201884.10401	6133.83647744268	7505.15166004905	84.8632436388294	8773.370790574	0.395665394321328	2955.11065494144	84.766647289991	11881.4489479605	0.237880721450225	2726.77910965576
"285"	1652204282.9812	3115.69328147142	7719.26326344609	54.2950886050796	5053.52079119415	0.202778989175561	1784.57970927369	105.638560506779	13237.0047584872	0.257783825341156	3128.2810269505
"286"	1652206682.85965	4457.97636234001	7850.32686568511	107.87656037015	10091.6786789848	0.463470883554634	3074.92311235702	112.117005202446	14078.9436758122	0.299377574506679	3139.2215917497
"287"	1652209082.27569	3352.76543137394	7937.78249550064	74.403238765672	6197.49739207104	0.298187068776989	2194.15643701062	112.64568386062	13780.4991216271	0.297147475175557	3389.9914056515
"288"	1652211481.75188	2717.6868034039	7550.06067552089	71.6811244233184	5515.41246941792	0.275572697445788	1964.75744320456	109.514588323987	13076.4634600523	0.282048209412476	3304.8436831402
"289"	1652213881.04511	2869.21857547731	8077.86546814104	94.209082614911	7107.94029350811	0.34983614093368	2281.29760910661	120.652291664876	13800.6365648223	0.309706068723582	3747.65288385444
"290"	1652216280.36967	2744.27225262418	8301.41226213849	81.163554212798	5952.63573832958	0.286224817870484	2065.97293337229	131.13150101514	14261.1224049885	0.311326078603088	3914.05388481269
"291"	1652218679.39223	4288.176404175	7696.51123855713	154.362995577354	10822.7514275935	0.520088393774249	3502.31746911955	137.08447951215	16779.4612939662	0.295417026135893	3302.41230664549
"292"	1652221079.20551	3115.16958496104	7831.69077365717	78.1568846081594	6206.37814635675	0.274173844462381	2032.60498313668	107.233151076651	13908.125704124	0.342258036945956	3690.86915656648
"293"	1652223478.32707	2313.38328397572	7584.18109609658	74.5221565711362	5914.22122923899	0.256243636548902	1740.15989109429	115.415260292649	13734.0112458019	0.275571267616503	3599.92771556114
"294"	1652225878.21679	3160.28966903654	7623.84547943719	110.786763644421	8739.0216612119	0.378723960904081	2449.59119071352	134.726775796687	14687.5500127726	0.330202047005971	3463.19266254427
"295"	1652228276.35965	2738.68313758014	6184.63570337085	90.0213031234016	6782.29662035303	0.320859574258965	2125.35344072088	100.152419722815	11783.1280901384	0.26494710516996	2963.35156819123
"296"	1652230676.98997	2588.7043244473	7482.16049967042	91.7287489447551	6536.9477143295	0.327729315452279	2091.95330669267	120.787887613861	13792.6517875895	0.328192474775478	3351.1294771724
"297"	1652233075.03759	2383.53728995325	6587.54985039304	83.0079180422763	6001.65973951942	0.28922283672567	1858.50826825114	102.806979980693	11661.0274408677	0.294457191330436	3103.59710371548
"298"	1652235474.8584	3099.9269447496	7780.8566270623	106.01132030374	7134.76436073407	0.370089736848128	2390.44373484978	121.829876009864	13337.9497809758	0.358189996446464	3780.06546547881
"299"	1652237874.32707	3109.01655139126	7714.40530322102	103.157044885889	6718.14332219669	0.377301214645048	2513.36431038761	118.046789659318	12985.1762835627	0.328725528458407	3685.8281970912
"300"	1652240273.11905	3506.75763431782	7599.78954742013	108.646851386582	7144.39380410672	0.360746786624317	2686.01621671838	118.001821175618	12301.8819589584	0.26140441487684	3511.18293524112
"301"	NA	3302.11218017111	NA	105.426556198998	6893.54388212936	0.328608761638847	2555.66423776404	NA	NA	NA	NA
"302"	1652243985.50501	5402.00282684141	7830.11949035354	192.078828529693	12598.1449888893	1.02710417143262	4138.78414122715	201.611882795973	16432.9341546822	0.40759826154811	3231.71663711866
"303"	1652246503.6604	4181.38092467724	8029.3448316965	136.311345788403	7467.0690603959	0.34177918076322	2618.99648375216	127.839386816247	15212.5257883145	0.375492081671975	3687.37977419016
"304"	1652248901.27318	3219.66369302649	7711.69823787452	111.672699807355	6846.00712772718	0.319016838287088	2243.83449033831	123.701122395486	14654.469102474	0.330379526271127	3454.46018729338
"305"	1652251300.98747	4803.150976325	7751.81003119621	154.970234359575	9613.95964235131	0.446510064863735	3249.86016004616	127.152061487132	14987.6284338008	0.360992250822592	3258.40261096059
"306"	1652253699.7406	4887.67385955273	7545.52122624103	144.106685351574	8966.85386488044	0.511467287016996	3408.1809729489	116.055015252846	13522.4391411234	0.259011992411967	3252.62185555393
"307"	1652256098.41479	6145.12194540216	5176.82940987191	142.53693571771	9093.48854359964	0.483385403538532	3985.29993742074	86.5753503325762	9313.10505777955	0.218806735004967	2181.52511021254
"308"	1652258497.88471	4743.1048067553	7144.96667091351	116.302750482848	7398.49940573196	0.421341547737633	3185.8490927666	197.008952873089	21977.8676061468	0.466076878176683	3723.40323432215
"309"	1652260897.78321	5304.30404542251	8620.99049500556	114.613336168638	8313.6500626682	0.44987513723549	3345.80987178216	134.08747426201	14755.6873879206	0.380746405280993	4003.91656997104
"310"	1652263297.54637	5495.04127603479	9169.32572959081	103.998288000042	7956.26596653534	0.400234389452837	3365.35225072967	141.670202303659	14687.0455224016	0.401123033699085	4162.80022492372
"311"	1652265696.09148	7621.01724985648	10020.5421550696	138.248892267617	10746.7849243971	0.529834901072123	4697.46312681695	136.376501875864	18090.9141528759	0.376669751439802	3814.62123044521
"312"	1652268095.45363	7782.74306080129	7682.52083984078	116.42943174892	11742.8126856994	0.493786032455008	3966.76973084684	102.341430865464	13261.135437523	0.2972749917939	3221.94641163854
"313"	1652270495.70927	5524.01366154957	7825.65082923819	80.6921000774871	7749.30792305465	0.342897837127134	3058.54660263893	120.202644502033	15625.5309179971	0.363393645260206	3357.25082661062
"314"	1652272894.90977	7409.17986280378	10113.5554228353	112.071818185717	10931.9095528423	0.504757489476629	4316.01326982804	134.035777751496	16959.5611882846	0.335688858142655	3802.45598847877
"315"	1652275294.56767	8897.94577392898	11411.3614282028	104.941592218676	10344.8990479232	0.537945115183678	5168.79923342658	150.108705186858	17867.8326053784	0.439709843006473	4556.47102778558
"316"	1652277694.06516	8219.63711256322	9756.47408086347	98.0959050122807	9692.78253902533	0.397134513529437	4161.90344481306	119.350481482311	14436.4186515007	0.341890922606623	3689.49400749763
"317"	1652280091.94862	7444.01951811729	9407.23044816745	98.0766008910621	9806.63854455737	0.399389273278454	4052.19233471011	115.728956253644	14263.2152479945	0.301902947302327	3682.16709600165
"318"	1652282492.19048	6444.80110449227	9193.94297009161	78.3946938411429	8194.06382825087	0.318806587190639	3269.59248022748	124.448098127481	14857.57736019	0.33838901430183	3908.00389518092
"319"	1652284890.7406	6379.95132344696	11029.1447746686	88.0891170119168	8961.63963269029	0.368711436083291	3419.37983583923	149.119946962807	17320.5509696565	0.385091420075635	4730.67037241994
"320"	1652287291.53509	6825.90066019129	7640.32908422227	95.0506858492834	12141.3963209547	0.28430891027874	3075.91919094308	97.8477579108311	12424.4420305516	0.23731935603674	2862.07185807684
"321"	1652289689.46366	3916.34289357697	7642.93082457238	62.1901243638898	6683.44984895162	0.22080331706813	1952.18087013763	112.484434796592	14401.6697050202	0.301488860821978	3194.75371968752
"322"	1652292090.22431	3391.52798851385	7857.58367545705	72.2005222026644	7421.71723068718	0.271231515618351	2029.42066340164	130.447620409123	15429.2050063194	0.289825879850029	3274.22768989418
"323"	1652294489.07644	4166.83411814376	7366.21939555675	97.1814487647033	9567.36503940707	0.323746800483273	2671.89548324234	110.290794950016	13576.4619810776	0.256138852231892	3041.35633413877
"324"	1652296888.24812	4508.04733813686	7769.46157946165	79.7306017488597	7122.56572157802	0.284534063332718	2594.63054842881	125.724195059325	14917.4378567649	0.364079157488984	3458.85436790312
"325"	1652299287.91479	3233.36228239367	7531.51383100037	67.0434854930667	6227.16114948224	0.258938845389823	1997.82606060379	137.050383077426	13726.1152644968	0.295410924262243	3370.25056952071
"326"	1652301686.94987	4450.64310641217	7238.74069567483	96.806199698018	8262.25679465938	0.313767938565716	2881.04688271927	121.496647420636	12949.7866657279	0.295106783068086	3381.12928909288
"327"	1652304086.02632	4736.07531555382	8765.08796898974	99.6272519234656	8419.64872485405	0.393238153615566	3240.60013160638	159.553606858956	16580.9082331479	0.364798336069266	4257.07325140561
"328"	1652306484.75689	6675.42943220591	8028.77153430581	103.109493232923	10649.5178663418	0.316048307666526	3328.54494125641	123.629692223029	15210.1795865839	0.309187360840811	3544.27743680912
"329"	1652308884.70426	6147.51364581714	8007.3811900721	126.09862678571	12561.9557394635	0.443725859433513	3769.99606420321	131.257814582906	15813.7027582562	0.300187143075581	3584.47442384169
"330"	1652311283.70927	5619.82998885534	7985.99823871055	148.207347407198	15093.4588426603	0.522591470059095	3859.43053766544	126.591732658394	14845.7466711491	0.326254326781178	3700.72816045825
"331"	1652313683.29825	5091.71405284769	7964.62238986572	132.234053304069	12345.7181614273	0.488853671987913	3568.88120103488	158.932096024638	16495.2255726062	0.320117662085461	3635.28483808244
"332"	1652316083.59774	4563.9405215777	7943.22000709173	100.314859685429	9195.09263223592	0.328804840169935	3002.67386956379	125.02097804775	14785.0909442014	0.328565251317732	3685.20092158404
"333"	1652318482.49123	4036.10082508984	7921.8453643342	90.6338121912205	8066.52409848345	0.317785530312838	2649.51188505519	132.187075626978	15049.9550203146	0.262717971593258	3521.69660734794
"334"	1652320882.00376	3508.0444377573	8201.70867925799	77.0844612558918	7025.8202247952	0.255532968982784	2315.06896244244	129.499889637931	14689.2715296953	0.298048996842263	3685.24948988522
"335"	1652323281.22556	3686.05983771499	7778.10280032573	81.5315348123005	7457.03124321373	0.291627349257358	2571.70169184267	123.70929979336	13235.60967265	0.343773517852641	3530.44894715451
"336"	1652325680.67669	3536.46417173743	7450.35888694307	81.8658265977642	7378.71861602183	0.280895434608647	2511.96304608081	129.619427501412	13294.5507645623	0.233843345213409	3435.63633904922
"337"	1652328080.56767	3451.61684786183	7487.87172626086	72.8089652493278	6604.23196848102	0.294723133873614	2434.48470598007	127.175263861851	12880.195578353	0.24428214573432	3362.95657717599
"338"	1652330479.7005	4118.92307140754	7756.16076095461	105.663755651712	9671.48985325602	0.403837858771241	3065.74731959361	148.51437189713	17700.966703343	0.309651019948569	3617.3325419358
"339"	1652332879.10777	3840.01281313756	7233.71699246541	64.7315145286943	7221.68705516347	0.258724771168647	2193.5658154892	118.455123943335	13867.844940382	0.329317567453196	3185.16274366757
"340"	1652335277.95614	2985.91157278836	8361.95670640003	63.093186930553	6810.61567600689	0.264786619118136	1975.19333959351	129.789764933839	15762.0220996369	0.320573693066459	3684.45435990465
"341"	1652337679.33584	5059.80182293305	8207.03453667938	112.856237607587	12480.0080136384	0.402889877072295	3312.37036810926	136.136955834258	16471.092552957	0.328646908633038	3571.85270816973
"342"	1652340077.31579	3949.93858623176	7700.55715590543	64.3276910946298	7288.23533440044	0.29605085625033	2436.93476972877	118.348534518719	14083.0927056868	0.356471584481734	3452.66837883906
"343"	1652342476.70426	4244.86659532343	7988.93904805951	87.6683822817166	9350.50532981575	0.405526362733105	2863.31195678405	131.082984493064	14827.891997109	0.380302108436304	3430.74397012693
"344"	1652344874.8609	5946.54342741047	7758.09924062496	104.220531154448	10839.6646348086	0.492871334395192	4254.2516327651	128.860893865469	14273.9725676951	0.283428363270489	3368.35163348701
"345"	1652347275.88346	4771.92245340037	7298.6279097035	74.9492616900827	7638.80845855823	0.301279760666529	2888.03732716805	128.616463200741	13585.9409811304	0.327920679181216	3524.67213784202
"346"	1652349673.85589	6328.91739727104	7817.54905030001	110.008526306552	10689.7993708618	0.465150871818716	4088.54865941543	137.257902390894	14745.9411387372	0.404677768784635	3693.99203577927
"347"	1652352073.74436	8649.52051273621	10655.4428588843	149.215893194871	14240.1126112412	0.582389557174638	5319.4831491651	161.638536783455	21260.6818632029	0.32943209610762	4104.79783753694
"348"	1652354473.83333	7892.5227724645	8801.92833552315	92.3102924333253	11011.0193894413	0.320860171294047	3432.76482963215	122.902144639005	15461.9352632648	0.289092420163898	3509.1742288119
"349"	1652356873.29449	5771.09020375671	10204.2301993101	76.3199908286428	9113.22467962703	0.281421848215008	2755.57108433179	138.673535682103	17672.7745742306	0.296039602858734	3896.72866847285
"350"	1652359271.62281	9180.01448007426	15575.6874439732	117.423839319135	13966.6145983026	0.411951864813844	4465.44967071444	202.907359918213	23316.3975052794	0.442429224258616	5623.98146324365
"351"	1652361671.79323	11993.4768861354	20987.5386656725	102.292633553007	12348.4297378653	0.350071059727743	4695.53802989505	166.919693576166	22399.6125612841	0.350410877779234	5531.76034320979
"352"	1652364071.24185	8753.46828488647	21063.7781870045	49.5886252981853	5908.6383540165	0.0825986676517461	2236.59861558774	145.174888195539	19671.9317559431	0.339470606076264	4941.55113530942
"353"	1652366470.3609	12198.8411995131	17549.8739638315	88.7094816486583	10613.7540676292	0.215852257700727	4347.6035724953	121.938369450879	15795.0577149129	0.186479837224803	4265.19016704726
"354"	1652368870.5213	10006.5250037106	15466.3577087543	83.947628418923	9634.26819739884	0.256841766537981	3843.77363349946	127.942538846924	15859.9300933436	0.314801012804079	4379.62023275353
"355"	1652371269.38346	9176.05338585484	14898.2509628452	85.611633776481	9991.26159104698	0.271624995415764	3683.26821057227	102.904891473821	13597.7251346986	0.26842198027422	3819.47011637887
"356"	1652373668.59774	8856.4347651573	9099.81739117159	103.074261172128	13109.7462072306	0.318441566861038	3379.33986659357	83.9233926274325	11256.3328567214	0.193987377945776	2387.46530056553
"357"	1652376067.56516	5605.30166919424	7719.31510382001	76.5428303502234	8626.8166528421	0.25954757005552	2508.002953257	108.64084195538	14194.3320819338	0.285674636976933	2879.71343308433
"358"	1652378466.66667	3844.70379824131	7841.29862963591	67.5845073153217	8177.4153625368	0.234755031942913	2106.65765787158	128.436669771387	16704.4677990424	0.248823102546189	3007.13618514639
"359"	1652380865.57394	4822.54017141845	7494.2181881877	101.939228987138	11526.5689162561	0.282095802383732	2440.03066580135	120.651035864272	14587.8209212931	0.261782921692724	3009.71208701443
"360"	1652383265.65163	4483.72284754474	7858.68843981941	77.7586070843951	8611.31276276401	0.252800777590647	2396.82117481415	135.117173827753	15444.14504635	0.319783316445405	3182.22680985044
"361"	1652385664.76441	3911.07482941422	7579.02653943495	79.2651926018742	8627.90109759261	0.25678356870488	2242.20493357691	120.875171380181	13537.6451348226	0.277620462709037	3219.33394259172
"362"	1652388064.30451	4840.70753743478	7432.84575641773	118.872562745427	11572.4997223536	0.308790552822523	2725.27083963514	120.434059342732	12941.1170579687	0.320298708145709	3268.97043189579
"363"	1652390463.08521	4639.46556123897	8043.36267260295	93.37844237503	8998.3827323442	0.296512392781069	2766.27319028346	152.862572466066	15649.4699542568	0.315825650127221	3821.12165256806
"364"	1652392863.71178	5322.1181966216	7429.45362006104	82.1775612672969	9046.54656699631	0.231225536744352	2382.73558330513	125.857130481138	14858.2129264215	0.291636368500132	3018.42350805706
"365"	1652395261.7218	2691.75366712584	6947.69656294557	55.363122202937	6422.95838841155	0.194685499662982	1523.96350492558	118.807244508462	14164.9154310968	0.255378935581843	3051.80492919369
"366"	1652397661.60777	3290.4067718102	7723.3079993729	93.0765900226084	10020.732858837	0.266071409058832	2051.49760679086	133.715998907036	16165.3181762734	0.291997208909372	3453.84795977979
"367"	1652400060.48246	3350.1919926773	7325.48904324209	78.5744317603658	8372.35789833112	0.264355358593444	2053.88361552961	123.106474961225	14208.1392649819	0.290521028872376	3048.13860566087
"368"	1652402458.38221	3755.15403878679	7192.28977516015	94.3211173618479	9070.06190049199	0.263711279785939	2307.34171981487	122.636986444113	14073.3781163121	0.275831696462911	3182.16614022434
"369"	1652404859.3208	4678.03921520496	7182.23889475818	122.650238766495	11905.4156102669	0.377167766019376	2915.91690652643	123.460369245837	13477.2052865427	0.244747424416357	3139.46299956596
"370"	1652407258.74311	3799.45294296772	7603.01229871324	80.4943875540935	7928.54065968909	0.24418830087203	2195.37974536684	130.427017634688	14159.6177673794	0.273722365482945	3366.94050897679
"371"	1652409657.31955	3633.89873273295	7309.19836098196	86.1129750459542	8322.27154059041	0.265911594670334	2180.30979024858	125.935717436374	12996.9749046817	0.288100070858484	3295.43857641994
"372"	1652412057.86842	4397.72302921023	7805.60484483081	100.651761767824	9517.15821034204	0.297232972601434	2554.52077981859	126.540354887989	13219.3661669819	0.261694869251748	3290.17656788762
"373"	1652414456.37343	4005.02523571371	7598.95154435095	91.781683770353	8326.98541518413	0.269750051058284	2463.65172465133	130.066305148351	13005.187402482	0.268214605595892	3397.67441788555
"374"	1652416854.58647	5594.83476562743	7758.15212388836	138.983090480417	12373.7628682446	0.390159975178842	3293.07973173723	166.248441699705	15362.0692571381	0.336018127101639	3572.42644619198
"375"	1652419255.19674	6194.27647940072	7885.45839414837	92.9211189796471	9974.53992852007	0.278055500323667	2809.69253399561	139.480696373013	16312.9284028937	0.296143246734647	3291.38065374689
"376"	1652421654.52256	4530.23508432131	7733.62684298989	88.1351799312099	9259.93285102328	0.305122241417513	2437.95041038961	126.044031948037	15316.8423226949	0.34239629963135	3207.13295049805
"377"	1652424052.71679	5497.3748808457	7738.12912426413	106.750127244242	11236.9891089907	0.332621423366148	2875.36265167712	139.12644463222	16041.9506407988	0.293342746845865	3291.23712144806
"378"	1652426452.56767	5871.94959128691	7614.81904785451	102.824910243842	10715.9479090666	0.336129080533208	3041.94126498366	126.96129055997	14456.5856596136	0.260491451256883	3206.34737395935
"379"	1652428851.54511	7588.8027968968	8300.8771114898	129.052931203905	12771.6126662282	0.442892439155098	4170.14691695925	147.25372157341	15086.9158899007	0.307715341145741	3445.41506199957
"380"	1652431250.8609	6490.44340484282	7870.39529215585	98.3067925970722	9664.41649990446	0.303351612165716	3326.19081562187	155.561276489876	14409.8367037622	0.298919041164468	3398.60721455475
"381"	1652433649.95363	6151.05134561293	7639.5748240468	103.349049515114	10348.2871503745	0.29004814680715	3020.18819545174	138.408990079432	14193.2634097249	0.314376511712578	3440.53264369836
"382"	1652436048.22807	5952.16798339602	9654.29222501764	96.2263441664037	9851.30342711561	0.250858575206265	2943.03812093876	167.365343997318	17466.0633240662	0.322969618308939	4085.98096333656
"383"	1652438448.13784	9796.48699662931	11512.2215418347	162.846474398174	15902.0718867086	0.468810678761398	4896.15559667309	170.363957821893	19631.2658747556	0.317992279050076	4009.82954486569
"384"	1652440846.98997	9415.68713503407	8935.34160804463	102.469084610443	11597.3687928742	0.286431082636068	3489.56756414927	126.617854427772	14538.6207539015	0.257934373279447	3081.03866587125
"385"	1652443247.54887	7152.81560549059	9672.66044133283	87.2692288796301	9823.58158807453	0.245269475706862	2879.47959777336	147.191028210493	18027.0455645339	0.28664047442129	3599.10819010263
"386"	1652445645.6203	10659.7616522257	12059.2469974086	131.794790663876	15897.7072608914	0.326265509629872	4240.68931371412	168.564436628953	19348.950193312	0.271427996376647	4008.17180181644
"387"	1652448045.74436	10636.1049222415	15774.9896413084	102.222543381527	11963.9814346049	0.243393778556667	3788.01990077201	166.480213457818	21975.3699450068	0.245383496201635	4664.10229025199
"388"	1652450445.28195	11986.5115344203	19497.6924382917	116.01246353831	13390.1850279495	0.339018155332328	4146.42832979671	161.369912961416	22073.7810203516	0.340412414709746	5146.73682649303
"389"	1652452844.80326	10314.6836706987	19875.5613433992	92.246248020948	11468.1300126986	0.231502509163947	3487.61618280218	148.559046464084	18724.1773514253	0.286571850750405	4961.52447834873
"390"	1652455244.90476	9918.35595722412	17368.160821426	101.383739691548	11649.4527330451	0.256274264312669	3524.22863047424	145.903267848871	17885.7117363697	0.301446101331231	4863.06344735123
"391"	1652457643.31579	8531.5125375101	20327.4815664004	88.4915188471009	10333.3343007421	0.205073177326641	3180.94281625257	182.506330396736	21981.9859686475	0.28042834988525	5680.42381674127
"392"	1652460043.19298	12152.0979979901	15985.2703976481	127.712852483768	16476.5812474088	0.293632490098418	3722.75851301026	138.817388580486	17748.965131177	0.294107440023957	3710.0108723313
"393"	1652462442.30827	6979.95821468349	8806.25013859794	74.6195333082546	8817.43977871227	0.208841475156994	2499.1796622619	69.7899077485122	9219.27114306201	0.112092399804459	2222.82009480271
"394"	1652464842.20551	5753.60903730962	7370.02786461352	87.3229044874706	10411.4882181217	0.228380339803953	2409.12393183699	124.604383609936	15024.1885209179	0.2570449430075	2711.08147711916
"395"	1652467241.51754	5012.63573817679	8338.70774357162	86.3191459323055	10038.9983833848	0.251298895478614	2278.73132455811	146.019051279613	16678.6746528766	0.298147345407241	3093.47393758183
"396"	1652469640.75815	5995.99762742091	8205.8180990316	93.3207518965779	10186.7870969769	0.280096177720595	2680.53259977642	132.391189509445	14921.4918299849	0.277140080726617	3195.80455151629
"397"	1652472040.01504	6695.17734771695	8297.2939214479	120.705572770812	12430.0766449089	0.314459048651903	3055.35007863954	147.384613304878	15149.4694207187	0.26883905190218	3268.22236781565
"398"	1652474440.24561	6700.28056447519	7974.89019741972	94.9973789761884	10069.7630267948	0.240873201034336	3024.87220863429	148.957019436818	14636.6008957249	0.295033672168314	3292.29700677826
"399"	1652476839.68546	6935.04624241825	9703.229300885	119.667670547233	11348.3053276743	0.281839060715473	3402.40346729636	181.565044079541	17671.5553646627	0.316545724649803	4300.66693783168
"400"	1652479238.08647	7997.68683294847	7476.26338643549	103.238853739939	12156.2407275889	0.230592012501158	2907.17378835264	118.975972020625	13480.8386400006	0.187289506067928	2694.87723216838
"401"	1652481637.58271	4830.93713519074	7565.11046794151	72.0188071335193	8296.86971321886	0.194156640587305	2030.54251736229	135.279852343142	15837.7303080668	0.248801274330809	3034.1623780796
"402"	1652484036.33459	5629.9541870828	7738.17374743533	121.749746443648	13694.9564114609	0.31428850898669	2737.00670815694	134.400110367549	16089.9892032972	0.25615913952932	3128.36326292643
"403"	1652486435.92607	5500.91219705275	7627.96231088958	91.7700962617068	10524.4161497227	0.262172302237487	2539.61243709567	130.327347862156	15104.0191013498	0.275873184993711	3103.57858715272
"404"	1652488834.44361	5357.92893164943	7727.50206451168	91.4338067314375	10104.048228945	0.25379898121967	2531.43773176925	149.259757738146	15545.5292835684	0.236697200369574	3281.00807421166
"405"	1652491234.18672	5815.51742172921	7517.70371761914	95.6047763107062	10101.9388661257	0.250540247379405	2704.81685041284	135.991161155541	13584.8282117705	0.250946656341819	2931.50873949194
"406"	1652493634.13534	5455.64763331123	7433.13068862727	90.351177829685	9828.86073106432	0.225783430160842	2607.39920658815	124.841947708091	13407.9856146793	0.267121367502361	3107.27966436157
"407"	1652496032.93233	5760.2597875911	8010.67768091908	97.6710360287563	10067.4235319687	0.261141782252235	2684.85079601971	141.592113599046	14461.2484751837	0.224634168390779	3351.51969015269
"408"	1652498432.49749	5859.61153824404	8074.29779078206	101.103473461878	10468.2739757784	0.237390410959114	2736.27232607611	146.701966048725	13821.5227078195	0.224976722049167	3496.45549238307
"409"	1652500832.0802	4650.7789429715	7475.02599672344	82.2364179039463	8426.76204990357	0.216893788231168	2325.86179587806	129.801138338196	12647.8855267235	0.222030453667	3246.69877722455
"410"	1652503231.27569	5539.97760056601	8279.11323058694	107.245628151792	11083.7115643088	0.276764816572438	2948.48215880291	172.195688903558	17036.9624999182	0.317892389826875	3622.28777559202
"411"	1652505630.95489	5612.80501897858	8121.08562647892	84.9776869001144	10055.6045229482	0.229269831034445	2338.86797435862	142.074111180141	16586.8093428628	0.276822882092183	3280.08802756889
"412"	1652508028.16667	4887.2935214987	8181.23614819854	87.231200442077	10335.6024409329	0.216909475014629	2268.24002556918	143.306788703633	16597.1588188033	0.265269053274914	3596.20952416219
"413"	1652510426.79198	4995.78442628467	7714.47861536582	86.3676493865202	10659.3766972164	0.262178485288675	2424.47005576137	140.722455295096	15700.0571150321	0.2533108730173	3283.46031801007
"414"	1652512828.33459	5438.08526917338	7768.18681604382	110.311701559045	12680.4957159426	0.336032091631897	2904.23885371808	137.411545507233	14907.6014109829	0.344003103824622	3297.30561471555
"415"	1652515226.98246	5488.04602335819	8124.30031712582	92.981648287714	10272.6560873663	0.289774334305348	2644.02835387408	149.331732033814	14555.5844603862	0.321925947545462	3487.89672416617
"416"	1652517626.65789	5034.05849174365	7508.9802661702	92.6409577034363	9757.26801544948	0.2432810333769	2488.58822703554	149.080425188101	14471.5067661083	0.354671923033328	3451.24176450042
"417"	1652520025.93609	7410.28843378848	9486.94517642556	130.395323433264	13020.4706065427	0.363969463240562	3516.18638465265	176.896258485249	17493.3361107036	0.410260345135223	4100.6187454921
"418"	1652522425.24812	8841.6339989864	10531.7825514436	109.968336632588	11750.0484039381	0.355608438854152	3851.26871509504	162.554888205922	15478.2624396168	0.371509431133505	3893.8345245668
"419"	1652524824.42857	12006.9654005692	14955.7634533777	147.221028491803	15848.9007978556	0.400769036884707	4781.90257925446	204.936575056677	25808.7198565521	0.43334414877948	4964.54381380554
"420"	1652527223.54261	9310.27238004614	14174.2571804759	91.6320935236508	11998.9400694618	0.276122254347954	3121.87367861245	138.120180445422	16027.449647139	0.283019520264167	3736.78516213122
"421"	1652529622.5802	9294.21005268259	15470.3821680853	108.505209645337	13675.038190796	0.282928813055615	3338.56413031591	120.845340441256	15832.7371967008	0.272819780122938	3424.16216840031
"422"	1652532021.89975	11515.8203336969	16803.348548385	105.976984750906	14282.9775985677	0.422401377116589	3846.60854616761	131.069020974032	17629.8877647291	0.3171722449879	3848.5496442722
"423"	1652534421.91604	12069.7386698122	16448.6789411073	103.520176753052	14466.6013859638	0.296496443324556	3795.19197326669	146.698349946235	17776.3022503179	0.240421359472915	3958.28516885554
"424"	1652536820.07519	13944.7219443092	18322.387400147	113.994651268181	15192.4451201935	0.23135184564263	3964.101193761	150.415381405991	19041.6287060291	0.277442610012604	4270.58876467227
"425"	1652539219.50877	13448.8	18611.2119639639	97.595579249475	11708.0656740831	0.107947367940636	3288.04795961156	154.24852580445	19847.5807423751	0.378903745360153	4589.84997303855
"426"	1652541618.13033	12800.5144480109	17050.7819600356	93.2997661489136	12142.0810382208	0.237550775088559	3169.45195926157	136.895676117955	16200.3675633055	0.301285896659921	4138.28042980636
"427"	1652544018.22932	11542.0688288505	17047.4225183102	100.521096073288	12811.8644671545	0.298786424468937	3664.50986093907	131.871262501499	16744.8327942579	0.274188370345983	4231.84314586788
"428"	1652546417.03885	11555.2841826804	14173.6458578487	98.8599396703404	14635.3612271582	0.19737052177575	3193.65869972016	105.732918380685	13796.9062474131	0.200953906167866	2806.47483697975
"429"	1652548817.27945	8447.35049168484	7414.35537769198	80.9128109656985	11102.9552116841	0.209890083529425	2739.19604305337	105.973165020807	12999.0685756554	0.237081592730727	2249.80996996917
"430"	1652551215.43233	6562.29126935208	7877.40943803706	87.3160284731536	11489.9464977227	0.253806951997988	2536.13247878985	134.516233108338	16506.8817399366	0.293708803755318	2681.2109690804
"431"	1652553615.47118	6138.10498599474	8131.93801771747	95.9821337112767	11864.3750382439	0.248153506593242	2555.09873774628	152.577599585081	17097.2725156661	0.263749137282386	3013.61341218774
"432"	1652556015.05639	5790.50732209807	7655.36345802857	84.4054855065362	10193.6307055646	0.245510725372332	2367.94005226895	138.637379296364	14737.9491599018	0.273774660392291	3018.78162855992
"433"	1652558414.11905	4830.60780448153	7299.75454212161	79.920892968166	8827.87093377176	0.202087189210651	2156.36635776753	135.199584234085	13797.2335573637	0.25543977289515	2949.2531803791
"434"	1652560813.89098	4626.45472325372	7768.56495487497	88.4006820726618	9274.79211468626	0.256094485842073	2276.26446367265	137.194220653768	14155.9966016061	0.240541139900591	3157.70154844134
"435"	1652563212.51754	5198.72957657907	8406.86211887828	91.062087097092	9496.34953601806	0.276323022581311	2419.13762953381	184.594194869188	17632.7974916756	0.360146937861547	3762.7785806363
"436"	1652565611.94987	6209.50775326676	7388.34250550316	106.231781578508	12379.7743835608	0.280923124419181	2426.52404313863	136.368277957369	16870.5010909998	0.290289069677091	2719.27729933929
"437"	1652568011.41353	3487.7175017472	7120.33255317306	69.2138493607115	8008.67283044462	0.16780041994105	1634.44977204385	129.224851879063	15808.0585720152	0.247655799070228	2997.51859820838
"438"	1652570410.57143	4868.79342880356	7472.81036441049	130.934098718188	15000.3699170886	0.322107820122973	2594.08178881933	144.290609530938	16602.6921827743	0.256213851854588	3108.5511428156
"439"	1652572809.48872	4376.38544310396	7492.84585226773	96.1173496360139	10634.3826149736	0.228098276449187	2277.76368045888	145.551187988142	16259.3626864524	0.232379171678991	3127.8113579836
"440"	1652575209.38596	5232.42410322466	8054.89768879905	105.47048722506	10808.8686805678	0.222518688270554	2399.06700534399	148.87148855659	16796.4548703425	0.275345646823433	3419.78590836311
"441"	1652577609.41855	4628.09747280186	7866.89784953732	97.819201311854	10100.1756289383	0.225534819561506	2352.56515727859	163.417209814372	16374.6773174631	0.307911871717969	3347.54957040251
"442"	1652580007.63534	4791.05510735021	7645.21081378932	103.510000345335	10257.6404115495	0.251693675143475	2472.71979621044	146.306096196761	14874.5135027261	0.256058828902213	3355.65930485356
"443"	1652582407.95614	6308.08047188708	7767.44903648526	139.501500924227	13057.1119973269	0.32153806606194	3220.08394442502	154.856710654585	14744.801179896	0.242402089740576	3274.67363638144
"444"	1652584806.64536	5251.47104058503	7688.08348219999	99.3014114647425	9788.66236814012	0.243154817189591	2632.80672401803	156.947940151797	14231.5585720791	0.227450612122537	3311.94635803959
"445"	1652587205.19173	5271.23269932791	7685.00084505842	109.664059911318	10487.3214488822	0.270476110324998	2822.08663051204	152.65982752169	13374.2790350676	0.250433283452412	3356.85530453762
"446"	1652589604.43609	6176.03085444127	7676.30133068993	122.089453311839	10925.1665362979	0.268500913216031	3046.24484016907	153.375291087065	13963.6718850798	0.27262098492221	3578.62964073775
"447"	1652592004.63659	8229.62368860452	8340.62929758407	167.957478933914	16608.4060372262	0.316369991840499	3905.52979723021	156.009656753191	17681.6399667611	0.287672713101952	3004.20394813584
"448"	1652594404.00501	5448.68902739844	7581.94316226153	92.7177514628953	9973.42983895988	0.217298952285483	2365.95730474486	140.59878222438	15406.6107078946	0.275664373746632	3414.07765058278
"449"	1652596804.599	5906.75509085173	7777.82449303264	105.440569273522	11505.3160077855	0.253422495469427	2636.35641463332	150.102854517667	16701.2921132264	0.321343572393721	3357.14571678099
"450"	1652599202.24687	7306.3071091893	8886.8976245046	117.701407909863	13188.8185585011	0.279881710402332	3404.16104692857	183.273417891611	18880.4992723223	0.336858018870909	3880.92743669509
"451"	1652601601.96491	10450.0420372333	10080.0257392171	148.269437580995	15690.813676681	0.40787363254783	4611.01337777346	178.737360610059	17717.9331038373	0.333770781063657	4038.99948013389
"452"	1652604000.68421	9848.80196676229	11685.1293236459	115.236255061985	11630.5088765917	0.223884777381664	4808.41558302518	194.429616829642	18402.9640840616	0.347101994203313	4409.0650905671
"453"	1652606399.56266	11714.8755978849	11652.1861825029	144.533059151857	14518.2661182928	0.349662153006107	4528.0337123561	180.116457111118	16588.937120484	0.357143535088822	4476.14192299049
"454"	1652608797.98622	12861.7980525857	16377.2102250213	127.013120044786	13355.2223988354	0.320922121853829	4536.75023490473	155.372023047904	14893.9222002082	0.179859002672903	4496.82639786675
"455"	1652611199.41228	13982.269268967	25253.3970957145	100.360582766172	10512.7461624053	0.160035281128144	3563.90136156222	211.10879112736	26956.9585806875	0.287802933437485	6065.92482320357
"456"	1652613598.06516	14009.750370551	25517.2744672591	106.723857599604	13083.0009590414	0.201574104312078	3441.48333571577	229.745178454202	26947.3620949385	0.2936457878341	5800.50452220059
"457"	1652615997.64411	13945.7764044294	25535.1395414655	102.744001745798	11760.1435256613	0.185385168346974	3213.27056133165	204.378611213972	25478.416452667	0.278726918877829	5837.82635102117
"458"	1652618395.90977	14037.7599316612	25880.8344557083	99.532607176902	12395.7965016248	0.0959304378768014	3264.35425708095	216.249620725676	25108.7009096444	0.391597463775676	5671.74427075795
"459"	1652620796.87845	14013.6231431331	25430.7836284681	105.58914453944	12861.7640840222	0.182162376523262	3166.46817359468	216.248306736373	25677.7655967955	0.405635672547931	5792.13338488114
"460"	1652623195.45113	14015.6099469779	25264.6351959255	105.509761964149	12047.252875839	0.163909011825701	3115.36758943075	219.886317018234	27548.6220412456	0.445768542480472	5865.98327598462
"461"	1652625594.54887	14101.8747903382	25295.2000280295	103.890986632845	11924.2141970091	0.277158934659116	3128.99911985929	215.076305551518	23661.5950912578	0.232168406981495	5647.63231281387
"462"	1652627993.79449	14065.5357557063	25648.2860814128	107.065608758317	13135.8856598317	0.183817197224952	3632.41112662175	208.401553773752	21525.900044452	0.189183812762566	5490.01445558746
"463"	1652630393.84712	13943.699366639	25108.3550012451	105.559026157922	11380.8127732956	0.332245540851225	3423.78813188981	202.21638027754	22856.9008998051	0.416880109210362	5975.66662085015
"464"	1652632793.14787	14029.5859357206	21598.8321532724	107.768719190127	15167.9486715824	0.310614970373435	3161.45336520108	174.486544310663	19971.6929268065	0.331071783262419	4455.52508629992
"465"	1652635192.70802	14060.0988460629	17289.6164567145	104.264650101873	12157.67605944	0.259936022451011	3242.19248808905	161.333075454399	18498.8710699888	0.370150497837073	4009.85468141646
"466"	1652637591.32581	12368.7421238719	15620.1369877621	82.5686614541056	9214.35128711249	0.191329224293892	2683.29999608569	137.952614017933	16192.4528546101	0.204301574972077	3539.09445836625
"467"	1652639990.26942	12174.3937154263	14247.4475506463	127.720188543217	14832.4485199768	0.307648941568786	3784.2750399837	131.471874329872	15455.7861434935	0.257804711813176	3373.80068572239
"468"	1652642389.2381	8479.98667658569	9167.51609066156	103.327858852202	10829.6456426234	0.218870216006336	2984.47903451131	128.044473464598	13197.4237445495	0.202413811964399	2811.43827822342
"469"	1652644789.5	7182.653829651	7885.03048062151	102.608185089677	10821.9643739051	0.245788752405775	2731.40608419047	147.607856046596	14986.6572312637	0.319024411920602	2959.18813662837
"470"	1652647188.26316	5049.16184121899	7577.65791718869	90.6628701494863	9700.25032998559	0.209048345578043	2309.81971988655	161.333155952157	14888.9753710676	0.216987683909469	3109.37319599041
"471"	1652649587.90351	5643.7345836365	8385.10885271877	117.3436756919	11621.7495522878	0.313901390830811	2829.06172232331	179.848267615322	17317.045993326	0.315440313655243	3615.03653626122
"472"	1652651986.96867	5524.68024390846	8055.15106273443	93.1520541138029	10884.7863807598	0.176595033154802	2099.97296715992	160.370745002957	18564.772162559	0.261626118904304	2842.13286581879
"473"	1652654386.73559	3003.68877905097	6860.52626257627	66.1116420852703	7936.2787625559	0.153437541748879	1367.3424833846	140.657877628227	15898.8850343242	0.249265761008531	2874.59730596987
"474"	1652656786.67544	4142.99946190081	7195.19194514544	118.724342994165	13670.6309318518	0.236038136411996	2049.45478993828	154.956804076948	17345.1411705105	0.305705794713498	3151.74735340251
"475"	1652659185.71053	4695.46564244462	7964.80528521037	112.880371733681	12929.2944373371	0.290473407175884	2380.98339721597	160.912277790041	17717.7610734203	0.264805294207049	3506.63452259446
"476"	1652661585.42982	5306.72172929847	8103.35500052733	116.285588585394	12077.7552986704	0.224918070577554	2564.38102779645	165.67364148226	17456.5788061923	0.288337872803527	3494.26408570581
"477"	1652663984.56642	5114.96727414732	7956.40208971895	100.903904470649	10452.1558293022	0.240503638577097	2344.03755786095	174.07283181334	16276.2369128646	0.247132152088164	3546.3039489699
"478"	1652666384.07018	4792.59206166915	7906.28241212948	114.224759524546	11362.0511761062	0.255450063993135	2493.05084476108	161.924302877156	15897.1935792727	0.298894454196272	3505.78857773608
"479"	1652668783.32331	4586.31567816464	7912.79383014854	105.051122209427	9633.35942752124	0.219776164478925	2301.00917126811	164.997109752324	15203.3903348338	0.296304027418394	3552.27644919191
"480"	1652671182.54511	4956.77113280449	7799.07851319081	124.585972951126	11506.3223619229	0.276000643283967	2658.26141599203	167.519752898614	14956.5271958545	0.313401574065294	3539.23204990741
"481"	1652673581.05263	4278.39359370311	8259.94692751947	100.781033391078	8997.56195385876	0.236585752358652	2284.67570714272	171.098156173059	15588.1733717656	0.326254624424338	3694.20697366718
"482"	1652675980.15915	6304.03047596076	8220.89991152955	133.747126258128	12567.0241722238	0.320302549778488	3228.6008691473	202.364023301117	17579.8928636082	0.351458964807587	3791.73079495499
"483"	1652678379.43985	6495.69059892738	7527.35249089722	115.356170053767	12284.9389790073	0.319888115265242	2729.07535941697	159.034350730103	16093.4473229991	0.329350160332187	3111.58230656514
"484"	1652680778.55514	6052.22682412153	8260.54682394032	101.583539244768	11201.1900102234	0.304752313952344	2659.04982050767	168.292292698834	17744.8038968972	0.377403779154374	3546.67614322809
"485"	1652683178.93734	8223.42451518401	9407.50106423128	131.267948820264	13814.0338631982	0.308750888039408	3524.03825206823	187.186439369944	19576.0935994106	0.360542168962616	3876.41751800177
"486"	1652685578.46115	11131.7731717775	10909.0029331556	144.140035884769	15318.3974186166	0.376342477704986	4151.15772997392	187.149175999757	18640.0990243076	0.337579339024439	4237.19627518642
"487"	1652687977.74311	11573.7914771021	14925.1042570904	132.485021893172	13361.7089694527	0.312277139081726	4138.85903123595	245.336618011373	21542.6437792645	0.411897548265251	5129.74516014295
"488"	1652690376.52882	12416.3569700541	17587.7949051101	156.246024554102	13904.7605733295	0.389632650715361	4600.06878741054	206.471995842361	18817.3115623819	0.304133644316237	5230.92606894075
"489"	1652692776.42732	14015.6206414921	22678.6141363935	161.528926557416	15991.5046012297	0.415213861923114	5083.99719173852	183.431812601284	18280.0560099905	0.275627455011082	5327.65271580958
"490"	1652695175.87093	13825.1169717318	20949.1065015349	121.556943022704	12429.3668295655	0.397053729843342	4994.21018065776	172.808476314062	16325.3242987951	0.306141866544886	4714.33747271238
"491"	1652697576.1604	14044.5763618125	24535.8079572842	121.114044753209	14302.6783004515	0.192991316989224	5026.16746298414	200.931485185636	23651.7634773473	0.332400507837736	5185.30334085891
"492"	1652699974.91103	14087.3798326336	23164.5732487241	107.476402704233	13129.8889357037	0.215975779414222	3174.66905811206	205.653535629729	24315.240467672	0.317203820458315	5128.04321606088
"493"	1652702373.19674	14141.0446541952	25676.9102031756	134.238127048523	15894.9641300123	0.203659234475883	3430.97077116565	200.250711111269	25575.8038336046	0.289310303802787	4930.34874421594
"494"	1652704773.12281	14036.904035235	24837.5058498973	113.737753774839	14451.631309264	0.281169189570065	3036.81141263111	204.973280868835	24725.3694018152	0.32795121418209	4891.31565631259
"495"	1652707172.82957	14141.0194415911	26043.1739896657	98.8109703433576	12367.7060361009	0.204739227132879	2817.07724390133	230.701805833472	27786.8892244629	0.482467310748864	5683.31823938984
"496"	1652709571.66667	14084.3171190897	25749.8427052363	103.11949732024	12668.5142709514	0.175110313598865	2940.02666250331	206.157524699194	24968.3681127183	0.441583842889812	5449.32779480209
"497"	1652711970.70677	14091.7348161264	25865.8292555764	97.5416142385634	12239.4157782261	0.167649940179426	2964.64643101364	214.269174382777	23887.9108238942	0.32212314359111	5402.07230774896
"498"	1652714370.95363	14128.8361191864	25828.3773538334	100.7239686204	11977.7046997382	0.276429798617259	3196.68707995747	236.604506663824	23809.8172512262	0.492051787618874	5674.9185539608
"499"	1652716770.32581	14159.8743103744	23756.6625394675	109.233060868932	13891.4342893681	0.351139803499806	3442.00426406515	200.283276166173	20843.8519873614	0.43483993043458	5199.62499133384
"500"	1652719170.28822	14156.55334391	21236.1299364251	109.29691114117	16025.2051848274	0.21056561462416	3019.71048704185	172.805047614746	21301.1678994082	0.282517252394753	3962.86011791903
"501"	1652721569.38972	13448.9111886916	17393.6807295804	81.1167589253657	11817.2820295466	0.19162369551304	2709.86351300433	163.690044714341	19468.8300042729	0.34331654779794	3650.42266575161
"502"	1652723968.63784	11242.2265702714	16061.2686633198	120.581803907259	13187.2801463058	0.347854349316162	3140.38397409325	172.581391640014	19613.2603926902	0.268001541818315	3964.01534935918
"503"	1652726367.93484	11408.3363368719	16010.0745239385	150.840687221553	14813.3057477113	0.448229982459873	3660.14305702759	164.840960502726	19535.0962388399	0.312304310255912	3802.09359563549
"504"	1652728767.27193	10815.5596110095	14741.4330655751	127.545255667355	12377.6939676735	0.37038783049083	3280.35594714638	122.640720299104	14928.4929607612	0.225262783388956	3124.27648237039
"505"	1652731167.15789	9532.99539578243	11562.0836070646	122.192855093411	11271.9753508737	0.335512390990612	2922.76457896697	142.183408241759	14390.2306012846	0.282272606391779	3066.89269824154
"506"	1652733566.01253	7142.12003131942	8384.04731203531	121.499496646123	10431.5717289202	0.229464976233599	2678.29178076629	155.389000872298	13385.845883666	0.207791384951408	2837.0489837301
"507"	1652735965.09399	7143.1062295355	8753.19879414896	128.170368769909	11649.1533243949	0.245587553431191	2850.72778160285	173.274007737046	16902.8655856122	0.233384216481885	2663.39057726919
"508"	1652738364.87093	7874.16348028483	7708.85915408505	133.433780530285	13449.1852279034	0.267271536707582	2576.47206147792	163.05022077253	15982.5729769159	0.251288286102206	2549.4548283019
"509"	1652740765.07895	4785.99021346109	7644.92729865348	97.2653205277522	9994.0611600264	0.221852520310589	1840.568726666	198.783575004225	17295.6050544055	0.21967414548883	2927.7631820962
"510"	1652743163.96742	6713.96376062558	8720.41197870956	147.865686041521	13323.2072210511	0.26577586313044	2783.17833223141	196.391938602408	19184.9155453019	0.301105169325525	3414.86801524982
"511"	1652745564.40852	6384.77184586468	8039.34776713957	144.927248904769	13285.2645558274	0.275409707160657	2581.55532529635	189.890204355733	17076.5590980848	0.309876863513812	3227.16818830699
"512"	1652747962.38346	6992.496765372	7931.07263013881	145.855944911692	12626.830807753	0.313544732858198	2901.40561726238	210.408520142779	18547.6518216899	0.336943529980035	3177.24266816358
"513"	1652750361.75439	7102.28232574469	8428.28800698763	134.3387632764	11009.4115315966	0.298598803936358	2626.04731337265	199.492600491307	17827.6081610046	0.237583386988996	3460.96974648257
"514"	1652752760.12907	6044.63139692296	8163.5855888087	130.869953864295	11912.1054355104	0.257818220740957	2625.89646969441	192.129408306776	16560.7883565766	0.306233959718689	3452.70537911721
"515"	1652755158.95238	6202.66358611736	7961.16500027664	137.289336030399	11828.8952690141	0.278540617509878	2707.04665817508	186.275373987304	15823.4188914507	0.286970445469793	3462.69287966851
"516"	1652757559.92732	5622.41031486621	7588.82803361356	125.214101425689	10652.7816773421	0.285117806250684	2528.42783023146	182.601931734687	14928.4016527794	0.288820617998254	3300.61824476865
"517"	1652759959.1416	6068.38225960869	8210.62457180688	139.370268897942	11122.7657721499	0.297581777390595	2654.20078185856	177.101684126365	14281.5020345123	0.227731833890059	3247.28388769528
"518"	1652762357.54887	9498.41588637983	9935.07615651859	291.70476713838	18014.6496838002	0.678867940459024	4605.92997756132	250.642025647802	19535.8728314139	0.420157032290861	4293.90922767766
"519"	1652764758.62281	7117.72678341021	8081.9963142124	125.91459458837	11276.0053151697	0.277597471735218	2667.67564386931	162.572306727138	15319.331684371	0.277439837375102	3047.92477595076
"520"	1652767157.36967	6628.65651445384	8711.30313278834	131.032663656201	12128.7805736069	0.303747484186986	2762.20420291184	201.190760121754	18406.866704782	0.349259339519453	3445.13573877351
"521"	1652769556.04135	8308.20147575743	10148.101852584	169.22436550145	14784.6015847553	0.419875892315893	3592.62201873583	209.267109000752	18534.5358113951	0.342722378918572	3799.15183479335
"522"	1652771955.23559	10319.9895365771	12907.9176949205	187.266873099663	15236.3041012414	0.364412471886315	3687.87217654311	247.051558967408	21367.3363089032	0.398577677159194	4695.32183236625
"523"	1652774354.49248	13362.9124099737	17962.1173760322	208.875324636203	16232.593433912	0.421538278968629	4584.42599246847	206.648548945459	19858.3672022465	0.407726403087618	4565.84420236813
"524"	1652776753.36341	14287.9713858461	26180.0452575225	128.759139437004	13867.9506270777	0.337003601823031	3798.02678600719	236.79621364233	24987.5601749106	0.330488897085292	5823.78593926678
"525"	1652779153.47118	14304.1243509479	25978.5935411434	118.310505492001	13412.2582715204	0.279282831848585	3480.10043421612	226.629489095204	24263.3773296607	0.696034845422911	5943.3852499097
"526"	1652781552.67544	14306.4291064139	26164.8653741407	121.278582917514	15254.7936677439	0.39124243068722	3588.41064010915	142.152526850747	17304.5094711423	0.476383230127512	3940.16075396661
"527"	1652783952.37719	14269.9618410134	26166.0156183222	106.885638214025	12268.308973663	0.478697546443276	3017.73024360635	243.584376795691	26952.3543307413	0.661148724951935	5459.64328441162
"528"	1652786351.0213	14213.4508152321	26111.8515570099	92.895563741249	12194.5936430755	0.300615101926364	2526.74771142553	219.239550865939	24327.4893450354	0.568245577207328	5049.31239489552
"529"	1652788749.47619	14344.0215616328	26010.9484921346	100.064595068691	12765.8517048332	0.552307754060894	2773.50266481383	240.766524273997	24566.0024375615	0.621692471184299	4677.09762118278
"530"	1652791147.5213	14462.8395748708	27660.4145485872	146.269498399119	16221.3786195829	0.484075225125336	3637.55078177575	230.709362396528	22898.9988121955	0.345439300831368	4324.06216682513
"531"	1652793548.92231	14505.9944950228	27857.6056911462	120.914180084448	14979.3995919883	0.196337897000442	3376.47157944335	170.49721743358	20063.9533345839	0.248936576661709	4955.23988623363
"532"	1652795947.31579	14546.5016774441	27174.0656312329	121.507787474042	14943.7166178131	0.26202337266376	3292.52956527192	162.028838417023	19118.2097810496	0.278800485024725	4455.27508895989
"533"	1652798346.55764	14478.2577831142	27685.0696625039	125.402210482743	14736.652000576	0.426978092587441	3752.77523457661	150.663371653031	15433.9050141706	0.383673172173251	4079.06962931062
"534"	1652800747.0614	14502.8108014584	27519.8646751973	121.950932798727	14577.1860954207	0.438378238248702	3450.15628269816	221.123935727394	22003.5889263402	0.58193804603726	3827.19029613272
"535"	1652803145.54762	14547.3808565621	25758.9851532878	118.385988122467	14419.7261765969	0.417871890038568	3526.76927124094	188.728572731766	18300.8346233531	0.347096365791279	3355.79800675121
"536"	1652805544.96115	14265.2828158766	26179.8937461279	131.418603632974	17782.0599691736	0.385237795602618	3325.01625159627	225.470227326112	25174.6524293576	0.459669307423012	4387.17590978819
"537"	1652807945.33083	14312.5420317372	26025.57432528	100.727258745435	12359.5303166114	0.321003015979064	2586.4362786986	227.079098446823	22806.5686579587	0.557668264778565	4991.38331514954
"538"	1652810344.28195	14290.5672797943	26353.2031819822	135.017527688253	15023.463117503	0.315200605958394	3006.48340899443	249.522883510844	26850.9624237242	0.484868971433434	5459.00786553182
"539"	1652812744.08897	14181.5569714754	25114.5874614087	106.541957060204	12046.5540692413	0.423675769786439	3160.21780296333	222.773831664363	22264.9987531158	0.634908222640284	4981.54231747591
"540"	1652815143.17544	14138.8361136099	21705.1859910303	118.394240257553	13555.8241000432	0.299678683472984	3158.72388997181	179.670838526214	17813.573535637	0.393275734429466	4331.23223243465
"541"	1652817542.99248	14180.3143532926	18325.6716688919	106.071165532336	12767.8037728244	0.433428913293607	3465.50536519485	163.143473561752	16416.779411363	0.442087140965783	4023.9115314591
"542"	1652819941.23308	13463.4610578949	15973.8862686363	109.615907569121	12288.6743994773	0.417313001816864	3469.22874032738	135.262284801573	14372.5395844468	0.338529907054158	3503.04991790974
"543"	1652822339.84085	11201.8345886858	15101.3736106907	109.033148430554	10814.9640583055	0.26763276322125	3090.55841126937	156.983918410361	17445.6013407763	0.133446645183618	3034.66867251157
"544"	1652824739.99875	10943.5098503368	10075.8906704923	157.386222390977	16139.6267208342	0.302300512141895	2966.53545996103	142.810063695268	14812.1436290013	0.217493182896137	2761.01317739699
"545"	1652827138.89348	7244.71583046666	8415.55502688113	123.14505468645	11720.6813858299	0.263384101568078	2521.328092277	180.206829108111	17067.100905315	0.319215406516306	3055.33064423756
"546"	1652829538.4812	7150.12367424535	8854.91793268424	153.146864799403	15351.9830125461	0.480277899025103	2822.24091451909	181.291475423548	17267.4641642387	0.498963878221761	3186.51919484411
"547"	1652831938.2381	7972.50852434409	8386.29204207644	166.66075502809	15639.8609725536	0.615906581775189	3169.23154162943	188.203473281552	17278.535162832	0.587889528815461	3354.08488033522
"548"	1652834337.77193	7837.07912299063	8043.89499945885	139.417411556821	12561.5529354951	0.592012680611258	2976.55754295635	190.861007215413	16657.12120033	0.654420429028201	3464.89543105623
"549"	1652836736.94361	8226.21769096287	8114.49566338639	158.381350222325	13975.5221059622	0.663971454653778	3347.20791667475	189.101638435959	16797.9025051773	0.629308055313936	3566.07982761382
"550"	1652839135.63033	7935.06950081147	7827.49677182897	154.781561639788	12434.5788638364	0.652517108365975	3231.42717247604	189.727890788134	16034.8342570028	0.654436393049965	3439.01148341788
"551"	1652841536.72932	6505.40494410543	7705.75755911152	135.47501462314	11579.8993820537	0.543051624661883	2760.30452924442	190.561385080057	15544.9599621515	0.570068964758416	3432.70715148283
"552"	1652843934.59524	7221.12940882007	8557.03296267164	154.54049348923	12564.8258455425	0.613148350636318	3164.82374891059	206.862324238824	16245.6421667348	0.623836738419111	3836.84421626569
"553"	1652846333.66792	6499.10514013852	7930.29611546257	138.720668279904	11095.5140840123	0.574089402461293	2926.92758912804	193.23459956346	14364.6663711774	0.664133031384563	3438.11785706964
"554"	1652848732.31328	9602.90715012677	10740.6773081208	367.1026471107	17598.8114398502	1.06177921527498	4399.54790511336	270.080584269614	19940.8422300748	0.92245327945332	4800.13414636354
"555"	1652851132.24311	8224.56704230962	7713.66835298382	177.749022481283	12551.4829210276	0.604946438582696	3044.25511935836	176.415395398322	14776.61469243	0.592818224118108	3325.6599444583
"556"	1652853533.43985	7809.17182886873	9322.48390998941	176.436386015569	15686.4643881377	0.706082382113439	3332.431565624	231.426078539488	19986.254836589	0.801868048366435	4237.38088879517
"557"	1652855930.44987	10647.337739979	11889.4929070272	193.895248035127	16814.0465639372	0.795885682332923	3977.99282387699	234.052166925773	20906.0250045542	0.938641511018888	4984.80166038562
"558"	1652858330.86466	14360.3707046826	17730.8294255842	180.099037321373	14997.344787233	0.476647745665787	4123.38829872589	198.942177573854	19035.8559744319	0.531913935177408	4574.91864774792
"559"	1652860731.18546	14381.090112712	26220.3277818265	107.619414302154	11557.0102051697	0.435033921234683	3034.98752378872	236.67994708351	24409.9587075723	0.630773468653937	6620.78180780283
"560"	1652863129.66165	14336.4845720817	25999.2232830426	157.928230473568	13490.4248159199	0.310652870127946	3753.1642545017	268.733450560602	25242.4110041956	0.437116588648562	6409.27264171781
"561"	1652865529.15664	14577.5658595495	27650.396583318	124.316658966	14181.6685139355	0.236712343595676	3474.71111112642	282.725571250345	27092.5780573285	0.428401630204478	6834.62073227515
"562"	1652867927.82206	14577.1013475133	26914.6775722132	125.171535270038	13975.3526635742	0.187137819968251	3525.77337231733	157.652274544556	16397.5489941793	0.234001842334059	4929.29858030724
"563"	1652870326.61529	14562.5049291888	26761.3541272965	144.11449398391	14535.3282666045	0.322563402694744	3596.76800895842	170.878844465839	18175.1478952512	0.368010081038334	4922.92688687795
"564"	1652872727.17669	14554.5080598744	26512.8648465677	147.734666914727	15284.2412338756	0.388886102561231	3335.89617384909	178.672551451642	18861.933624295	0.429129155435571	4971.7012467301
"565"	1652875125.64035	14665.4962185143	26798.172729232	126.493472949086	14161.205573996	0.351198536122473	3166.35173967397	171.044112775542	17654.1655459465	0.45407319801569	4357.95721361261
"566"	1652877525.43108	14502.6117687218	27254.9517633621	132.079192517518	15891.6232338476	0.362129958565963	3367.45903382443	175.049164576784	17858.091272059	0.444573211289334	4873.66862487723
"567"	1652879924.94737	14567.5890233884	26834.7836326989	155.2733768934	17504.3349094164	0.404284918603847	3644.97789164462	197.98329313649	18761.828805862	0.314415972204299	5232.69519249477
"568"	1652882323.92606	14594.0103580005	26721.4234966464	139.83950755598	16420.9301016656	0.390344006774547	3782.76700904926	181.092107084573	17871.6838406188	0.277398778367646	4943.91063657633
"569"	1652884723.99875	14607.3217671692	27305.488732958	149.616961124079	16866.3069287527	0.262574118397476	3962.97669609058	167.595689541622	15649.1444069644	0.100147930477225	4498.85487053039
"570"	1652887122.78321	14559.2835498803	26095.0463919563	149.312855912084	16361.0221819678	0.282698392734475	3708.50492450208	182.629650302685	16644.0091680679	0.194983478128739	4798.55783930136
"571"	1652889522.06516	14750.6759231394	26973.714361563	143.447301827399	15327.0654772212	0.295599145816657	3975.78349828753	179.159659439494	18308.7448990916	0.274366192663422	5114.63012665657
"572"	1652891921.87719	14653.5915319497	26654.8260433717	156.027133420921	18712.1783543144	0.306251264972027	3818.58796360238	174.681539845996	19260.7400189035	0.180542106911424	4759.76163672597
"573"	1652894321.27444	14633.9119374478	26070.2804204919	130.35936682684	15250.3213526203	0.256879700858092	3591.89540366171	151.107586682812	18347.7187391232	0.10620077013591	3227.29687904156
"574"	1652896722.2381	14633.9454725978	25899.5797038582	118.761014923887	15045.451961787	0.185432394480528	3367.40550740873	266.623438581009	27197.8682340499	0.241939441790945	4830.27833351884
"575"	1652899120.0802	14230.3266314817	25356.3795803516	142.996601595212	15097.9612468919	0.340548367149016	3656.22519766464	254.835492576919	23702.7734576282	0.304595240069866	4791.24290318597
"576"	1652901518.19549	14503.0045366101	25894.8635521015	149.266039285433	15243.1543235297	0.341294535876722	4112.6613133123	256.498505901928	24867.774867767	0.499277736865544	5927.93705509234
"577"	1652903918.18922	14225.2824678568	25983.1614190228	161.300860350027	14981.9895466444	0.406357274797857	3399.48007242796	270.838124320572	24463.0632399604	0.487903629102707	6117.35041241226
"578"	1652906317.86591	14207.0044801883	25613.239894352	125.930282728942	12012.2327822785	0.275203567940933	2953.49339390094	247.343394337547	21391.5796303352	0.376984312143765	5166.85897585966
"579"	1652908717.70802	14264.1402634119	24709.8316738463	140.887190939142	13670.7375011717	0.236996579932258	3460.29109026986	246.321993671764	23203.4922163609	0.351580315842759	4925.3060494576
"580"	1652911116.2193	14222.4694700362	23221.9226667873	130.589581194179	16149.3485079913	0.206796487855086	3070.29712014947	226.301275440442	21144.5701048832	0.256000736965853	5042.29169066174
"581"	1652913516.02632	14164.3345398249	21846.8216115951	132.329982424771	13829.1971669644	0.161842634765167	3632.52189936384	235.679382974381	20866.010295354	0.435768770537107	4783.95041697823
"582"	1652915914.97744	14278.7517156107	24382.0540378662	130.089060092407	14681.2342499061	0.248120703281649	3457.59624085622	220.90057365094	22955.2210781585	0.333918210858344	4849.86111393038
"583"	1652918314.29198	14240.2240085333	20313.8534804534	136.025371052323	15052.3593579591	0.230112631468121	3713.23181654243	264.20308310753	25159.0698253723	0.403386385049314	5661.81188474673
"584"	1652920713.45614	14240.7870402166	20661.5943428796	189.722036082352	16266.6430615442	0.387934142283414	4334.21908231434	240.252076605127	22488.6260602383	0.384736129952756	5039.087176531
"585"	1652923111.24185	14258.3491099376	17996.6370419979	143.289512065738	13577.2535424795	0.201851672240368	3848.41763137596	204.78667550624	18156.2412703972	0.286533211452039	4430.92219247419
"586"	1652925512.99875	14183.9048075956	19120.9592555329	145.740395244962	13239.6212301179	0.386497815182161	3570.79293736254	225.837291606185	18811.3324219137	0.297749747550656	4661.89646917951
"587"	1652927912.39599	14243.7300718539	18774.9044870264	149.488100393636	13247.0175121255	0.331709794372019	3959.88903259439	200.280743148782	17543.9995516516	0.22015473515367	4469.62045827099
"588"	1652930312.50125	14144.555341985	17939.7000845993	118.772212008102	12414.4146059659	0.187739492405727	3274.85878734629	189.85232338635	15822.5616111384	0.183119371893424	4209.34328951858
"589"	1652932710.5802	14209.215881378	17140.5518639027	131.422041054934	13616.2953948979	0.205779906357394	3595.60772487559	182.939154282658	15210.8812577187	0.215416001138084	4067.00291070077
"590"	1652935110.35464	14245.8683525757	23359.1478060686	148.236435630583	13791.3984755272	0.244984165307986	3727.34667248387	279.495766909017	22490.498800312	0.371382543283912	5759.99506669742
"591"	1652937510.25564	14265.0852093588	18623.0598650281	117.759406196447	13295.7722083559	0.208901260742967	3289.91523237254	207.18879964097	19402.0906140826	0.378598263623147	4474.11822649057
"592"	1652939908.91103	14259.6829337983	18777.2759264114	112.672937373934	13688.2360871965	0.245285557854204	3506.92054329081	235.077042903067	22262.114127889	0.370143627129919	5217.99165223718
"593"	1652942307.29825	14374.5700977845	22023.9261634573	124.856498177631	15510.8401926316	0.271217877242413	3468.83064267705	223.593966358798	22149.6599889393	0.389225065926568	5508.50149280362
"594"	1652944708.27318	14345.5759637966	23644.6763305519	109.368221551961	12835.0222768222	0.1897353227169	3394.01048333083	288.552908564911	24881.6705970432	0.381496142690039	5882.99458959674
"595"	1652947107.93609	14351.23189256	22114.9667879467	144.924519520973	12808.7357206314	0.196417173233278	3847.7392523851	237.725936198438	21642.472742424	0.303043794310018	5237.48183943299
"596"	1652949506.65163	14359.1989682412	20615.2901910605	145.021142816613	14496.125281434	0.279969629400482	3873.1876586479	230.300176506045	20472.5921614322	0.355566554421119	4995.702286766
"597"	1652951905.92607	14296.2683146926	24283.7128273099	129.947477694822	12673.5883577129	0.170843735457728	3483.96995595792	251.029215195055	23494.866809908	0.490712788840535	5880.82935243604
"598"	1652954306.24185	14303.4457507053	25431.6143674124	137.408841253523	13264.6033027307	0.338140680580879	3616.42812509463	258.123273222109	23429.9838420509	0.334040732436367	5797.32672283813
"599"	1652956705.32456	14300.2010485298	25157.1943692005	132.785212602157	13417.0574598647	0.210121060477633	3407.12794092851	292.683950731989	29387.7661153158	0.436325778847301	6639.81931868374
"600"	1652959104.33709	14171.5993736878	25688.9356612472	109.495461919318	15007.7876481863	0.158151125290823	2995.5062451095	238.946259838964	25714.463499434	0.312469156080888	5825.73851007539
"601"	1652961503.11529	14198.1958182719	25493.9186991523	158.467654472295	17299.4462536136	0.210876479362189	3407.76324315265	270.271123611427	26472.8878988302	0.39968853384772	5859.918452369
"602"	1652963902.30201	14298.9362264139	25793.0110133292	130.832969679294	14169.0033239028	0.296812303774205	3313.25873461792	288.736873403637	29449.0807923695	0.516911164823116	6294.9885664979
"603"	1652966302.31579	14256.8971628822	25558.6509927482	148.557853515733	15804.8965001477	0.290934723358849	3403.63743678374	279.057412763004	25720.082867131	0.361989076943154	5434.91500262434
"604"	1652968702.62531	14278.3927174682	25173.99915249	151.918363219839	16625.9970624596	0.234371140706723	3624.93602480942	275.747109663436	25408.4149066704	0.252559048534391	5663.90595186311
"605"	1652971101.44737	14297.3788783055	25962.7582872517	146.753105515115	15061.5430930655	0.254729514425847	3563.48983114808	265.988908490713	22352.1147797193	0.354093314300499	5066.04608218506
"606"	1652973500.39975	14610.513528794	25252.175413776	153.437511674245	15645.8701240127	0.285694069565664	3713.88200577347	285.675394973597	25931.050617051	0.355808692701605	5511.37543361724
"607"	1652975899.83333	14638.6058364156	24875.8726220544	155.230699878304	16482.5273273136	0.361215732635288	4141.70793969902	289.603969394601	23844.2175617617	0.375331609801427	5897.65496408397
"608"	1652978298.43108	14267.3685100375	25504.086334821	152.256917888289	18975.2391593033	0.30978156736836	3669.34015415332	265.387085809258	28879.8718394916	0.249263682880449	5251.35744875477
"609"	1652980697.7619	14238.6604322329	25284.8324143702	146.497611940322	15436.0333190159	0.191617155709484	3250.04629837533	290.475832798397	26273.197073563	0.4914733892761	5916.80461101251
"610"	1652983097.43609	14318.3910377432	25463.9679594362	141.828667279523	15316.9433356536	0.199904620017529	3326.75134941028	286.815812230799	27650.0038565744	0.577015903984493	5906.77990152667
"611"	1652985496.1792	14375.5387679722	25008.976093983	142.853055827372	14957.5878675621	0.255773350605896	3392.78576667385	257.987400329689	23986.3251579497	0.398058873476709	5469.50966596699
"612"	1652987895.7619	14424.7687660557	22196.335010597	150.820728434447	15095.5970022051	0.275556318121102	3542.1278286453	246.334356363037	20834.4512500339	0.422902289919355	5217.10689112776
"613"	1652990295.37719	14371.3670433616	21003.3533590798	151.751884260501	14581.9821269278	0.35059920019915	3799.97414955092	227.11758013491	19420.004995276	0.313468144536171	5103.77595245375
"614"	NA	14438.1425895438	NA	152.640015597866	13240.4260363188	0.343706583472465	3849.76770181452	NA	NA	NA	NA
"615"	1653053677.78321	14415.969562496	25475.923822197	-1.20712117457549	722.95292190974	-0.0341947403414436	17.1806697783545	253.445544926596	24315.1099793594	0.218288134612976	4847.53086376019
"616"	1653056077.12281	14572.8842779235	25241.5742939997	127.232230778481	14050.8522376298	0.191116112776499	3123.29837808524	262.63286245769	23143.0011872155	0.223698286881075	4712.34016177831
"617"	1653058475.71429	14438.5263456626	26029.9226903704	137.039129254789	13521.3519637378	0.336048929088112	3268.00440479119	273.944279811521	23635.0160416259	0.475647708931454	4976.06051052127
"618"	1653060876.65288	14477.6882609199	25201.2342220697	143.267727612961	14130.812969951	0.25470117109899	3836.24198032214	267.671548244904	21920.8606619395	0.356446674426487	4737.87662022462
"619"	1653063274.6015	14439.5489399194	25524.360746417	179.855749475066	18220.8483278006	0.462844313438746	4419.07415899547	291.397907496655	24449.1309785027	0.433435805219986	5392.82493092011
"620"	1653065674.17043	14376.0541164727	23320.0972076954	143.104176143462	15489.6242457463	0.30414169596844	3547.91082400077	241.373552020717	23111.6255673292	0.352527804536048	4269.48893647933
"621"	1653068074.71053	14433.3599734633	22701.5722329896	145.322292350848	15149.2964399456	0.267412619749736	3390.97950630735	243.660672224466	22538.689815366	0.31893422282755	4511.98100909959
"622"	1653070473.57895	14349.0022263115	23393.3746502549	144.122199653284	15854.5486750624	0.32499143290831	3584.75731661393	264.561376586486	25013.6974081294	0.575665397507459	5188.36104982899
"623"	1653072871.6792	14364.8490427001	21822.9604033536	166.525193354785	16464.1618827153	0.372186870753422	3819.36201124732	254.793881043548	22434.0535317673	0.464330645307883	4948.32323763397
"624"	1653075272.63283	14394.0251206748	20533.4919081366	137.419793003615	13647.2667844866	0.29553640150519	3555.37517262691	260.492187993369	22571.1440662888	0.429652950193611	4711.46511400543
"625"	1653077670.71554	14372.9667637497	16862.0365418624	155.789220236388	14247.442994137	0.424915883848267	3875.22053268965	208.765147521539	17525.0667481471	0.488372590852875	3936.28567145249
"626"	1653080071.2218	13965.4796568803	18779.9936745777	127.504385016714	11688.0822088599	0.365901694064373	3239.07619868844	276.821190588282	20604.7717098158	0.527385711941047	4813.04455698864
"627"	1653082469.93233	14483.898416542	15970.1469964572	171.040830593327	14728.8720249466	0.462656064121877	4003.22277152888	189.670308964657	18842.3144440945	0.299506590023369	3411.34647640724
"628"	1653084868.95614	13220.0904833283	14267.2504307447	144.222305894314	14266.5568614928	0.416125782648322	3187.04033976296	200.817082423026	18424.319115049	0.35792276619075	3482.98000246794
"629"	1653087269.21805	9575.44154814946	14196.4232087684	144.43145811672	14028.2976813695	0.381689566425211	3301.60128671665	242.784850485732	22033.3494861169	0.506504966825881	3903.41566192735
"630"	1653089666.93985	9381.63223624175	14221.4550428709	154.098551741909	14849.3949158572	0.4325699600208	3245.70903088496	NA	NA	NA	NA
